<html><head></head><body><pre style="word-wrap: break-word; white-space: pre-wrap;">&gt;P16495
Amino Acid	probability_DNA	binary_DNA	probability_RNA	binary_RNA
M	0.1146	0	0.0000	0
I	0.0167	0	0.0000	0
E	0.0068	0	0.0000	0
L	0.0010	0	0.0000	0
E	0.0007	0	0.0000	0
F	0.0100	0	0.0000	0
H	0.0096	0	0.0000	0
D	0.0055	0	0.0000	0
V	0.0106	0	0.0000	0
A	0.0230	0	0.0000	0
A	0.0569	0	0.0000	0
N	0.4808	1	0.0000	0
T	0.2717	0	0.0000	0
S	0.2516	0	0.0000	0
S	0.3890	1	0.0000	0
T	0.3414	0	0.0000	0
F	0.0548	0	0.0000	0
D	0.0257	0	0.0000	0
P	0.0098	0	0.0000	0
E	0.0149	0	0.0000	0
V	0.0034	0	0.0000	0
A	0.0007	0	0.0000	0
Y	0.0012	0	0.0000	0
A	0.0010	0	0.0000	0
N	0.0020	0	0.0000	0
F	0.0003	0	0.0000	0
K	0.0013	0	0.0000	0
R	0.0060	0	0.0000	0
V	0.0113	0	0.0000	0
H	0.0015	0	0.0000	0
T	0.0012	0	0.0000	0
T	0.0021	0	0.0000	0
G	0.0061	0	0.0000	0
L	0.0010	0	0.0000	0
S	0.0267	0	0.0000	0
Y	0.0100	0	0.0000	0
D	0.0153	0	0.0000	0
H	0.0558	0	0.0000	0
I	0.0020	0	0.0000	0
R	0.3132	0	0.0000	0
I	0.0311	0	0.0000	0
F	0.0219	0	0.0000	0
Y	0.0441	0	0.0000	0
I	0.0092	0	0.0000	0
K	0.5332	1	0.0000	0
G	0.0850	0	0.0000	0
R	0.6695	1	0.0000	0
E	0.5805	1	0.0000	0
I	0.0936	0	0.0000	0
K	0.6849	1	0.0000	0
T	0.2629	0	0.0000	0
S	0.7505	1	0.0000	0
L	0.0918	0	0.0000	0
A	0.7989	1	0.0000	0
K	0.6772	1	0.0000	0
R	0.2115	0	0.0000	0
S	0.1376	0	0.0000	0
E	0.1391	0	0.0000	0
W	0.1621	0	0.0000	0
E	0.3263	0	0.0000	0
V	0.0122	0	0.0000	0
T	0.3884	1	0.0000	0
L	0.0059	0	0.0000	0
N	0.5236	1	0.0000	0
L	0.2452	0	0.0000	0
G	0.0152	0	0.0000	0
G	0.0191	0	0.0000	0
W	0.0034	0	0.0000	0
K	0.1318	0	0.0000	0
I	0.0038	0	0.0000	0
T	0.0032	0	0.0000	0
V	0.0018	0	0.0000	0
Y	0.0040	0	0.0000	0
N	0.0523	0	0.0000	0
T	0.1360	0	0.0000	0
N	0.2587	0	0.0000	0
F	0.2300	0	0.0000	0
P	0.2715	0	0.0000	0
G	0.2547	0	0.0000	0
N	0.1675	0	0.0000	0
R	0.1826	0	0.0000	0
N	0.0245	0	0.0000	0
N	0.0121	0	0.0000	0
P	0.0090	0	0.0000	0
V	0.0015	0	0.0000	0
P	0.0022	0	0.0000	0
D	0.0070	0	0.0000	0
D	0.0024	0	0.0000	0
G	0.0020	0	0.0000	0
L	0.0025	0	0.0000	0
T	0.1570	0	0.0000	0
L	0.0240	0	0.0000	0
H	0.7021	1	0.0000	0
R	0.6752	1	0.0000	0
L	0.0090	0	0.0000	0
S	0.3044	0	0.0000	0
G	0.1930	0	0.0000	0
F	0.1245	0	0.0000	0
L	0.0029	0	0.0000	0
A	0.0010	0	0.0000	0
R	0.0182	0	0.0000	0
Y	0.0019	0	0.0000	0
L	0.0003	0	0.0000	0
L	0.0004	0	0.0000	0
E	0.0014	0	0.0000	0
K	0.0009	0	0.0000	0
M	0.0004	0	0.0000	0
L	0.0012	0	0.0000	0
K	0.0008	0	0.0000	0
V	0.0003	0	0.0000	0
S	0.0004	0	0.0000	0
E	0.0005	0	0.0000	0
P	0.0004	0	0.0000	0
E	0.0007	0	0.0000	0
K	0.0011	0	0.0000	0
L	0.0002	0	0.0000	0
I	0.0002	0	0.0000	0
I	0.0002	0	0.0000	0
K	0.0042	0	0.0000	0
S	0.0016	0	0.0000	0
K	0.0013	0	0.0000	0
I	0.0007	0	0.0000	0
I	0.0198	0	0.0000	0
N	0.1899	0	0.0000	0
P	0.0519	0	0.0000	0
L	0.0234	0	0.0000	0
A	0.0065	0	0.0000	0
E	0.0045	0	0.0000	0
K	0.0200	0	0.0000	0
N	0.0018	0	0.0000	0
G	0.0007	0	0.0000	0
I	0.0003	0	0.0000	0
T	0.0044	0	0.0000	0
W	0.0104	0	0.0000	0
N	0.0078	0	0.0000	0
D	0.0088	0	0.0000	0
G	0.0012	0	0.0000	0
E	0.0007	0	0.0000	0
E	0.0022	0	0.0000	0
V	0.0006	0	0.0000	0
Y	0.1114	0	0.0000	0
L	0.0005	0	0.0000	0
S	0.0026	0	0.0000	0
F	0.0012	0	0.0000	0
F	0.0029	0	0.0000	0
P	0.0014	0	0.0000	0
G	0.0038	0	0.0000	0
S	0.0009	0	0.0000	0
E	0.0006	0	0.0000	0
M	0.0007	0	0.0000	0
F	0.0003	0	0.0000	0
L	0.0002	0	0.0000	0
G	0.0003	0	0.0000	0
T	0.0009	0	0.0000	0
F	0.0003	0	0.0000	0
R	0.0013	0	0.0000	0
F	0.0008	0	0.0000	0
Y	0.0160	0	0.0000	0
P	0.0013	0	0.0000	0
L	0.0007	0	0.0000	0
A	0.0002	0	0.0000	0
I	0.0004	0	0.0000	0
G	0.0012	0	0.0000	0
I	0.0009	0	0.0000	0
Y	0.0450	0	0.0000	0
K	0.3471	0	0.0000	0
V	0.0041	0	0.0000	0
Q	0.0080	0	0.0000	0
R	0.0709	0	0.0000	0
K	0.0036	0	0.0000	0
E	0.0009	0	0.0000	0
M	0.0009	0	0.0000	0
E	0.0022	0	0.0000	0
P	0.0012	0	0.0000	0
K	0.0058	0	0.0000	0
Y	0.0155	0	0.0000	0
L	0.0010	0	0.0000	0
E	0.0173	0	0.0000	0
K	0.2688	0	0.0000	0
T	0.0093	0	0.0000	0
M	0.0327	0	0.0000	0
R	0.7681	1	0.0000	0
Q	0.0445	0	0.0000	0
R	0.7810	1	0.0000	0
Y	0.0328	0	0.0000	0
M	0.0027	0	0.0000	0
G	0.0025	0	0.0000	0
L	0.0005	0	0.0000	0
E	0.0004	0	0.0000	0
A	0.0004	0	0.0000	0
A	0.0010	0	0.0000	0
T	0.0006	0	0.0000	0
W	0.0014	0	0.0000	0
T	0.0052	0	0.0000	0
V	0.0008	0	0.0000	0
S	0.0007	0	0.0000	0
K	0.0011	0	0.0000	0
L	0.0007	0	0.0000	0
T	0.0002	0	0.0000	0
E	0.0002	0	0.0000	0
V	0.0001	0	0.0000	0
Q	0.0007	0	0.0000	0
S	0.0003	0	0.0000	0
A	0.0001	0	0.0000	0
L	0.0001	0	0.0000	0
T	0.0003	0	0.0000	0
V	0.0001	0	0.0000	0
V	0.0002	0	0.0000	0
S	0.0004	0	0.0000	0
S	0.0008	0	0.0000	0
L	0.0011	0	0.0000	0
G	0.0197	0	0.0000	0
W	0.6457	1	0.0000	0
K	0.4901	1	0.0000	0
K	0.8609	1	0.0000	0
T	0.9210	1	0.0000	0
N	0.9193	1	0.0000	0
V	0.4703	1	0.0000	0
S	0.4812	1	0.0000	0
A	0.2149	0	0.0000	0
A	0.0211	0	0.0000	0
A	0.0056	0	0.0000	0
R	0.0381	0	0.0000	0
D	0.0050	0	0.0000	0
F	0.0094	0	0.0000	0
L	0.0011	0	0.0000	0
A	0.0062	0	0.0000	0
K	0.1234	0	0.0000	0
F	0.0248	0	0.0000	0
G	0.0258	0	0.0000	0
I	0.0213	0	0.0000	0
N	0.2450	0	0.0000	0
M	0.1071	0	0.0000	0
</pre></body></html>