<html><head></head><body><pre style="word-wrap: break-word; white-space: pre-wrap;">&gt;H2AM13
Amino Acid	probability_DNA	binary_DNA	probability_RNA	binary_RNA
M	0.0726	0	0.0000	0
S	0.0066	0	0.0000	0
S	0.0026	0	0.0000	0
Q	0.0019	0	0.0000	0
F	0.0004	0	0.0000	0
I	0.0004	0	0.0000	0
F	0.0005	0	0.0000	0
E	0.0010	0	0.0000	0
D	0.0015	0	0.0000	0
V	0.0057	0	0.0000	0
P	0.0129	0	0.0000	0
Q	0.0280	0	0.0000	0
R	0.3401	0	0.0000	0
N	0.1377	0	0.0000	0
A	0.1428	0	0.0000	0
A	0.3411	0	0.0000	0
T	0.2832	0	0.0000	0
F	0.0995	0	0.0000	0
N	0.0172	0	0.0000	0
P	0.0073	0	0.0000	0
E	0.0120	0	0.0000	0
V	0.0025	0	0.0000	0
G	0.0005	0	0.0000	0
Y	0.0018	0	0.0000	0
V	0.0009	0	0.0000	0
A	0.0019	0	0.0000	0
F	0.0002	0	0.0000	0
I	0.0006	0	0.0000	0
G	0.0017	0	0.0000	0
K	0.0319	0	0.0000	0
Y	0.0024	0	0.0000	0
G	0.0042	0	0.0000	0
Q	0.0035	0	0.0000	0
Q	0.0094	0	0.0000	0
L	0.0015	0	0.0000	0
N	0.0383	0	0.0000	0
F	0.0198	0	0.0000	0
G	0.0044	0	0.0000	0
V	0.0341	0	0.0000	0
A	0.0019	0	0.0000	0
R	0.2960	0	0.0000	0
V	0.0234	0	0.0000	0
F	0.0431	0	0.0000	0
F	0.0624	0	0.0000	0
L	0.0490	0	0.0000	0
N	0.6089	1	0.0000	0
Q	0.0507	0	0.0000	0
K	0.6447	1	0.0000	0
K	0.7019	1	0.0000	0
A	0.1728	0	0.0000	0
K	0.7287	1	0.0000	0
M	0.2781	0	0.0000	0
V	0.8143	1	0.0000	0
L	0.1163	0	0.0000	0
H	0.8071	1	0.0000	0
K	0.6871	1	0.0000	0
T	0.1850	0	0.0000	0
A	0.1558	0	0.0000	0
Q	0.1431	0	0.0000	0
P	0.1550	0	0.0000	0
S	0.4510	1	0.0000	0
V	0.0170	0	0.0000	0
D	0.5538	1	0.0000	0
L	0.0066	0	0.0000	0
T	0.5574	1	0.0000	0
F	0.3029	0	0.0000	0
G	0.0182	0	0.0000	0
G	0.0217	0	0.0000	0
V	0.0033	0	0.0000	0
K	0.1904	0	0.0000	0
F	0.0046	0	0.0000	0
T	0.0032	0	0.0000	0
V	0.0014	0	0.0000	0
V	0.0013	0	0.0000	0
N	0.0186	0	0.0000	0
N	0.1351	0	0.0000	0
H	0.2755	0	0.0000	0
F	0.2748	0	0.0000	0
P	0.2981	0	0.0000	0
Q	0.3280	0	0.0000	0
Y	0.1078	0	0.0000	0
V	0.3108	0	0.0000	0
S	0.0549	0	0.0000	0
N	0.0139	0	0.0000	0
P	0.0105	0	0.0000	0
V	0.0041	0	0.0000	0
P	0.0049	0	0.0000	0
D	0.0166	0	0.0000	0
N	0.0049	0	0.0000	0
A	0.0043	0	0.0000	0
I	0.0048	0	0.0000	0
T	0.3189	0	0.0000	0
L	0.0351	0	0.0000	0
H	0.7845	1	0.0000	0
R	0.7257	1	0.0000	0
M	0.0091	0	0.0000	0
S	0.3704	1	0.0000	0
G	0.2173	0	0.0000	0
Y	0.1386	0	0.0000	0
L	0.0029	0	0.0000	0
A	0.0011	0	0.0000	0
R	0.0310	0	0.0000	0
W	0.0036	0	0.0000	0
I	0.0004	0	0.0000	0
A	0.0004	0	0.0000	0
D	0.0004	0	0.0000	0
T	0.0002	0	0.0000	0
C	0.0002	0	0.0000	0
K	0.0005	0	0.0000	0
A	0.0003	0	0.0000	0
S	0.0004	0	0.0000	0
V	0.0004	0	0.0000	0
L	0.0006	0	0.0000	0
K	0.0007	0	0.0000	0
L	0.0006	0	0.0000	0
A	0.0003	0	0.0000	0
E	0.0003	0	0.0000	0
A	0.0002	0	0.0000	0
S	0.0030	0	0.0000	0
A	0.0017	0	0.0000	0
Q	0.0011	0	0.0000	0
I	0.0004	0	0.0000	0
V	0.0091	0	0.0000	0
M	0.1124	0	0.0000	0
P	0.0239	0	0.0000	0
L	0.0171	0	0.0000	0
A	0.0056	0	0.0000	0
E	0.0040	0	0.0000	0
V	0.0225	0	0.0000	0
K	0.0027	0	0.0000	0
G	0.0015	0	0.0000	0
C	0.0005	0	0.0000	0
T	0.0065	0	0.0000	0
W	0.0174	0	0.0000	0
A	0.0057	0	0.0000	0
D	0.0077	0	0.0000	0
G	0.0023	0	0.0000	0
Y	0.0009	0	0.0000	0
T	0.0030	0	0.0000	0
M	0.0008	0	0.0000	0
Y	0.1354	0	0.0000	0
L	0.0005	0	0.0000	0
G	0.0032	0	0.0000	0
F	0.0011	0	0.0000	0
A	0.0020	0	0.0000	0
P	0.0006	0	0.0000	0
G	0.0022	0	0.0000	0
A	0.0006	0	0.0000	0
E	0.0004	0	0.0000	0
M	0.0006	0	0.0000	0
F	0.0003	0	0.0000	0
L	0.0002	0	0.0000	0
D	0.0003	0	0.0000	0
A	0.0003	0	0.0000	0
F	0.0002	0	0.0000	0
D	0.0009	0	0.0000	0
F	0.0006	0	0.0000	0
Y	0.0197	0	0.0000	0
P	0.0011	0	0.0000	0
L	0.0005	0	0.0000	0
V	0.0002	0	0.0000	0
I	0.0003	0	0.0000	0
E	0.0008	0	0.0000	0
M	0.0006	0	0.0000	0
H	0.0191	0	0.0000	0
R	0.3303	0	0.0000	0
V	0.0038	0	0.0000	0
L	0.0086	0	0.0000	0
K	0.0632	0	0.0000	0
D	0.0039	0	0.0000	0
N	0.0013	0	0.0000	0
M	0.0020	0	0.0000	0
D	0.0030	0	0.0000	0
V	0.0017	0	0.0000	0
N	0.0070	0	0.0000	0
F	0.0075	0	0.0000	0
M	0.0006	0	0.0000	0
K	0.0104	0	0.0000	0
K	0.2123	0	0.0000	0
V	0.0103	0	0.0000	0
L	0.0278	0	0.0000	0
R	0.7221	1	0.0000	0
Q	0.0549	0	0.0000	0
R	0.8663	1	0.0000	0
Y	0.1896	0	0.0000	0
G	0.0067	0	0.0000	0
T	0.0067	0	0.0000	0
M	0.0010	0	0.0000	0
T	0.0005	0	0.0000	0
A	0.0014	0	0.0000	0
E	0.0019	0	0.0000	0
E	0.0010	0	0.0000	0
W	0.0323	0	0.0000	0
M	0.0186	0	0.0000	0
T	0.0007	0	0.0000	0
Q	0.0009	0	0.0000	0
K	0.0013	0	0.0000	0
I	0.0005	0	0.0000	0
T	0.0001	0	0.0000	0
E	0.0001	0	0.0000	0
I	0.0001	0	0.0000	0
K	0.0007	0	0.0000	0
A	0.0003	0	0.0000	0
A	0.0001	0	0.0000	0
F	0.0001	0	0.0000	0
N	0.0002	0	0.0000	0
S	0.0001	0	0.0000	0
V	0.0001	0	0.0000	0
G	0.0004	0	0.0000	0
Q	0.0009	0	0.0000	0
L	0.0015	0	0.0000	0
A	0.0457	0	0.0000	0
W	0.9148	1	0.0000	0
A	0.5930	1	0.0000	0
K	0.8972	1	0.0000	0
S	0.9214	1	0.0000	0
G	0.9273	1	0.0000	0
F	0.6120	1	0.0000	0
S	0.5028	1	0.0000	0
P	0.2222	0	0.0000	0
A	0.0168	0	0.0000	0
A	0.0111	0	0.0000	0
R	0.1522	0	0.0000	0
T	0.0054	0	0.0000	0
F	0.0157	0	0.0000	0
L	0.0044	0	0.0000	0
Q	0.0101	0	0.0000	0
Q	0.1185	0	0.0000	0
F	0.0171	0	0.0000	0
G	0.0105	0	0.0000	0
I	0.0099	0	0.0000	0
N	0.2710	0	0.0000	0
I	0.1721	0	0.0000	0
</pre></body></html>