<html><head></head><body><pre style="word-wrap: break-word; white-space: pre-wrap;">&gt;Q9RSK9
Amino Acid	probability_DNA	binary_DNA	probability_RNA	binary_RNA
M	0.0000	0	0.2138	1
K	0.0000	0	0.3302	1
L	0.0000	0	0.0191	0
H	0.0000	0	0.1430	0
D	0.0000	0	0.1435	0
L	0.0000	0	0.0140	0
K	0.0000	0	0.1444	0
P	0.0000	0	0.0385	0
T	0.0000	0	0.2931	1
P	0.0000	0	0.2482	1
G	0.0000	0	0.3712	1
S	0.0000	0	0.6157	1
R	0.0000	0	0.9335	1
K	0.0000	0	0.9059	1
D	0.0000	0	0.1628	1
R	0.0000	0	0.8631	1
K	0.0000	0	0.9650	1
R	0.0000	0	0.9914	1
V	0.0000	0	0.9708	1
G	0.0000	0	0.9214	1
R	0.0000	0	0.9742	1
G	0.0000	0	0.7016	1
P	0.0000	0	0.6696	1
G	0.0000	0	0.9124	1
G	0.0000	0	0.9402	1
T	0.0000	0	0.9365	1
D	0.0000	0	0.9605	1
K	0.0000	0	0.9361	1
T	0.0000	0	0.8967	1
A	0.0000	0	0.9802	1
G	0.0000	0	0.9677	1
R	0.0000	0	0.9670	1
G	0.0000	0	0.9414	1
H	0.0000	0	0.8562	1
K	0.0000	0	0.9746	1
G	0.0000	0	0.9034	1
Q	0.0000	0	0.7712	1
K	0.0000	0	0.9471	1
S	0.0000	0	0.8346	1
R	0.0000	0	0.9830	1
S	0.0000	0	0.8417	1
G	0.0000	0	0.8249	1
A	0.0000	0	0.8327	1
G	0.0000	0	0.8657	1
K	0.0000	0	0.4749	1
G	0.0000	0	0.9060	1
A	0.0000	0	0.7095	1
F	0.0000	0	0.9468	1
F	0.0000	0	0.9012	1
E	0.0000	0	0.4091	1
G	0.0000	0	0.4810	1
G	0.0000	0	0.2564	1
R	0.0000	0	0.3549	1
S	0.0000	0	0.4834	1
R	0.0000	0	0.6018	1
L	0.0000	0	0.5575	1
I	0.0000	0	0.6484	1
A	0.0000	0	0.5309	1
R	0.0000	0	0.9535	1
L	0.0000	0	0.3655	1
P	0.0000	0	0.3079	1
K	0.0000	0	0.9382	1
R	0.0000	0	0.5735	1
G	0.0000	0	0.8834	1
F	0.0000	0	0.9871	1
N	0.0000	0	0.9439	1
N	0.0000	0	0.9427	1
V	0.0000	0	0.9033	1
G	0.0000	0	0.7441	1
T	0.0000	0	0.8393	1
T	0.0000	0	0.2524	1
Y	0.0000	0	0.2399	1
E	0.0000	0	0.0331	0
V	0.0000	0	0.3249	1
V	0.0000	0	0.0149	0
K	0.0000	0	0.7443	1
L	0.0000	0	0.1498	0
S	0.0000	0	0.2799	1
Q	0.0000	0	0.5448	1
L	0.0000	0	0.0291	0
Q	0.0000	0	0.0497	0
D	0.0000	0	0.0218	0
L	0.0000	0	0.0311	0
E	0.0000	0	0.0016	0
D	0.0000	0	0.0012	0
T	0.0000	0	0.0028	0
T	0.0000	0	0.0040	0
F	0.0000	0	0.0035	0
D	0.0000	0	0.0053	0
R	0.0000	0	0.0054	0
D	0.0000	0	0.0036	0
T	0.0000	0	0.0177	0
L	0.0000	0	0.0035	0
E	0.0000	0	0.0029	0
A	0.0000	0	0.0155	0
Y	0.0000	0	0.2669	1
R	0.0000	0	0.0494	0
L	0.0000	0	0.0203	0
V	0.0000	0	0.0713	0
R	0.0000	0	0.1462	0
R	0.0000	0	0.0797	0
K	0.0000	0	0.0976	0
N	0.0000	0	0.1053	0
R	0.0000	0	0.0187	0
P	0.0000	0	0.0057	0
V	0.0000	0	0.0019	0
K	0.0000	0	0.0474	0
L	0.0000	0	0.0038	0
L	0.0000	0	0.2245	1
A	0.0000	0	0.1881	1
S	0.0000	0	0.1670	1
G	0.0000	0	0.0833	0
E	0.0000	0	0.2027	1
I	0.0000	0	0.0933	0
S	0.0000	0	0.5483	1
R	0.0000	0	0.3421	1
A	0.0000	0	0.4842	1
V	0.0000	0	0.0224	0
T	0.0000	0	0.2340	1
V	0.0000	0	0.0036	0
H	0.0000	0	0.0099	0
V	0.0000	0	0.0008	0
D	0.0000	0	0.0027	0
A	0.0000	0	0.0127	0
A	0.0000	0	0.1956	1
S	0.0001	0	0.9735	1
A	0.0000	0	0.6221	1
A	0.0000	0	0.3970	1
A	0.0000	0	0.0092	0
I	0.0000	0	0.0148	0
K	0.0000	0	0.0182	0
A	0.0000	0	0.2539	1
V	0.0000	0	0.0027	0
E	0.0000	0	0.0134	0
A	0.0000	0	0.1570	1
A	0.0000	0	0.0121	0
G	0.0000	0	0.0923	0
G	0.0000	0	0.0094	0
R	0.0000	0	0.0332	0
V	0.0000	0	0.0013	0
V	0.0000	0	0.0404	0
L	0.0000	0	0.0504	0
P	0.0000	0	0.0078	0
E	0.0000	0	0.0057	0
V	0.0000	0	0.0125	0
Q	0.0000	0	0.0078	0
T	0.0000	0	0.0172	0
Q	0.0000	0	0.0272	0
Q	0.0000	0	0.0236	0
D	0.0000	0	0.0093	0
D	0.0000	0	0.0079	0
A	0.0000	0	0.0111	0
Q	0.0000	0	0.0145	0
K	0.0000	0	0.1174	0
A	0.0000	0	0.0546	0
E	0.0000	0	0.0855	0
</pre></body></html>