<html><head></head><body><pre style="word-wrap: break-word; white-space: pre-wrap;">&gt;O25581
Amino Acid	probability_DNA	binary_DNA	probability_RNA	binary_RNA
M	0.0927	0	0.0004	0
P	0.1198	0	0.0001	0
F	0.0319	0	0.0000	0
I	0.0036	0	0.0000	0
N	0.1703	0	0.0007	0
I	0.0015	0	0.0000	0
K	0.0167	0	0.0000	0
L	0.0094	0	0.0000	0
V	0.0057	0	0.0000	0
P	0.0078	0	0.0000	0
E	0.0059	0	0.0000	0
N	0.0138	0	0.0000	0
G	0.0037	0	0.0000	0
G	0.0031	0	0.0000	0
P	0.0512	0	0.0000	0
T	0.0278	0	0.0000	0
N	0.0860	0	0.0000	0
E	0.0057	0	0.0000	0
Q	0.0068	0	0.0000	0
K	0.0855	0	0.0000	0
Q	0.0024	0	0.0000	0
Q	0.0010	0	0.0000	0
L	0.0002	0	0.0000	0
I	0.0002	0	0.0000	0
E	0.0026	0	0.0000	0
G	0.0008	0	0.0000	0
V	0.0002	0	0.0000	0
S	0.0019	0	0.0000	0
D	0.0009	0	0.0000	0
L	0.0002	0	0.0000	0
M	0.0002	0	0.0000	0
V	0.0004	0	0.0000	0
K	0.0008	0	0.0000	0
V	0.0003	0	0.0000	0
L	0.0004	0	0.0000	0
N	0.0021	0	0.0000	0
K	0.0013	0	0.0000	0
N	0.0074	0	0.0000	0
K	0.0318	0	0.0000	0
A	0.0047	0	0.0000	0
S	0.0057	0	0.0000	0
I	0.0004	0	0.0000	0
V	0.0018	0	0.0000	0
V	0.0002	0	0.0000	0
I	0.0002	0	0.0000	0
I	0.0001	0	0.0000	0
D	0.0006	0	0.0000	0
E	0.0010	0	0.0000	0
V	0.0005	0	0.0000	0
D	0.0018	0	0.0000	0
S	0.0099	0	0.0000	0
N	0.0317	0	0.0000	0
N	0.1176	0	0.0000	0
Y	0.3348	0	0.0001	0
G	0.1803	0	0.0000	0
L	0.2001	0	0.0000	0
G	0.1493	0	0.0000	0
G	0.0136	0	0.0000	0
E	0.0053	0	0.0000	0
S	0.0020	0	0.0000	0
V	0.0044	0	0.0000	0
H	0.0042	0	0.0000	0
H	0.0016	0	0.0000	0
L	0.0060	0	0.0000	0
R	0.1844	0	0.0000	0
Q	0.1323	0	0.0000	0
K	0.4531	1	0.0000	0
N	0.5744	1	0.0000	0
</pre></body></html>