<html><head></head><body><pre style="word-wrap: break-word; white-space: pre-wrap;">&gt;Q3ZD72
Amino Acid	probability_DNA	binary_DNA	probability_RNA	binary_RNA
M	0.0000	0	0.1161	0
D	0.0000	0	0.0377	0
P	0.0000	0	0.0160	0
I	0.0000	0	0.0330	0
R	0.0000	0	0.2085	1
S	0.0000	0	0.0790	0
R	0.0000	0	0.2219	1
T	0.0000	0	0.1296	0
P	0.0000	0	0.0181	0
S	0.0000	0	0.2794	1
P	0.0000	0	0.0210	0
A	0.0000	0	0.0089	0
R	0.0000	0	0.2003	1
E	0.0000	0	0.1510	1
L	0.0000	0	0.0469	0
L	0.0000	0	0.0447	0
S	0.0000	0	0.0097	0
G	0.0000	0	0.0058	0
P	0.0000	0	0.0131	0
Q	0.0000	0	0.0598	0
P	0.0000	0	0.0097	0
D	0.0000	0	0.0070	0
G	0.0000	0	0.0204	0
V	0.0000	0	0.0064	0
Q	0.0000	0	0.0146	0
P	0.0000	0	0.0050	0
T	0.0000	0	0.0140	0
A	0.0000	0	0.0130	0
D	0.0000	0	0.0311	0
R	0.0000	0	0.0681	0
G	0.0000	0	0.0236	0
V	0.0000	0	0.0093	0
S	0.0000	0	0.0641	0
P	0.0000	0	0.0128	0
P	0.0000	0	0.0028	0
A	0.0000	0	0.0014	0
G	0.0000	0	0.0033	0
G	0.0000	0	0.0039	0
P	0.0000	0	0.0031	0
L	0.0000	0	0.0011	0
D	0.0000	0	0.0025	0
G	0.0000	0	0.0022	0
L	0.0000	0	0.0027	0
P	0.0000	0	0.0062	0
A	0.0000	0	0.0012	0
R	0.0000	0	0.0172	0
R	0.0000	0	0.0289	0
T	0.0000	0	0.0104	0
M	0.0000	0	0.0057	0
S	0.0000	0	0.0220	0
R	0.0000	0	0.0362	0
T	0.0000	0	0.0051	0
R	0.0000	0	0.0073	0
L	0.0000	0	0.0017	0
P	0.0000	0	0.0067	0
S	0.0000	0	0.0059	0
P	0.0000	0	0.0012	0
P	0.0000	0	0.0016	0
A	0.0000	0	0.0027	0
P	0.0000	0	0.0169	0
S	0.0000	0	0.0268	0
P	0.0000	0	0.0050	0
A	0.0000	0	0.0058	0
F	0.0000	0	0.0054	0
S	0.0001	0	0.1683	1
A	0.0002	0	0.1972	1
D	0.0006	0	0.3471	1
S	0.0002	0	0.1009	0
F	0.0000	0	0.0164	0
S	0.0001	0	0.0500	0
D	0.0000	0	0.0047	0
L	0.0000	0	0.0002	0
L	0.0000	0	0.0004	0
R	0.0000	0	0.0014	0
Q	0.0000	0	0.0003	0
F	0.0000	0	0.0001	0
D	0.0000	0	0.0003	0
P	0.0000	0	0.0004	0
S	0.0000	0	0.0007	0
L	0.0000	0	0.0001	0
F	0.0000	0	0.0002	0
N	0.0000	0	0.0004	0
T	0.0000	0	0.0008	0
S	0.0000	0	0.0012	0
L	0.0000	0	0.0005	0
F	0.0000	0	0.0005	0
D	0.0000	0	0.0040	0
S	0.0000	0	0.0056	0
L	0.0000	0	0.0017	0
P	0.0000	0	0.0022	0
P	0.0000	0	0.0009	0
F	0.0000	0	0.0016	0
G	0.0000	0	0.0035	0
A	0.0000	0	0.0021	0
H	0.0000	0	0.0013	0
H	0.0000	0	0.0017	0
T	0.0000	0	0.0009	0
E	0.0000	0	0.0003	0
A	0.0000	0	0.0003	0
A	0.0000	0	0.0002	0
T	0.0000	0	0.0007	0
G	0.0000	0	0.0011	0
E	0.0000	0	0.0006	0
W	0.0000	0	0.0003	0
D	0.0000	0	0.0006	0
E	0.0000	0	0.0007	0
V	0.0000	0	0.0005	0
Q	0.0000	0	0.0022	0
S	0.0000	0	0.0084	0
G	0.0000	0	0.0002	0
L	0.0000	0	0.0002	0
R	0.0000	0	0.0025	0
A	0.0000	0	0.0006	0
A	0.0000	0	0.0004	0
D	0.0000	0	0.0007	0
A	0.0000	0	0.0009	0
P	0.0000	0	0.0027	0
P	0.0000	0	0.0029	0
P	0.0000	0	0.0034	0
T	0.0000	0	0.0064	0
M	0.0000	0	0.0044	0
R	0.0000	0	0.1933	1
V	0.0000	0	0.0021	0
A	0.0000	0	0.0009	0
V	0.0000	0	0.0010	0
T	0.0000	0	0.2449	1
A	0.0000	0	0.0212	0
A	0.0000	0	0.0225	0
R	0.0003	0	0.9185	1
P	0.0000	0	0.2124	1
P	0.0000	0	0.2176	1
R	0.0000	0	0.8632	1
A	0.0000	0	0.7150	1
K	0.0000	0	0.8131	1
P	0.0000	0	0.8799	1
A	0.0000	0	0.8642	1
P	0.0000	0	0.5247	1
R	0.0000	0	0.8133	1
R	0.0000	0	0.9345	1
R	0.0000	0	0.6690	1
A	0.0000	0	0.0149	0
A	0.0000	0	0.3280	1
Q	0.0000	0	0.5008	1
P	0.0000	0	0.2150	1
S	0.0000	0	0.3969	1
D	0.0000	0	0.2179	1
A	0.0000	0	0.0292	0
S	0.0000	0	0.4326	1
P	0.0000	0	0.0219	0
A	0.0000	0	0.0515	0
A	0.0000	0	0.0454	0
Q	0.0000	0	0.2322	1
V	0.0000	0	0.0203	0
D	0.0000	0	0.4466	1
L	0.0000	0	0.0158	0
R	0.0000	0	0.7528	1
T	0.0000	0	0.8629	1
L	0.0000	0	0.0902	0
G	0.0000	0	0.0185	0
Y	0.0000	0	0.0232	0
S	0.0000	0	0.1066	0
Q	0.0000	0	0.3753	1
Q	0.0000	0	0.3630	1
Q	0.0000	0	0.0978	0
Q	0.0000	0	0.0176	0
E	0.0000	0	0.0946	0
K	0.0000	0	0.2072	1
I	0.0000	0	0.0200	0
K	0.0000	0	0.1096	0
P	0.0000	0	0.0996	0
K	0.0000	0	0.0284	0
V	0.0000	0	0.0224	0
R	0.0000	0	0.0869	0
S	0.0000	0	0.0572	0
T	0.0000	0	0.0020	0
V	0.0000	0	0.0013	0
A	0.0000	0	0.0024	0
Q	0.0000	0	0.0130	0
H	0.0000	0	0.0047	0
H	0.0000	0	0.0024	0
E	0.0000	0	0.0045	0
A	0.0000	0	0.0066	0
L	0.0000	0	0.0006	0
V	0.0000	0	0.0010	0
G	0.0000	0	0.0101	0
H	0.0000	0	0.0041	0
G	0.0000	0	0.0015	0
F	0.0000	0	0.0013	0
T	0.0000	0	0.1746	1
H	0.0000	0	0.3839	1
A	0.0000	0	0.0624	0
H	0.0000	0	0.0138	0
I	0.0000	0	0.0018	0
V	0.0000	0	0.0105	0
A	0.0000	0	0.1145	0
L	0.0000	0	0.0038	0
S	0.0000	0	0.0171	0
Q	0.0000	0	0.3375	1
H	0.0000	0	0.7128	1
P	0.0000	0	0.4687	1
A	0.0000	0	0.2753	1
A	0.0000	0	0.0222	0
L	0.0000	0	0.0061	0
G	0.0000	0	0.1066	0
T	0.0000	0	0.0052	0
V	0.0000	0	0.0005	0
A	0.0000	0	0.0005	0
V	0.0000	0	0.0016	0
K	0.0000	0	0.0158	0
Y	0.0000	0	0.0020	0
Q	0.0000	0	0.0134	0
D	0.0000	0	0.0032	0
M	0.0000	0	0.0005	0
I	0.0000	0	0.0257	0
A	0.0000	0	0.0186	0
A	0.0000	0	0.0024	0
L	0.0000	0	0.0015	0
P	0.0000	0	0.0048	0
E	0.0000	0	0.0023	0
A	0.0000	0	0.0006	0
T	0.0000	0	0.0022	0
H	0.0000	0	0.0721	0
E	0.0000	0	0.0084	0
A	0.0000	0	0.0047	0
I	0.0000	0	0.0005	0
V	0.0000	0	0.0008	0
G	0.0000	0	0.0069	0
V	0.0000	0	0.0031	0
G	0.0000	0	0.0032	0
K	0.0000	0	0.0866	0
Q	0.0000	0	0.2032	1
W	0.0001	0	0.6807	1
S	0.0000	0	0.3084	1
G	0.0000	0	0.2370	1
A	0.0000	0	0.2366	1
R	0.0000	0	0.3814	1
A	0.0000	0	0.0751	0
L	0.0000	0	0.0164	0
E	0.0000	0	0.0023	0
A	0.0000	0	0.0010	0
L	0.0000	0	0.0005	0
L	0.0000	0	0.0031	0
T	0.0000	0	0.0016	0
V	0.0000	0	0.0006	0
A	0.0000	0	0.0012	0
G	0.0000	0	0.0017	0
E	0.0000	0	0.0015	0
L	0.0000	0	0.0005	0
R	0.0000	0	0.0650	0
G	0.0000	0	0.0074	0
P	0.0000	0	0.0024	0
P	0.0000	0	0.0020	0
L	0.0000	0	0.0017	0
Q	0.0000	0	0.0010	0
L	0.0000	0	0.0006	0
D	0.0000	0	0.0018	0
T	0.0000	0	0.0352	0
G	0.0000	0	0.0018	0
Q	0.0000	0	0.0013	0
L	0.0000	0	0.0005	0
L	0.0000	0	0.0066	0
K	0.0000	0	0.0240	0
I	0.0000	0	0.0007	0
A	0.0000	0	0.0087	0
K	0.0000	0	0.4189	1
R	0.0000	0	0.6796	1
G	0.0000	0	0.3952	1
G	0.0000	0	0.2456	1
V	0.0000	0	0.4975	1
T	0.0000	0	0.5787	1
A	0.0000	0	0.0988	0
V	0.0000	0	0.0169	0
E	0.0000	0	0.1220	0
A	0.0000	0	0.0178	0
V	0.0000	0	0.0017	0
H	0.0000	0	0.0179	0
A	0.0000	0	0.0086	0
W	0.0000	0	0.0015	0
R	0.0000	0	0.0097	0
N	0.0000	0	0.1023	0
A	0.0000	0	0.0078	0
L	0.0000	0	0.0011	0
T	0.0000	0	0.1027	0
G	0.0000	0	0.0466	0
A	0.0000	0	0.0335	0
P	0.0000	0	0.0552	0
L	0.0000	0	0.0085	0
N	0.0000	0	0.0049	0
L	0.0000	0	0.0013	0
T	0.0000	0	0.1600	1
P	0.0000	0	0.1523	1
E	0.0000	0	0.1091	0
Q	0.0000	0	0.0401	0
V	0.0000	0	0.0013	0
V	0.0000	0	0.0017	0
A	0.0000	0	0.0357	0
I	0.0000	0	0.0020	0
A	0.0000	0	0.0015	0
S	0.0000	0	0.0056	0
H	0.0000	0	0.0186	0
D	0.0000	0	0.0376	0
G	0.0000	0	0.0394	0
G	0.0000	0	0.0122	0
K	0.0000	0	0.3442	1
Q	0.0000	0	0.3005	1
A	0.0000	0	0.0836	0
L	0.0000	0	0.0039	0
E	0.0000	0	0.0140	0
T	0.0000	0	0.0060	0
V	0.0000	0	0.0007	0
Q	0.0000	0	0.0032	0
R	0.0000	0	0.0352	0
L	0.0000	0	0.0005	0
L	0.0000	0	0.0003	0
P	0.0000	0	0.0004	0
V	0.0000	0	0.0008	0
L	0.0000	0	0.0003	0
C	0.0000	0	0.0004	0
Q	0.0000	0	0.0012	0
A	0.0000	0	0.0030	0
H	0.0000	0	0.0081	0
G	0.0000	0	0.0023	0
L	0.0000	0	0.0016	0
T	0.0000	0	0.0298	0
P	0.0000	0	0.0097	0
Q	0.0000	0	0.0042	0
Q	0.0000	0	0.0027	0
V	0.0000	0	0.0007	0
V	0.0000	0	0.0010	0
A	0.0000	0	0.0022	0
I	0.0000	0	0.0005	0
A	0.0000	0	0.0006	0
S	0.0000	0	0.0017	0
H	0.0000	0	0.0155	0
D	0.0000	0	0.0215	0
G	0.0000	0	0.0124	0
G	0.0000	0	0.0064	0
K	0.0000	0	0.1214	0
Q	0.0000	0	0.0631	0
A	0.0000	0	0.0023	0
L	0.0000	0	0.0017	0
E	0.0000	0	0.0028	0
T	0.0000	0	0.0013	0
V	0.0000	0	0.0006	0
Q	0.0000	0	0.0013	0
R	0.0000	0	0.0224	0
L	0.0000	0	0.0004	0
L	0.0000	0	0.0006	0
P	0.0000	0	0.0025	0
V	0.0000	0	0.0138	0
L	0.0000	0	0.0028	0
C	0.0000	0	0.0020	0
Q	0.0000	0	0.0926	0
A	0.0000	0	0.0301	0
H	0.0000	0	0.0870	0
G	0.0000	0	0.0187	0
L	0.0000	0	0.0245	0
T	0.0000	0	0.0722	0
P	0.0000	0	0.0073	0
E	0.0000	0	0.0048	0
Q	0.0000	0	0.0083	0
V	0.0000	0	0.0008	0
V	0.0000	0	0.0055	0
A	0.0000	0	0.0125	0
I	0.0000	0	0.0011	0
A	0.0000	0	0.0008	0
S	0.0000	0	0.0012	0
H	0.0000	0	0.0012	0
D	0.0000	0	0.0027	0
G	0.0000	0	0.0020	0
G	0.0000	0	0.0024	0
K	0.0000	0	0.0382	0
Q	0.0000	0	0.0289	0
A	0.0000	0	0.0026	0
L	0.0000	0	0.0019	0
E	0.0000	0	0.0024	0
T	0.0000	0	0.0003	0
V	0.0000	0	0.0005	0
Q	0.0000	0	0.0020	0
A	0.0000	0	0.0277	0
L	0.0000	0	0.0007	0
L	0.0000	0	0.0009	0
P	0.0000	0	0.0116	0
V	0.0000	0	0.0140	0
L	0.0000	0	0.0003	0
C	0.0000	0	0.0003	0
Q	0.0000	0	0.0031	0
A	0.0000	0	0.0030	0
H	0.0000	0	0.0012	0
G	0.0000	0	0.0008	0
L	0.0000	0	0.0009	0
T	0.0000	0	0.0149	0
P	0.0000	0	0.0021	0
E	0.0000	0	0.0033	0
Q	0.0000	0	0.0026	0
V	0.0000	0	0.0007	0
V	0.0000	0	0.0015	0
A	0.0000	0	0.0038	0
I	0.0000	0	0.0007	0
A	0.0000	0	0.0005	0
S	0.0000	0	0.0008	0
N	0.0000	0	0.0036	0
G	0.0000	0	0.0028	0
G	0.0000	0	0.0033	0
G	0.0000	0	0.0071	0
K	0.0000	0	0.2441	1
Q	0.0000	0	0.0879	0
A	0.0000	0	0.0025	0
L	0.0000	0	0.0009	0
E	0.0000	0	0.0029	0
T	0.0000	0	0.0016	0
V	0.0000	0	0.0003	0
Q	0.0000	0	0.0013	0
R	0.0000	0	0.0215	0
L	0.0000	0	0.0005	0
L	0.0000	0	0.0007	0
P	0.0000	0	0.0028	0
V	0.0000	0	0.0760	0
L	0.0000	0	0.0016	0
C	0.0000	0	0.0011	0
Q	0.0000	0	0.0255	0
A	0.0000	0	0.0063	0
H	0.0000	0	0.0096	0
G	0.0000	0	0.0110	0
L	0.0000	0	0.0045	0
T	0.0000	0	0.0448	0
P	0.0000	0	0.0133	0
Q	0.0000	0	0.0068	0
Q	0.0000	0	0.0053	0
V	0.0000	0	0.0008	0
V	0.0000	0	0.0011	0
A	0.0000	0	0.0097	0
I	0.0000	0	0.0004	0
A	0.0000	0	0.0004	0
S	0.0000	0	0.0017	0
N	0.0000	0	0.0072	0
G	0.0000	0	0.0161	0
G	0.0000	0	0.0161	0
G	0.0000	0	0.0062	0
K	0.0000	0	0.0495	0
Q	0.0000	0	0.0162	0
A	0.0000	0	0.0033	0
L	0.0000	0	0.0008	0
E	0.0000	0	0.0017	0
T	0.0000	0	0.0027	0
V	0.0000	0	0.0009	0
Q	0.0000	0	0.0256	0
R	0.0000	0	0.0266	0
L	0.0000	0	0.0004	0
L	0.0000	0	0.0004	0
P	0.0000	0	0.0009	0
V	0.0000	0	0.0056	0
L	0.0000	0	0.0007	0
C	0.0000	0	0.0015	0
Q	0.0000	0	0.0958	0
A	0.0000	0	0.0198	0
H	0.0000	0	0.0302	0
G	0.0000	0	0.0100	0
L	0.0000	0	0.0138	0
T	0.0000	0	0.1917	1
P	0.0000	0	0.0181	0
Q	0.0000	0	0.0087	0
Q	0.0000	0	0.0457	0
V	0.0000	0	0.0053	0
V	0.0000	0	0.0042	0
A	0.0000	0	0.0331	0
I	0.0000	0	0.0024	0
A	0.0000	0	0.0032	0
S	0.0000	0	0.0119	0
N	0.0000	0	0.0326	0
G	0.0000	0	0.0340	0
G	0.0000	0	0.0103	0
G	0.0000	0	0.0022	0
K	0.0000	0	0.0359	0
Q	0.0000	0	0.0367	0
A	0.0000	0	0.0029	0
L	0.0000	0	0.0010	0
E	0.0000	0	0.0021	0
T	0.0000	0	0.0010	0
V	0.0000	0	0.0006	0
Q	0.0000	0	0.0042	0
R	0.0000	0	0.0519	0
L	0.0000	0	0.0009	0
L	0.0000	0	0.0031	0
P	0.0000	0	0.0186	0
V	0.0000	0	0.0164	0
L	0.0000	0	0.0023	0
C	0.0000	0	0.0012	0
Q	0.0000	0	0.0093	0
A	0.0000	0	0.0057	0
H	0.0000	0	0.0203	0
G	0.0000	0	0.0272	0
L	0.0000	0	0.0141	0
T	0.0000	0	0.0613	0
P	0.0000	0	0.0134	0
Q	0.0000	0	0.0038	0
Q	0.0000	0	0.0038	0
V	0.0000	0	0.0007	0
V	0.0000	0	0.0013	0
A	0.0000	0	0.0151	0
I	0.0000	0	0.0009	0
A	0.0000	0	0.0007	0
S	0.0000	0	0.0008	0
N	0.0000	0	0.0029	0
I	0.0000	0	0.0064	0
G	0.0000	0	0.0110	0
G	0.0000	0	0.0111	0
K	0.0000	0	0.1806	1
Q	0.0000	0	0.3992	1
A	0.0000	0	0.0192	0
L	0.0000	0	0.0033	0
E	0.0000	0	0.0033	0
T	0.0000	0	0.0044	0
V	0.0000	0	0.0013	0
Q	0.0000	0	0.0203	0
R	0.0000	0	0.3284	1
L	0.0000	0	0.0051	0
L	0.0000	0	0.0022	0
P	0.0000	0	0.1278	0
V	0.0000	0	0.0115	0
L	0.0000	0	0.0029	0
C	0.0000	0	0.0037	0
Q	0.0000	0	0.2881	1
A	0.0000	0	0.0468	0
H	0.0000	0	0.0352	0
G	0.0000	0	0.0122	0
L	0.0000	0	0.0074	0
T	0.0000	0	0.2574	1
P	0.0000	0	0.0798	0
Q	0.0000	0	0.0129	0
Q	0.0000	0	0.0127	0
V	0.0000	0	0.0008	0
V	0.0000	0	0.0114	0
A	0.0000	0	0.1755	1
I	0.0000	0	0.0051	0
A	0.0000	0	0.0012	0
S	0.0000	0	0.0054	0
N	0.0000	0	0.0600	0
G	0.0000	0	0.0290	0
G	0.0000	0	0.0135	0
G	0.0000	0	0.0044	0
K	0.0000	0	0.2018	1
Q	0.0000	0	0.3541	1
A	0.0000	0	0.0106	0
L	0.0000	0	0.0005	0
E	0.0000	0	0.0016	0
T	0.0000	0	0.0186	0
V	0.0000	0	0.0005	0
Q	0.0000	0	0.0030	0
R	0.0000	0	0.0461	0
L	0.0000	0	0.0004	0
L	0.0000	0	0.0007	0
P	0.0000	0	0.0024	0
V	0.0000	0	0.0026	0
L	0.0000	0	0.0007	0
C	0.0000	0	0.0005	0
Q	0.0000	0	0.0054	0
A	0.0000	0	0.0067	0
H	0.0000	0	0.0031	0
G	0.0000	0	0.0019	0
L	0.0000	0	0.0015	0
T	0.0000	0	0.0084	0
P	0.0000	0	0.0181	0
Q	0.0000	0	0.0051	0
Q	0.0000	0	0.0027	0
V	0.0000	0	0.0008	0
V	0.0000	0	0.0030	0
A	0.0000	0	0.0198	0
I	0.0000	0	0.0058	0
A	0.0000	0	0.0039	0
S	0.0000	0	0.1061	0
H	0.0000	0	0.2336	1
D	0.0000	0	0.1283	0
G	0.0000	0	0.0571	0
G	0.0000	0	0.0174	0
K	0.0000	0	0.1793	1
Q	0.0000	0	0.0715	0
A	0.0000	0	0.0059	0
L	0.0000	0	0.0008	0
E	0.0000	0	0.0053	0
T	0.0000	0	0.0026	0
V	0.0000	0	0.0008	0
Q	0.0000	0	0.0224	0
R	0.0000	0	0.1903	1
L	0.0000	0	0.0011	0
L	0.0000	0	0.0023	0
P	0.0000	0	0.1234	0
V	0.0000	0	0.0448	0
L	0.0000	0	0.0020	0
C	0.0000	0	0.0018	0
Q	0.0000	0	0.0133	0
A	0.0000	0	0.0065	0
H	0.0000	0	0.0055	0
G	0.0000	0	0.0046	0
L	0.0000	0	0.0126	0
T	0.0000	0	0.1934	1
P	0.0000	0	0.0073	0
E	0.0000	0	0.0020	0
Q	0.0000	0	0.0031	0
V	0.0000	0	0.0005	0
V	0.0000	0	0.0021	0
A	0.0000	0	0.0036	0
I	0.0000	0	0.0022	0
A	0.0000	0	0.0016	0
S	0.0000	0	0.0020	0
N	0.0000	0	0.0160	0
G	0.0000	0	0.0831	0
G	0.0000	0	0.0344	0
G	0.0000	0	0.0323	0
K	0.0000	0	0.1915	1
Q	0.0000	0	0.2950	1
A	0.0000	0	0.0170	0
L	0.0000	0	0.0013	0
E	0.0000	0	0.0069	0
T	0.0000	0	0.0014	0
V	0.0000	0	0.0008	0
Q	0.0000	0	0.0046	0
R	0.0000	0	0.0903	0
L	0.0000	0	0.0005	0
L	0.0000	0	0.0004	0
P	0.0000	0	0.0012	0
V	0.0000	0	0.0016	0
L	0.0000	0	0.0007	0
C	0.0000	0	0.0005	0
Q	0.0000	0	0.0113	0
A	0.0000	0	0.0080	0
H	0.0000	0	0.0304	0
G	0.0000	0	0.0113	0
L	0.0000	0	0.0237	0
T	0.0000	0	0.4748	1
P	0.0000	0	0.1093	0
E	0.0000	0	0.1022	0
Q	0.0000	0	0.1010	0
V	0.0000	0	0.0052	0
V	0.0000	0	0.0290	0
A	0.0000	0	0.5064	1
I	0.0000	0	0.0333	0
A	0.0000	0	0.0042	0
S	0.0000	0	0.0074	0
H	0.0000	0	0.0408	0
D	0.0000	0	0.0176	0
G	0.0000	0	0.0054	0
G	0.0000	0	0.0047	0
K	0.0000	0	0.1194	0
Q	0.0000	0	0.0639	0
A	0.0000	0	0.0073	0
L	0.0000	0	0.0019	0
E	0.0000	0	0.0027	0
T	0.0000	0	0.0035	0
V	0.0000	0	0.0015	0
Q	0.0000	0	0.0093	0
R	0.0000	0	0.0766	0
L	0.0000	0	0.0032	0
L	0.0000	0	0.0007	0
P	0.0000	0	0.0139	0
V	0.0000	0	0.0373	0
L	0.0000	0	0.0023	0
C	0.0000	0	0.0015	0
Q	0.0000	0	0.0700	0
A	0.0000	0	0.0148	0
H	0.0000	0	0.0077	0
G	0.0000	0	0.0022	0
L	0.0000	0	0.0024	0
T	0.0000	0	0.2265	1
P	0.0000	0	0.0416	0
Q	0.0000	0	0.0513	0
Q	0.0000	0	0.0263	0
V	0.0000	0	0.0011	0
V	0.0000	0	0.0020	0
A	0.0000	0	0.0240	0
I	0.0000	0	0.0016	0
A	0.0000	0	0.0008	0
S	0.0000	0	0.0055	0
N	0.0000	0	0.0113	0
G	0.0000	0	0.0335	0
G	0.0000	0	0.0078	0
G	0.0000	0	0.0061	0
R	0.0000	0	0.1703	1
P	0.0000	0	0.0675	0
A	0.0000	0	0.0091	0
L	0.0000	0	0.0009	0
E	0.0000	0	0.0018	0
S	0.0000	0	0.0033	0
I	0.0000	0	0.0007	0
V	0.0000	0	0.0026	0
A	0.0000	0	0.0019	0
Q	0.0000	0	0.0033	0
L	0.0000	0	0.0006	0
S	0.0000	0	0.0017	0
R	0.0000	0	0.0117	0
P	0.0000	0	0.0012	0
D	0.0000	0	0.0019	0
P	0.0000	0	0.0054	0
A	0.0000	0	0.0007	0
L	0.0000	0	0.0006	0
A	0.0000	0	0.0014	0
A	0.0000	0	0.0031	0
L	0.0000	0	0.0022	0
T	0.0000	0	0.0504	0
N	0.0000	0	0.1685	1
D	0.0000	0	0.0226	0
H	0.0000	0	0.0139	0
L	0.0000	0	0.0015	0
V	0.0000	0	0.0016	0
A	0.0000	0	0.0137	0
L	0.0000	0	0.0034	0
A	0.0000	0	0.0117	0
C	0.0000	0	0.0628	0
L	0.0000	0	0.1427	0
G	0.0000	0	0.2334	1
G	0.0000	0	0.0701	0
R	0.0000	0	0.8642	1
P	0.0001	0	0.5446	1
A	0.0000	0	0.0127	0
L	0.0000	0	0.0017	0
D	0.0000	0	0.0085	0
A	0.0000	0	0.0259	0
V	0.0000	0	0.0012	0
K	0.0000	0	0.0030	0
K	0.0000	0	0.0279	0
G	0.0000	0	0.0007	0
L	0.0000	0	0.0015	0
P	0.0000	0	0.0051	0
H	0.0000	0	0.0121	0
A	0.0000	0	0.0058	0
P	0.0000	0	0.0131	0
A	0.0000	0	0.0081	0
L	0.0000	0	0.0012	0
I	0.0000	0	0.0013	0
K	0.0000	0	0.0891	0
R	0.0000	0	0.1132	0
T	0.0000	0	0.0012	0
N	0.0000	0	0.0017	0
R	0.0000	0	0.0701	0
R	0.0000	0	0.0242	0
I	0.0000	0	0.0049	0
P	0.0000	0	0.0115	0
E	0.0000	0	0.0127	0
R	0.0000	0	0.1785	1
T	0.0000	0	0.0300	0
S	0.0000	0	0.0159	0
H	0.0000	0	0.0159	0
R	0.0000	0	0.0200	0
V	0.0000	0	0.0008	0
A	0.0000	0	0.0019	0
D	0.0000	0	0.0033	0
H	0.0000	0	0.0047	0
A	0.0000	0	0.0019	0
Q	0.0000	0	0.0046	0
V	0.0000	0	0.0004	0
V	0.0000	0	0.0007	0
R	0.0000	0	0.0094	0
V	0.0000	0	0.0021	0
L	0.0000	0	0.0005	0
G	0.0000	0	0.0091	0
F	0.0000	0	0.0008	0
F	0.0000	0	0.0046	0
Q	0.0000	0	0.0250	0
C	0.0000	0	0.0165	0
H	0.0000	0	0.0271	0
S	0.0000	0	0.1922	1
H	0.0000	0	0.0829	0
P	0.0000	0	0.0070	0
A	0.0000	0	0.0706	0
Q	0.0000	0	0.0651	0
A	0.0000	0	0.0039	0
F	0.0000	0	0.0073	0
D	0.0000	0	0.0138	0
D	0.0000	0	0.0237	0
A	0.0000	0	0.0241	0
M	0.0000	0	0.0226	0
T	0.0000	0	0.0367	0
Q	0.0000	0	0.0320	0
F	0.0000	0	0.0099	0
G	0.0000	0	0.0310	0
M	0.0000	0	0.0365	0
S	0.0000	0	0.5058	1
R	0.0000	0	0.5933	1
H	0.0000	0	0.3723	1
G	0.0000	0	0.0363	0
L	0.0000	0	0.0054	0
L	0.0000	0	0.0101	0
Q	0.0000	0	0.4314	1
L	0.0000	0	0.0053	0
F	0.0000	0	0.0106	0
R	0.0000	0	0.6207	1
R	0.0000	0	0.4655	1
V	0.0000	0	0.0073	0
G	0.0000	0	0.0026	0
V	0.0000	0	0.0046	0
T	0.0000	0	0.0092	0
E	0.0000	0	0.0183	0
L	0.0000	0	0.0074	0
E	0.0000	0	0.0031	0
A	0.0000	0	0.0025	0
R	0.0000	0	0.0084	0
S	0.0000	0	0.0023	0
G	0.0000	0	0.0012	0
T	0.0000	0	0.0011	0
L	0.0000	0	0.0017	0
P	0.0000	0	0.0042	0
P	0.0000	0	0.0014	0
A	0.0000	0	0.0018	0
S	0.0000	0	0.0048	0
Q	0.0000	0	0.0536	0
R	0.0000	0	0.1864	1
W	0.0000	0	0.0121	0
D	0.0000	0	0.0516	0
R	0.0000	0	0.3350	1
I	0.0000	0	0.0024	0
L	0.0000	0	0.0024	0
Q	0.0000	0	0.0587	0
A	0.0000	0	0.0252	0
S	0.0000	0	0.0011	0
G	0.0000	0	0.0014	0
M	0.0000	0	0.0072	0
K	0.0000	0	0.1546	1
R	0.0000	0	0.3902	1
A	0.0000	0	0.0303	0
K	0.0000	0	0.0877	0
P	0.0000	0	0.0063	0
S	0.0000	0	0.0047	0
P	0.0000	0	0.0135	0
T	0.0000	0	0.0131	0
S	0.0000	0	0.0147	0
T	0.0000	0	0.0036	0
Q	0.0000	0	0.0075	0
T	0.0000	0	0.0036	0
P	0.0000	0	0.0018	0
D	0.0000	0	0.0033	0
Q	0.0000	0	0.0057	0
A	0.0000	0	0.0024	0
S	0.0000	0	0.0044	0
L	0.0000	0	0.0061	0
H	0.0000	0	0.3922	1
A	0.0000	0	0.0682	0
F	0.0000	0	0.0036	0
A	0.0000	0	0.0023	0
D	0.0000	0	0.0058	0
S	0.0000	0	0.0061	0
L	0.0000	0	0.0009	0
E	0.0000	0	0.0025	0
R	0.0000	0	0.0300	0
D	0.0000	0	0.0007	0
L	0.0000	0	0.0003	0
D	0.0000	0	0.0011	0
A	0.0000	0	0.0008	0
P	0.0000	0	0.0065	0
S	0.0000	0	0.0201	0
P	0.0000	0	0.0094	0
M	0.0000	0	0.0094	0
H	0.0000	0	0.0329	0
E	0.0000	0	0.0602	0
G	0.0000	0	0.0373	0
D	0.0000	0	0.0166	0
Q	0.0000	0	0.0490	0
T	0.0000	0	0.0097	0
R	0.0000	0	0.0546	0
A	0.0000	0	0.0448	0
S	0.0000	0	0.2995	1
S	0.0000	0	0.3419	1
R	0.0000	0	0.5409	1
K	0.0000	0	0.6669	1
R	0.0000	0	0.5015	1
S	0.0000	0	0.2279	1
R	0.0001	0	0.5257	1
S	0.0000	0	0.1471	0
D	0.0000	0	0.0619	0
R	0.0000	0	0.1192	0
A	0.0000	0	0.0093	0
V	0.0000	0	0.0026	0
T	0.0000	0	0.1087	0
G	0.0000	0	0.0075	0
P	0.0000	0	0.0268	0
S	0.0000	0	0.0367	0
A	0.0000	0	0.0019	0
Q	0.0000	0	0.0037	0
Q	0.0000	0	0.0041	0
S	0.0000	0	0.0027	0
F	0.0000	0	0.0006	0
E	0.0000	0	0.0013	0
V	0.0000	0	0.0003	0
R	0.0000	0	0.0010	0
V	0.0000	0	0.0011	0
P	0.0000	0	0.0058	0
E	0.0000	0	0.0395	0
Q	0.0000	0	0.1171	0
R	0.0000	0	0.1735	1
D	0.0000	0	0.2239	1
A	0.0000	0	0.0189	0
L	0.0000	0	0.0118	0
H	0.0000	0	0.0230	0
L	0.0000	0	0.0008	0
P	0.0000	0	0.0015	0
L	0.0000	0	0.0029	0
L	0.0000	0	0.0021	0
S	0.0000	0	0.0644	0
W	0.0000	0	0.0161	0
G	0.0000	0	0.0141	0
V	0.0000	0	0.0208	0
K	0.0002	0	0.3797	1
R	0.0000	0	0.1411	0
P	0.0000	0	0.0543	0
R	0.0001	0	0.3221	1
T	0.0000	0	0.0108	0
R	0.0000	0	0.0867	0
I	0.0000	0	0.0045	0
G	0.0000	0	0.0024	0
G	0.0000	0	0.0067	0
L	0.0000	0	0.0026	0
L	0.0000	0	0.0017	0
D	0.0000	0	0.0192	0
P	0.0000	0	0.0014	0
G	0.0000	0	0.0016	0
T	0.0000	0	0.0011	0
P	0.0000	0	0.0006	0
M	0.0000	0	0.0003	0
D	0.0000	0	0.0007	0
A	0.0000	0	0.0005	0
D	0.0000	0	0.0012	0
L	0.0000	0	0.0001	0
V	0.0000	0	0.0014	0
A	0.0000	0	0.0011	0
S	0.0000	0	0.0008	0
S	0.0000	0	0.0007	0
T	0.0000	0	0.0007	0
V	0.0000	0	0.0004	0
V	0.0000	0	0.0004	0
W	0.0000	0	0.0004	0
E	0.0000	0	0.0007	0
Q	0.0000	0	0.0037	0
D	0.0000	0	0.0007	0
A	0.0000	0	0.0005	0
D	0.0000	0	0.0012	0
P	0.0000	0	0.0008	0
F	0.0000	0	0.0008	0
A	0.0000	0	0.0002	0
G	0.0000	0	0.0002	0
T	0.0000	0	0.0001	0
A	0.0000	0	0.0001	0
D	0.0000	0	0.0003	0
D	0.0000	0	0.0007	0
F	0.0000	0	0.0004	0
P	0.0000	0	0.0011	0
A	0.0000	0	0.0002	0
F	0.0000	0	0.0001	0
N	0.0000	0	0.0004	0
E	0.0000	0	0.0001	0
E	0.0000	0	0.0001	0
E	0.0000	0	0.0003	0
L	0.0000	0	0.0002	0
A	0.0000	0	0.0004	0
W	0.0000	0	0.0002	0
L	0.0000	0	0.0004	0
M	0.0000	0	0.0003	0
E	0.0000	0	0.0014	0
L	0.0000	0	0.0004	0
L	0.0000	0	0.0010	0
P	0.0000	0	0.0063	0
Q	0.0000	0	0.0301	0
</pre></body></html>