<html><head></head><body><pre style="word-wrap: break-word; white-space: pre-wrap;">&gt;Q8U2L3
Amino Acid	probability_DNA	binary_DNA	probability_RNA	binary_RNA
M	0.0050	0	0.1022	0
K	0.0065	0	0.1559	1
P	0.0029	0	0.0660	0
M	0.0024	0	0.0448	0
Y	0.0045	0	0.3039	1
R	0.0036	0	0.3883	1
S	0.0023	0	0.4728	1
R	0.0020	0	0.6690	1
S	0.0035	0	0.6999	1
W	0.0003	0	0.1649	1
R	0.0002	0	0.2024	1
R	0.0009	0	0.7860	1
K	0.0007	0	0.7396	1
Y	0.0001	0	0.1544	1
V	0.0000	0	0.0459	0
R	0.0001	0	0.3848	1
T	0.0000	0	0.0825	0
P	0.0000	0	0.2492	1
G	0.0000	0	0.2456	1
G	0.0000	0	0.0724	0
R	0.0001	0	0.2400	1
V	0.0000	0	0.0074	0
V	0.0000	0	0.0264	0
I	0.0001	0	0.0716	0
H	0.0000	0	0.0153	0
F	0.0000	0	0.0307	0
E	0.0000	0	0.0065	0
R	0.0000	0	0.1177	0
K	0.0002	0	0.2294	1
K	0.0001	0	0.1231	0
P	0.0001	0	0.0922	0
K	0.0007	0	0.3711	1
I	0.0004	0	0.3296	1
A	0.0000	0	0.0330	0
H	0.0001	0	0.1784	1
C	0.0000	0	0.0028	0
A	0.0000	0	0.0010	0
M	0.0000	0	0.0006	0
C	0.0000	0	0.0001	0
G	0.0000	0	0.0006	0
R	0.0000	0	0.0009	0
P	0.0000	0	0.0031	0
L	0.0000	0	0.0009	0
N	0.0000	0	0.0029	0
G	0.0000	0	0.0030	0
I	0.0000	0	0.0012	0
P	0.0000	0	0.0071	0
R	0.0000	0	0.0122	0
G	0.0000	0	0.0149	0
R	0.0002	0	0.3982	1
P	0.0001	0	0.1051	0
V	0.0000	0	0.0468	0
E	0.0000	0	0.0069	0
M	0.0000	0	0.0083	0
R	0.0001	0	0.0665	0
K	0.0008	0	0.4098	1
L	0.0000	0	0.0075	0
P	0.0002	0	0.3537	1
K	0.0005	0	0.8185	1
T	0.0005	0	0.6622	1
K	0.0002	0	0.1264	0
K	0.0013	0	0.7704	1
R	0.0021	0	0.7115	1
P	0.0004	0	0.1793	1
E	0.0002	0	0.2466	1
R	0.0005	0	0.4263	1
P	0.0007	0	0.4405	1
M	0.0010	0	0.7266	1
P	0.0001	0	0.0739	0
H	0.0033	0	0.6807	1
L	0.0001	0	0.0213	0
C	0.0010	0	0.0612	0
P	0.0057	0	0.2922	1
R	0.0080	0	0.2851	1
C	0.0000	0	0.0001	0
M	0.0000	0	0.0015	0
R	0.0000	0	0.0047	0
K	0.0000	0	0.0005	0
V	0.0000	0	0.0003	0
M	0.0000	0	0.0003	0
K	0.0000	0	0.0006	0
E	0.0000	0	0.0028	0
Q	0.0000	0	0.0008	0
I	0.0000	0	0.0001	0
R	0.0012	0	0.1244	0
A	0.0004	0	0.0213	0
Q	0.0002	0	0.0177	0
L	0.0001	0	0.0070	0
S	0.0020	0	0.2631	1
</pre></body></html>