<html><head></head><body><pre style="word-wrap: break-word; white-space: pre-wrap;">&gt;P62305
Amino Acid	probability_DNA	binary_DNA	probability_RNA	binary_RNA
M	0.4843	1	0.2351	1
A	0.2050	0	0.0878	0
Y	0.1125	0	0.0693	0
R	0.1042	0	0.0307	0
G	0.0227	0	0.0026	0
Q	0.0035	0	0.0002	0
G	0.0011	0	0.0001	0
Q	0.0033	0	0.0002	0
K	0.0679	0	0.0089	0
V	0.0074	0	0.0032	0
Q	0.0241	0	0.0421	0
K	0.0390	0	0.0734	0
V	0.0167	0	0.0242	0
M	0.0617	0	0.0617	0
V	0.0017	0	0.0029	0
Q	0.0003	0	0.0002	0
P	0.0002	0	0.0003	0
I	0.0001	0	0.0001	0
N	0.0000	0	0.0000	0
L	0.0000	0	0.0000	0
I	0.0000	0	0.0000	0
F	0.0001	0	0.0000	0
R	0.0002	0	0.0001	0
Y	0.0001	0	0.0000	0
L	0.0002	0	0.0001	0
Q	0.0082	0	0.0016	0
N	0.0074	0	0.0007	0
R	0.0017	0	0.0003	0
S	0.0004	0	0.0001	0
R	0.0003	0	0.0001	0
I	0.0002	0	0.0001	0
Q	0.0012	0	0.0007	0
V	0.0003	0	0.0004	0
W	0.0018	0	0.0064	0
L	0.0003	0	0.0012	0
Y	0.0195	0	0.1348	0
E	0.0011	0	0.0028	0
Q	0.0725	0	0.1914	1
V	0.0077	0	0.0149	0
N	0.0027	0	0.0068	0
M	0.0017	0	0.0035	0
R	0.0016	0	0.0023	0
I	0.0001	0	0.0004	0
E	0.0001	0	0.0015	0
G	0.0000	0	0.0004	0
C	0.0005	0	0.0121	0
I	0.0001	0	0.0006	0
I	0.0002	0	0.0017	0
G	0.0001	0	0.0010	0
F	0.0006	0	0.0156	0
D	0.0028	0	0.0937	0
E	0.0030	0	0.0784	0
Y	0.0124	0	0.2344	1
M	0.0001	0	0.0014	0
N	0.0007	0	0.0110	0
L	0.0001	0	0.0004	0
V	0.0000	0	0.0001	0
L	0.0001	0	0.0003	0
D	0.0001	0	0.0007	0
D	0.0002	0	0.0015	0
A	0.0001	0	0.0008	0
E	0.0004	0	0.0039	0
E	0.0039	0	0.0300	0
I	0.0020	0	0.0120	0
H	0.0142	0	0.1051	0
S	0.0063	0	0.0364	0
K	0.0044	0	0.0163	0
T	0.0025	0	0.0059	0
K	0.0045	0	0.0120	0
S	0.0008	0	0.0020	0
R	0.0068	0	0.0222	0
K	0.0377	0	0.1153	0
Q	0.0285	0	0.1333	0
L	0.0005	0	0.0026	0
G	0.0009	0	0.0084	0
R	0.0054	0	0.0643	0
I	0.0002	0	0.0017	0
M	0.0015	0	0.0139	0
L	0.0010	0	0.0040	0
K	0.4063	1	0.5268	1
G	0.0197	0	0.0219	0
D	0.1207	0	0.1567	1
N	0.0559	0	0.1410	0
I	0.0003	0	0.0008	0
T	0.0001	0	0.0002	0
L	0.0001	0	0.0005	0
L	0.0000	0	0.0001	0
Q	0.0000	0	0.0001	0
S	0.0000	0	0.0001	0
V	0.0001	0	0.0003	0
S	0.0002	0	0.0014	0
N	0.0008	0	0.0056	0
</pre></body></html>