<html><head></head><body><pre style="word-wrap: break-word; white-space: pre-wrap;">&gt;B1IT03
Amino Acid	probability_DNA	binary_DNA	probability_RNA	binary_RNA
M	0.0012	0	0.0021	0
Q	0.0058	0	0.0069	0
V	0.0001	0	0.0001	0
I	0.0001	0	0.0001	0
L	0.0001	0	0.0002	0
L	0.0002	0	0.0009	0
D	0.0066	0	0.0626	0
K	0.0109	0	0.0540	0
V	0.0112	0	0.0730	0
A	0.0240	0	0.1710	1
N	0.0308	0	0.2609	1
L	0.0023	0	0.0248	0
G	0.0166	0	0.1525	1
S	0.0357	0	0.2477	1
L	0.0522	0	0.2271	1
G	0.0203	0	0.1204	0
D	0.0011	0	0.0050	0
Q	0.0002	0	0.0006	0
V	0.0006	0	0.0019	0
N	0.0033	0	0.0135	0
V	0.0015	0	0.0029	0
K	0.2754	0	0.2990	1
A	0.2548	0	0.3765	1
G	0.4715	1	0.3928	1
Y	0.5834	1	0.4300	1
A	0.0705	0	0.0732	0
R	0.6100	1	0.2850	1
N	0.7333	1	0.1060	0
F	0.5085	1	0.0615	0
L	0.0255	0	0.0018	0
V	0.0329	0	0.0016	0
P	0.0072	0	0.0003	0
Q	0.0970	0	0.0053	0
G	0.0987	0	0.0106	0
K	0.0074	0	0.0006	0
A	0.0029	0	0.0003	0
V	0.0152	0	0.0046	0
P	0.0467	0	0.0099	0
A	0.0095	0	0.0012	0
T	0.0277	0	0.0025	0
K	0.0194	0	0.0006	0
K	0.0164	0	0.0004	0
N	0.0090	0	0.0001	0
I	0.0025	0	0.0000	0
E	0.0407	0	0.0013	0
F	0.0018	0	0.0000	0
F	0.0019	0	0.0001	0
E	0.0052	0	0.0002	0
A	0.0011	0	0.0000	0
R	0.0032	0	0.0001	0
R	0.0476	0	0.0020	0
A	0.0021	0	0.0000	0
E	0.0035	0	0.0001	0
L	0.0005	0	0.0000	0
E	0.0003	0	0.0000	0
A	0.0009	0	0.0000	0
K	0.0027	0	0.0001	0
L	0.0003	0	0.0000	0
A	0.0003	0	0.0000	0
E	0.0004	0	0.0000	0
V	0.0005	0	0.0000	0
L	0.0020	0	0.0001	0
A	0.0004	0	0.0000	0
A	0.0002	0	0.0000	0
A	0.0002	0	0.0000	0
N	0.0005	0	0.0000	0
A	0.0002	0	0.0000	0
R	0.0001	0	0.0000	0
A	0.0002	0	0.0000	0
E	0.0001	0	0.0000	0
K	0.0003	0	0.0000	0
I	0.0000	0	0.0000	0
N	0.0001	0	0.0000	0
A	0.0001	0	0.0000	0
L	0.0001	0	0.0000	0
E	0.0002	0	0.0000	0
T	0.0011	0	0.0000	0
V	0.0003	0	0.0000	0
T	0.0380	0	0.0009	0
I	0.0108	0	0.0001	0
A	0.2539	0	0.0125	0
S	0.0618	0	0.0008	0
K	0.7801	1	0.0202	0
A	0.4276	1	0.0027	0
G	0.7688	1	0.0028	0
D	0.4234	1	0.0027	0
E	0.2628	0	0.0015	0
G	0.0152	0	0.0000	0
K	0.1328	0	0.0003	0
L	0.0020	0	0.0000	0
F	0.3058	0	0.0030	0
G	0.0343	0	0.0002	0
S	0.2627	0	0.0057	0
I	0.0268	0	0.0001	0
G	0.3172	0	0.0021	0
T	0.0306	0	0.0001	0
R	0.0103	0	0.0001	0
D	0.0003	0	0.0000	0
I	0.0000	0	0.0000	0
A	0.0001	0	0.0000	0
D	0.0002	0	0.0000	0
A	0.0001	0	0.0000	0
V	0.0001	0	0.0000	0
T	0.0012	0	0.0000	0
A	0.0002	0	0.0000	0
A	0.0001	0	0.0000	0
G	0.0001	0	0.0000	0
V	0.0000	0	0.0000	0
E	0.0001	0	0.0000	0
V	0.0001	0	0.0000	0
A	0.0002	0	0.0000	0
K	0.0008	0	0.0000	0
S	0.0132	0	0.0001	0
E	0.0009	0	0.0000	0
V	0.0001	0	0.0000	0
R	0.0003	0	0.0000	0
L	0.0004	0	0.0000	0
P	0.0002	0	0.0000	0
N	0.0001	0	0.0000	0
G	0.0006	0	0.0001	0
V	0.0017	0	0.0004	0
L	0.0053	0	0.0010	0
R	0.6931	1	0.0843	0
T	0.5191	1	0.0162	0
T	0.0864	0	0.0033	0
G	0.0897	0	0.0023	0
E	0.3632	1	0.0232	0
H	0.4135	1	0.0403	0
E	0.0446	0	0.0044	0
V	0.0003	0	0.0000	0
S	0.0104	0	0.0005	0
F	0.0009	0	0.0000	0
Q	0.2479	0	0.0097	0
V	0.0121	0	0.0001	0
H	0.0855	0	0.0026	0
S	0.0081	0	0.0003	0
E	0.0028	0	0.0001	0
V	0.0004	0	0.0000	0
F	0.0011	0	0.0001	0
A	0.0001	0	0.0000	0
K	0.0041	0	0.0006	0
V	0.0001	0	0.0000	0
I	0.0020	0	0.0003	0
V	0.0001	0	0.0000	0
N	0.0002	0	0.0000	0
V	0.0001	0	0.0000	0
V	0.0003	0	0.0000	0
A	0.0005	0	0.0000	0
E	0.0064	0	0.0001	0
</pre></body></html>