<html><head></head><body><pre style="word-wrap: break-word; white-space: pre-wrap;">&gt;P08394
Amino Acid	probability_DNA	binary_DNA	probability_RNA	binary_RNA
M	0.0619	0	0.0017	0
S	0.0078	0	0.0002	0
D	0.0027	0	0.0001	0
V	0.0014	0	0.0000	0
A	0.0008	0	0.0000	0
E	0.0015	0	0.0000	0
T	0.0010	0	0.0000	0
L	0.0002	0	0.0000	0
D	0.0007	0	0.0000	0
P	0.0002	0	0.0000	0
L	0.0002	0	0.0000	0
R	0.0004	0	0.0000	0
L	0.0003	0	0.0000	0
P	0.0007	0	0.0000	0
L	0.0001	0	0.0000	0
Q	0.0003	0	0.0000	0
G	0.0005	0	0.0000	0
E	0.0002	0	0.0000	0
R	0.0001	0	0.0000	0
L	0.0001	0	0.0000	0
I	0.0002	0	0.0000	0
E	0.0036	0	0.0001	0
A	0.0045	0	0.0000	0
S	0.1507	0	0.0001	0
A	0.1433	0	0.0000	0
G	0.1361	0	0.0000	0
T	0.3937	1	0.0000	0
G	0.0170	0	0.0000	0
K	0.2940	0	0.0001	0
T	0.0070	0	0.0000	0
F	0.0011	0	0.0000	0
T	0.0000	0	0.0000	0
I	0.0000	0	0.0000	0
A	0.0000	0	0.0000	0
A	0.0000	0	0.0000	0
L	0.0006	0	0.0000	0
Y	0.0000	0	0.0000	0
L	0.0000	0	0.0000	0
R	0.0001	0	0.0000	0
L	0.0000	0	0.0000	0
L	0.0000	0	0.0000	0
L	0.0000	0	0.0000	0
G	0.0000	0	0.0000	0
L	0.0000	0	0.0000	0
G	0.0000	0	0.0000	0
G	0.0000	0	0.0000	0
S	0.0001	0	0.0000	0
A	0.0001	0	0.0000	0
A	0.0001	0	0.0000	0
F	0.0001	0	0.0000	0
P	0.0002	0	0.0000	0
R	0.0002	0	0.0000	0
P	0.0002	0	0.0000	0
L	0.0002	0	0.0000	0
T	0.0012	0	0.0000	0
V	0.0004	0	0.0000	0
E	0.0004	0	0.0000	0
E	0.0010	0	0.0000	0
L	0.0001	0	0.0000	0
L	0.0003	0	0.0000	0
V	0.0002	0	0.0000	0
V	0.0011	0	0.0000	0
T	0.0218	0	0.0000	0
F	0.2166	0	0.0004	0
T	0.6779	1	0.0018	0
E	0.2183	0	0.0005	0
A	0.0931	0	0.0001	0
A	0.0004	0	0.0000	0
T	0.0003	0	0.0000	0
A	0.0004	0	0.0000	0
E	0.0003	0	0.0000	0
L	0.0001	0	0.0000	0
R	0.0009	0	0.0000	0
G	0.0001	0	0.0000	0
R	0.0044	0	0.0000	0
I	0.0000	0	0.0000	0
R	0.0000	0	0.0000	0
S	0.0000	0	0.0000	0
N	0.0000	0	0.0000	0
I	0.0000	0	0.0000	0
H	0.0001	0	0.0000	0
E	0.0001	0	0.0000	0
L	0.0000	0	0.0000	0
R	0.0001	0	0.0000	0
I	0.0001	0	0.0000	0
A	0.0001	0	0.0000	0
C	0.0000	0	0.0000	0
L	0.0001	0	0.0000	0
R	0.0003	0	0.0000	0
E	0.0001	0	0.0000	0
T	0.0002	0	0.0000	0
T	0.0002	0	0.0000	0
D	0.0002	0	0.0000	0
N	0.0002	0	0.0000	0
P	0.0001	0	0.0000	0
L	0.0001	0	0.0000	0
Y	0.0001	0	0.0000	0
E	0.0001	0	0.0000	0
R	0.0001	0	0.0000	0
L	0.0000	0	0.0000	0
L	0.0000	0	0.0000	0
E	0.0000	0	0.0000	0
E	0.0001	0	0.0000	0
I	0.0001	0	0.0000	0
D	0.0001	0	0.0000	0
D	0.0002	0	0.0000	0
K	0.0004	0	0.0000	0
A	0.0002	0	0.0000	0
Q	0.0003	0	0.0000	0
A	0.0001	0	0.0000	0
A	0.0002	0	0.0000	0
Q	0.0002	0	0.0000	0
W	0.0001	0	0.0000	0
L	0.0000	0	0.0000	0
L	0.0001	0	0.0000	0
L	0.0002	0	0.0000	0
A	0.0001	0	0.0000	0
E	0.0001	0	0.0000	0
R	0.0002	0	0.0000	0
Q	0.0001	0	0.0000	0
M	0.0001	0	0.0000	0
D	0.0002	0	0.0000	0
E	0.0003	0	0.0000	0
A	0.0001	0	0.0000	0
A	0.0055	0	0.0000	0
V	0.0003	0	0.0000	0
F	0.0179	0	0.0001	0
T	0.1968	0	0.0084	0
I	0.0099	0	0.0001	0
H	0.2182	0	0.0047	0
G	0.0788	0	0.0001	0
F	0.0013	0	0.0000	0
C	0.0005	0	0.0000	0
Q	0.0094	0	0.0000	0
R	0.0065	0	0.0000	0
M	0.0002	0	0.0000	0
L	0.0002	0	0.0000	0
N	0.0066	0	0.0000	0
L	0.0003	0	0.0000	0
N	0.0001	0	0.0000	0
A	0.0001	0	0.0000	0
F	0.0001	0	0.0000	0
E	0.0001	0	0.0000	0
S	0.0001	0	0.0000	0
G	0.0002	0	0.0000	0
M	0.0002	0	0.0000	0
L	0.0008	0	0.0000	0
F	0.0016	0	0.0000	0
E	0.0015	0	0.0000	0
Q	0.0005	0	0.0000	0
Q	0.0006	0	0.0000	0
L	0.0002	0	0.0000	0
I	0.0003	0	0.0000	0
E	0.0007	0	0.0000	0
D	0.0006	0	0.0000	0
E	0.0007	0	0.0000	0
S	0.0005	0	0.0000	0
L	0.0008	0	0.0000	0
L	0.0003	0	0.0000	0
R	0.0013	0	0.0000	0
Y	0.0011	0	0.0000	0
Q	0.0009	0	0.0000	0
A	0.0002	0	0.0000	0
C	0.0003	0	0.0000	0
A	0.0010	0	0.0000	0
D	0.0005	0	0.0000	0
F	0.0005	0	0.0000	0
W	0.0002	0	0.0000	0
R	0.0013	0	0.0000	0
R	0.0005	0	0.0000	0
H	0.0003	0	0.0000	0
C	0.0001	0	0.0000	0
Y	0.0003	0	0.0000	0
P	0.0003	0	0.0000	0
L	0.0002	0	0.0000	0
P	0.0003	0	0.0000	0
R	0.0006	0	0.0000	0
E	0.0002	0	0.0000	0
I	0.0001	0	0.0000	0
A	0.0002	0	0.0000	0
Q	0.0012	0	0.0000	0
V	0.0003	0	0.0000	0
V	0.0002	0	0.0000	0
F	0.0012	0	0.0000	0
E	0.0009	0	0.0000	0
T	0.0006	0	0.0000	0
W	0.0021	0	0.0000	0
K	0.0096	0	0.0000	0
G	0.0185	0	0.0000	0
P	0.0086	0	0.0000	0
Q	0.0058	0	0.0000	0
A	0.0034	0	0.0000	0
L	0.0002	0	0.0000	0
L	0.0005	0	0.0000	0
R	0.0014	0	0.0000	0
D	0.0002	0	0.0000	0
I	0.0001	0	0.0000	0
N	0.0004	0	0.0000	0
R	0.0009	0	0.0000	0
Y	0.0004	0	0.0000	0
L	0.0002	0	0.0000	0
Q	0.0023	0	0.0000	0
G	0.0016	0	0.0000	0
E	0.0007	0	0.0000	0
A	0.0005	0	0.0000	0
P	0.0007	0	0.0000	0
V	0.0004	0	0.0000	0
I	0.0004	0	0.0000	0
K	0.0063	0	0.0000	0
A	0.0020	0	0.0000	0
P	0.0015	0	0.0000	0
P	0.0014	0	0.0000	0
P	0.0016	0	0.0000	0
D	0.0019	0	0.0000	0
D	0.0042	0	0.0000	0
E	0.0011	0	0.0000	0
T	0.0003	0	0.0000	0
L	0.0002	0	0.0000	0
A	0.0002	0	0.0000	0
S	0.0003	0	0.0000	0
R	0.0002	0	0.0000	0
H	0.0002	0	0.0000	0
A	0.0006	0	0.0000	0
Q	0.0003	0	0.0000	0
I	0.0001	0	0.0000	0
V	0.0006	0	0.0000	0
A	0.0012	0	0.0000	0
R	0.0005	0	0.0000	0
I	0.0002	0	0.0000	0
D	0.0003	0	0.0000	0
T	0.0003	0	0.0000	0
V	0.0001	0	0.0000	0
K	0.0002	0	0.0000	0
Q	0.0002	0	0.0000	0
Q	0.0001	0	0.0000	0
W	0.0001	0	0.0000	0
R	0.0011	0	0.0000	0
D	0.0003	0	0.0000	0
A	0.0001	0	0.0000	0
V	0.0001	0	0.0000	0
G	0.0002	0	0.0000	0
E	0.0003	0	0.0000	0
L	0.0001	0	0.0000	0
D	0.0003	0	0.0000	0
A	0.0001	0	0.0000	0
L	0.0001	0	0.0000	0
I	0.0001	0	0.0000	0
E	0.0004	0	0.0000	0
S	0.0003	0	0.0000	0
S	0.0002	0	0.0000	0
G	0.0003	0	0.0000	0
I	0.0001	0	0.0000	0
D	0.0011	0	0.0000	0
R	0.0014	0	0.0000	0
R	0.0016	0	0.0000	0
K	0.0016	0	0.0000	0
F	0.0015	0	0.0000	0
N	0.0040	0	0.0000	0
R	0.0096	0	0.0000	0
S	0.0096	0	0.0000	0
N	0.0029	0	0.0000	0
Q	0.0004	0	0.0000	0
A	0.0008	0	0.0000	0
K	0.0054	0	0.0000	0
W	0.0006	0	0.0000	0
I	0.0005	0	0.0000	0
D	0.0032	0	0.0000	0
K	0.0011	0	0.0000	0
I	0.0002	0	0.0000	0
S	0.0007	0	0.0000	0
A	0.0012	0	0.0000	0
W	0.0007	0	0.0000	0
A	0.0004	0	0.0000	0
E	0.0023	0	0.0000	0
E	0.0011	0	0.0000	0
E	0.0008	0	0.0000	0
T	0.0008	0	0.0000	0
N	0.0007	0	0.0000	0
S	0.0003	0	0.0000	0
Y	0.0003	0	0.0000	0
Q	0.0004	0	0.0000	0
L	0.0004	0	0.0000	0
P	0.0015	0	0.0000	0
E	0.0032	0	0.0000	0
S	0.0006	0	0.0000	0
L	0.0002	0	0.0000	0
E	0.0031	0	0.0000	0
K	0.0033	0	0.0000	0
F	0.0003	0	0.0000	0
S	0.0002	0	0.0000	0
Q	0.0019	0	0.0000	0
R	0.0025	0	0.0000	0
F	0.0003	0	0.0000	0
L	0.0003	0	0.0000	0
E	0.0005	0	0.0000	0
D	0.0009	0	0.0000	0
R	0.0003	0	0.0000	0
T	0.0002	0	0.0000	0
K	0.0010	0	0.0000	0
A	0.0004	0	0.0000	0
G	0.0003	0	0.0000	0
G	0.0008	0	0.0000	0
E	0.0010	0	0.0000	0
T	0.0008	0	0.0000	0
P	0.0021	0	0.0000	0
R	0.0044	0	0.0000	0
H	0.0012	0	0.0000	0
P	0.0002	0	0.0000	0
L	0.0001	0	0.0000	0
F	0.0002	0	0.0000	0
E	0.0005	0	0.0000	0
A	0.0001	0	0.0000	0
I	0.0002	0	0.0000	0
D	0.0010	0	0.0000	0
Q	0.0003	0	0.0000	0
L	0.0001	0	0.0000	0
L	0.0002	0	0.0000	0
A	0.0006	0	0.0000	0
E	0.0003	0	0.0000	0
P	0.0002	0	0.0000	0
L	0.0001	0	0.0000	0
S	0.0002	0	0.0000	0
I	0.0001	0	0.0000	0
R	0.0007	0	0.0000	0
D	0.0003	0	0.0000	0
L	0.0001	0	0.0000	0
V	0.0001	0	0.0000	0
I	0.0001	0	0.0000	0
T	0.0001	0	0.0000	0
R	0.0002	0	0.0000	0
A	0.0001	0	0.0000	0
L	0.0000	0	0.0000	0
A	0.0002	0	0.0000	0
E	0.0001	0	0.0000	0
I	0.0000	0	0.0000	0
R	0.0009	0	0.0000	0
E	0.0002	0	0.0000	0
T	0.0001	0	0.0000	0
V	0.0007	0	0.0000	0
A	0.0004	0	0.0000	0
R	0.0007	0	0.0000	0
E	0.0018	0	0.0000	0
K	0.0026	0	0.0000	0
R	0.0007	0	0.0000	0
R	0.0004	0	0.0000	0
R	0.0007	0	0.0000	0
G	0.0004	0	0.0000	0
E	0.0007	0	0.0000	0
L	0.0005	0	0.0000	0
G	0.0071	0	0.0000	0
F	0.1194	0	0.0001	0
D	0.0030	0	0.0000	0
D	0.0034	0	0.0000	0
M	0.0006	0	0.0000	0
L	0.0003	0	0.0000	0
S	0.0012	0	0.0000	0
R	0.0002	0	0.0000	0
L	0.0001	0	0.0000	0
D	0.0001	0	0.0000	0
S	0.0001	0	0.0000	0
A	0.0000	0	0.0000	0
L	0.0001	0	0.0000	0
R	0.0003	0	0.0000	0
S	0.0005	0	0.0000	0
E	0.0003	0	0.0000	0
S	0.0003	0	0.0000	0
G	0.0003	0	0.0000	0
E	0.0001	0	0.0000	0
V	0.0001	0	0.0000	0
L	0.0001	0	0.0000	0
A	0.0001	0	0.0000	0
A	0.0002	0	0.0000	0
A	0.0003	0	0.0000	0
I	0.0001	0	0.0000	0
R	0.0008	0	0.0000	0
T	0.0001	0	0.0000	0
R	0.0003	0	0.0000	0
F	0.0001	0	0.0000	0
P	0.0001	0	0.0000	0
V	0.0000	0	0.0000	0
A	0.0000	0	0.0000	0
M	0.0001	0	0.0000	0
I	0.0005	0	0.0000	0
D	0.0130	0	0.0000	0
E	0.0213	0	0.0000	0
F	0.0039	0	0.0000	0
Q	0.0083	0	0.0000	0
D	0.0052	0	0.0000	0
T	0.0039	0	0.0000	0
D	0.1462	0	0.0003	0
P	0.0115	0	0.0000	0
Q	0.0002	0	0.0000	0
Q	0.0010	0	0.0000	0
Y	0.0001	0	0.0000	0
R	0.0000	0	0.0000	0
I	0.0000	0	0.0000	0
F	0.0000	0	0.0000	0
R	0.0000	0	0.0000	0
R	0.0000	0	0.0000	0
I	0.0000	0	0.0000	0
W	0.0000	0	0.0000	0
H	0.0000	0	0.0000	0
H	0.0000	0	0.0000	0
Q	0.0001	0	0.0000	0
P	0.0000	0	0.0000	0
E	0.0001	0	0.0000	0
T	0.0001	0	0.0000	0
A	0.0001	0	0.0000	0
L	0.0001	0	0.0000	0
L	0.0000	0	0.0000	0
L	0.0001	0	0.0000	0
I	0.0004	0	0.0000	0
G	0.0019	0	0.0000	0
D	0.0342	0	0.0000	0
P	0.0117	0	0.0000	0
K	0.0941	0	0.0001	0
Q	0.1554	0	0.0003	0
A	0.0225	0	0.0000	0
I	0.0101	0	0.0000	0
Y	0.5558	1	0.0001	0
A	0.1248	0	0.0000	0
F	0.0196	0	0.0000	0
R	0.4097	1	0.0001	0
G	0.0813	0	0.0000	0
A	0.0071	0	0.0000	0
D	0.1120	0	0.0000	0
I	0.0030	0	0.0000	0
F	0.0713	0	0.0000	0
T	0.0212	0	0.0000	0
Y	0.0034	0	0.0000	0
M	0.0012	0	0.0000	0
K	0.0153	0	0.0000	0
A	0.0016	0	0.0000	0
R	0.0001	0	0.0000	0
S	0.0004	0	0.0000	0
E	0.0007	0	0.0000	0
V	0.0002	0	0.0000	0
H	0.0001	0	0.0000	0
A	0.0003	0	0.0000	0
H	0.0008	0	0.0000	0
Y	0.0003	0	0.0000	0
T	0.0008	0	0.0000	0
L	0.0006	0	0.0000	0
D	0.0068	0	0.0000	0
T	0.0265	0	0.0000	0
N	0.1909	0	0.0000	0
W	0.0058	0	0.0000	0
R	0.0058	0	0.0000	0
S	0.0007	0	0.0000	0
A	0.0004	0	0.0000	0
P	0.0005	0	0.0000	0
G	0.0002	0	0.0000	0
M	0.0000	0	0.0000	0
V	0.0000	0	0.0000	0
N	0.0003	0	0.0000	0
S	0.0001	0	0.0000	0
V	0.0002	0	0.0000	0
N	0.0118	0	0.0000	0
K	0.0028	0	0.0000	0
L	0.0001	0	0.0000	0
F	0.0002	0	0.0000	0
S	0.0008	0	0.0000	0
Q	0.0009	0	0.0000	0
T	0.0002	0	0.0000	0
D	0.0002	0	0.0000	0
D	0.0002	0	0.0000	0
A	0.0002	0	0.0000	0
F	0.0001	0	0.0000	0
M	0.0001	0	0.0000	0
F	0.0001	0	0.0000	0
R	0.0002	0	0.0000	0
E	0.0001	0	0.0000	0
I	0.0001	0	0.0000	0
P	0.0001	0	0.0000	0
F	0.0002	0	0.0000	0
I	0.0003	0	0.0000	0
P	0.0004	0	0.0000	0
V	0.0003	0	0.0000	0
K	0.0008	0	0.0000	0
S	0.0008	0	0.0000	0
A	0.0006	0	0.0000	0
G	0.0008	0	0.0000	0
K	0.0010	0	0.0000	0
N	0.0006	0	0.0000	0
Q	0.0007	0	0.0000	0
A	0.0006	0	0.0000	0
L	0.0003	0	0.0000	0
R	0.0007	0	0.0000	0
F	0.0003	0	0.0000	0
V	0.0004	0	0.0000	0
F	0.0004	0	0.0000	0
K	0.0003	0	0.0000	0
G	0.0002	0	0.0000	0
E	0.0002	0	0.0000	0
T	0.0002	0	0.0000	0
Q	0.0003	0	0.0000	0
P	0.0001	0	0.0000	0
A	0.0001	0	0.0000	0
M	0.0001	0	0.0000	0
K	0.0001	0	0.0000	0
M	0.0001	0	0.0000	0
W	0.0001	0	0.0000	0
L	0.0001	0	0.0000	0
M	0.0001	0	0.0000	0
E	0.0001	0	0.0000	0
G	0.0001	0	0.0000	0
E	0.0001	0	0.0000	0
S	0.0002	0	0.0000	0
C	0.0001	0	0.0000	0
G	0.0002	0	0.0000	0
V	0.0002	0	0.0000	0
G	0.0002	0	0.0000	0
D	0.0003	0	0.0000	0
Y	0.0002	0	0.0000	0
Q	0.0002	0	0.0000	0
S	0.0001	0	0.0000	0
T	0.0001	0	0.0000	0
M	0.0000	0	0.0000	0
A	0.0001	0	0.0000	0
Q	0.0002	0	0.0000	0
V	0.0000	0	0.0000	0
C	0.0000	0	0.0000	0
A	0.0001	0	0.0000	0
A	0.0001	0	0.0000	0
Q	0.0001	0	0.0000	0
I	0.0001	0	0.0000	0
R	0.0001	0	0.0000	0
D	0.0002	0	0.0000	0
W	0.0001	0	0.0000	0
L	0.0001	0	0.0000	0
Q	0.0003	0	0.0000	0
A	0.0001	0	0.0000	0
G	0.0001	0	0.0000	0
Q	0.0002	0	0.0000	0
R	0.0003	0	0.0000	0
G	0.0003	0	0.0000	0
E	0.0004	0	0.0000	0
A	0.0002	0	0.0000	0
L	0.0007	0	0.0000	0
L	0.0006	0	0.0000	0
M	0.0033	0	0.0000	0
N	0.0031	0	0.0000	0
G	0.0019	0	0.0000	0
D	0.0019	0	0.0000	0
D	0.0018	0	0.0000	0
A	0.0011	0	0.0000	0
R	0.0048	0	0.0000	0
P	0.0030	0	0.0000	0
V	0.0020	0	0.0000	0
R	0.0384	0	0.0000	0
A	0.0230	0	0.0000	0
S	0.0020	0	0.0000	0
D	0.0062	0	0.0000	0
I	0.0002	0	0.0000	0
S	0.0016	0	0.0000	0
V	0.0058	0	0.0000	0
L	0.0080	0	0.0000	0
V	0.0096	0	0.0000	0
R	0.5818	1	0.0011	0
S	0.2496	0	0.0003	0
R	0.3592	1	0.0003	0
Q	0.2154	0	0.0002	0
E	0.0047	0	0.0000	0
A	0.0014	0	0.0000	0
A	0.0002	0	0.0000	0
Q	0.0001	0	0.0000	0
V	0.0001	0	0.0000	0
R	0.0002	0	0.0000	0
D	0.0001	0	0.0000	0
A	0.0001	0	0.0000	0
L	0.0001	0	0.0000	0
T	0.0004	0	0.0000	0
L	0.0002	0	0.0000	0
L	0.0003	0	0.0000	0
E	0.0008	0	0.0000	0
I	0.0002	0	0.0000	0
P	0.0005	0	0.0000	0
S	0.0006	0	0.0000	0
V	0.0005	0	0.0000	0
Y	0.0005	0	0.0000	0
L	0.0002	0	0.0000	0
S	0.0013	0	0.0000	0
N	0.0023	0	0.0000	0
R	0.0038	0	0.0000	0
D	0.0016	0	0.0000	0
S	0.0152	0	0.0000	0
V	0.0022	0	0.0000	0
F	0.0054	0	0.0000	0
E	0.0056	0	0.0000	0
T	0.0042	0	0.0000	0
L	0.0005	0	0.0000	0
E	0.0005	0	0.0000	0
A	0.0003	0	0.0000	0
Q	0.0029	0	0.0000	0
E	0.0004	0	0.0000	0
M	0.0001	0	0.0000	0
L	0.0005	0	0.0000	0
W	0.0013	0	0.0000	0
L	0.0002	0	0.0000	0
L	0.0003	0	0.0000	0
Q	0.1153	0	0.0076	0
A	0.0003	0	0.0000	0
V	0.0001	0	0.0000	0
M	0.0003	0	0.0000	0
T	0.0006	0	0.0000	0
P	0.0009	0	0.0000	0
E	0.0030	0	0.0000	0
R	0.0092	0	0.0001	0
E	0.0229	0	0.0003	0
N	0.0014	0	0.0000	0
T	0.0008	0	0.0000	0
L	0.0002	0	0.0000	0
R	0.0002	0	0.0000	0
S	0.0001	0	0.0000	0
A	0.0001	0	0.0000	0
L	0.0000	0	0.0000	0
A	0.0005	0	0.0000	0
T	0.0014	0	0.0000	0
S	0.0004	0	0.0000	0
M	0.0006	0	0.0000	0
M	0.0008	0	0.0000	0
G	0.0022	0	0.0000	0
L	0.0054	0	0.0000	0
N	0.0053	0	0.0000	0
A	0.0064	0	0.0000	0
L	0.0103	0	0.0000	0
D	0.0069	0	0.0000	0
I	0.0004	0	0.0000	0
E	0.0013	0	0.0000	0
T	0.0028	0	0.0000	0
L	0.0003	0	0.0000	0
N	0.0017	0	0.0000	0
N	0.0065	0	0.0000	0
D	0.0031	0	0.0000	0
E	0.0014	0	0.0000	0
H	0.0031	0	0.0000	0
A	0.0003	0	0.0000	0
W	0.0026	0	0.0000	0
D	0.0017	0	0.0000	0
V	0.0021	0	0.0000	0
V	0.0003	0	0.0000	0
V	0.0004	0	0.0000	0
E	0.0027	0	0.0000	0
E	0.0008	0	0.0000	0
F	0.0006	0	0.0000	0
D	0.0105	0	0.0002	0
G	0.0024	0	0.0000	0
Y	0.0007	0	0.0000	0
R	0.0039	0	0.0001	0
Q	0.0017	0	0.0000	0
I	0.0003	0	0.0000	0
W	0.0006	0	0.0000	0
R	0.0019	0	0.0000	0
K	0.0004	0	0.0000	0
R	0.0006	0	0.0000	0
G	0.0037	0	0.0000	0
V	0.0003	0	0.0000	0
M	0.0002	0	0.0000	0
P	0.0005	0	0.0000	0
M	0.0001	0	0.0000	0
L	0.0001	0	0.0000	0
R	0.0003	0	0.0000	0
A	0.0001	0	0.0000	0
L	0.0001	0	0.0000	0
M	0.0002	0	0.0000	0
S	0.0004	0	0.0000	0
A	0.0004	0	0.0000	0
R	0.0004	0	0.0000	0
N	0.0003	0	0.0000	0
I	0.0002	0	0.0000	0
A	0.0002	0	0.0000	0
E	0.0007	0	0.0000	0
N	0.0005	0	0.0000	0
L	0.0001	0	0.0000	0
L	0.0007	0	0.0000	0
A	0.0006	0	0.0000	0
T	0.0005	0	0.0000	0
A	0.0009	0	0.0000	0
G	0.0021	0	0.0000	0
G	0.0007	0	0.0000	0
E	0.0017	0	0.0000	0
R	0.0010	0	0.0000	0
R	0.0036	0	0.0000	0
L	0.0003	0	0.0000	0
T	0.0002	0	0.0000	0
D	0.0004	0	0.0000	0
I	0.0005	0	0.0000	0
L	0.0022	0	0.0000	0
H	0.0005	0	0.0000	0
I	0.0001	0	0.0000	0
S	0.0003	0	0.0000	0
E	0.0004	0	0.0000	0
L	0.0001	0	0.0000	0
L	0.0001	0	0.0000	0
Q	0.0004	0	0.0000	0
E	0.0001	0	0.0000	0
A	0.0001	0	0.0000	0
G	0.0003	0	0.0000	0
T	0.0002	0	0.0000	0
Q	0.0003	0	0.0000	0
L	0.0003	0	0.0000	0
E	0.0004	0	0.0000	0
S	0.0007	0	0.0000	0
E	0.0004	0	0.0000	0
H	0.0003	0	0.0000	0
A	0.0013	0	0.0000	0
L	0.0002	0	0.0000	0
V	0.0002	0	0.0000	0
R	0.0035	0	0.0000	0
W	0.0002	0	0.0000	0
L	0.0001	0	0.0000	0
S	0.0003	0	0.0000	0
Q	0.0005	0	0.0000	0
H	0.0001	0	0.0000	0
I	0.0001	0	0.0000	0
L	0.0003	0	0.0000	0
E	0.0005	0	0.0000	0
P	0.0005	0	0.0000	0
D	0.0007	0	0.0000	0
S	0.0016	0	0.0000	0
N	0.0014	0	0.0000	0
A	0.0011	0	0.0000	0
S	0.0011	0	0.0000	0
S	0.0008	0	0.0000	0
Q	0.0006	0	0.0000	0
Q	0.0006	0	0.0000	0
M	0.0002	0	0.0000	0
R	0.0003	0	0.0000	0
L	0.0001	0	0.0000	0
E	0.0002	0	0.0000	0
S	0.0002	0	0.0000	0
D	0.0003	0	0.0000	0
K	0.0002	0	0.0000	0
H	0.0002	0	0.0000	0
L	0.0004	0	0.0000	0
V	0.0002	0	0.0000	0
Q	0.0092	0	0.0000	0
I	0.0009	0	0.0000	0
V	0.0173	0	0.0000	0
T	0.4851	1	0.0016	0
I	0.0326	0	0.0000	0
H	0.5819	1	0.0021	0
K	0.6649	1	0.0005	0
S	0.3060	0	0.0002	0
K	0.4888	1	0.0008	0
G	0.0272	0	0.0000	0
L	0.0172	0	0.0000	0
E	0.0249	0	0.0000	0
Y	0.0020	0	0.0000	0
P	0.0051	0	0.0000	0
L	0.0007	0	0.0000	0
V	0.0005	0	0.0000	0
W	0.0007	0	0.0000	0
L	0.0008	0	0.0000	0
P	0.0005	0	0.0000	0
F	0.0019	0	0.0000	0
I	0.0045	0	0.0000	0
T	0.0150	0	0.0000	0
N	0.0603	0	0.0000	0
F	0.0805	0	0.0000	0
R	0.0288	0	0.0000	0
V	0.0581	0	0.0000	0
Q	0.0150	0	0.0000	0
E	0.0094	0	0.0000	0
Q	0.0168	0	0.0000	0
A	0.0040	0	0.0000	0
F	0.0067	0	0.0000	0
Y	0.0045	0	0.0000	0
H	0.0610	0	0.0001	0
D	0.0347	0	0.0000	0
R	0.1138	0	0.0001	0
H	0.0551	0	0.0000	0
S	0.0216	0	0.0000	0
F	0.0033	0	0.0000	0
E	0.0046	0	0.0000	0
A	0.0015	0	0.0000	0
V	0.0016	0	0.0000	0
L	0.0014	0	0.0000	0
D	0.0013	0	0.0000	0
L	0.0011	0	0.0000	0
N	0.0013	0	0.0000	0
A	0.0016	0	0.0000	0
A	0.0022	0	0.0000	0
P	0.0023	0	0.0000	0
E	0.0012	0	0.0000	0
S	0.0003	0	0.0000	0
V	0.0003	0	0.0000	0
D	0.0005	0	0.0000	0
L	0.0005	0	0.0000	0
A	0.0002	0	0.0000	0
E	0.0010	0	0.0000	0
A	0.0005	0	0.0000	0
E	0.0005	0	0.0000	0
R	0.0038	0	0.0000	0
L	0.0003	0	0.0000	0
A	0.0027	0	0.0000	0
E	0.0034	0	0.0000	0
D	0.0005	0	0.0000	0
L	0.0009	0	0.0000	0
R	0.2383	0	0.0005	0
L	0.0027	0	0.0000	0
L	0.0003	0	0.0000	0
Y	0.0355	0	0.0000	0
V	0.0001	0	0.0000	0
A	0.0001	0	0.0000	0
L	0.0005	0	0.0000	0
T	0.0023	0	0.0000	0
R	0.3018	0	0.0135	0
S	0.0008	0	0.0000	0
V	0.0046	0	0.0002	0
W	0.0003	0	0.0000	0
H	0.0003	0	0.0000	0
C	0.0001	0	0.0000	0
S	0.0020	0	0.0001	0
L	0.0002	0	0.0000	0
G	0.0006	0	0.0000	0
V	0.0027	0	0.0001	0
A	0.0030	0	0.0001	0
P	0.0076	0	0.0003	0
L	0.0076	0	0.0003	0
V	0.0342	0	0.0017	0
R	0.0358	0	0.0013	0
R	0.0894	0	0.0036	0
R	0.3288	0	0.0384	0
G	0.2577	0	0.0180	0
D	0.1915	0	0.0071	0
K	0.2154	0	0.0035	0
K	0.2612	0	0.0038	0
G	0.0666	0	0.0005	0
D	0.0232	0	0.0002	0
T	0.0023	0	0.0000	0
D	0.0045	0	0.0001	0
V	0.0015	0	0.0000	0
H	0.0020	0	0.0000	0
Q	0.0005	0	0.0000	0
S	0.0007	0	0.0000	0
A	0.0001	0	0.0000	0
L	0.0002	0	0.0000	0
G	0.0001	0	0.0000	0
R	0.0002	0	0.0000	0
L	0.0000	0	0.0000	0
L	0.0000	0	0.0000	0
Q	0.0003	0	0.0000	0
K	0.0001	0	0.0000	0
G	0.0005	0	0.0000	0
E	0.0004	0	0.0000	0
P	0.0011	0	0.0000	0
Q	0.0015	0	0.0000	0
D	0.0003	0	0.0000	0
A	0.0002	0	0.0000	0
A	0.0001	0	0.0000	0
G	0.0000	0	0.0000	0
L	0.0000	0	0.0000	0
R	0.0002	0	0.0000	0
T	0.0001	0	0.0000	0
C	0.0000	0	0.0000	0
I	0.0000	0	0.0000	0
E	0.0001	0	0.0000	0
A	0.0001	0	0.0000	0
L	0.0000	0	0.0000	0
C	0.0002	0	0.0000	0
D	0.0001	0	0.0000	0
D	0.0001	0	0.0000	0
D	0.0001	0	0.0000	0
I	0.0001	0	0.0000	0
A	0.0001	0	0.0000	0
W	0.0001	0	0.0000	0
Q	0.0001	0	0.0000	0
T	0.0001	0	0.0000	0
A	0.0001	0	0.0000	0
Q	0.0001	0	0.0000	0
T	0.0001	0	0.0000	0
G	0.0001	0	0.0000	0
D	0.0001	0	0.0000	0
N	0.0001	0	0.0000	0
Q	0.0002	0	0.0000	0
P	0.0002	0	0.0000	0
W	0.0004	0	0.0000	0
Q	0.0010	0	0.0000	0
V	0.0003	0	0.0000	0
N	0.0006	0	0.0000	0
D	0.0006	0	0.0000	0
V	0.0012	0	0.0000	0
S	0.0007	0	0.0000	0
T	0.0010	0	0.0000	0
A	0.0025	0	0.0000	0
E	0.0019	0	0.0000	0
L	0.0010	0	0.0000	0
N	0.0022	0	0.0000	0
A	0.0008	0	0.0000	0
K	0.0163	0	0.0003	0
T	0.0036	0	0.0001	0
L	0.0007	0	0.0000	0
Q	0.0050	0	0.0000	0
R	0.0236	0	0.0002	0
L	0.0070	0	0.0000	0
P	0.0062	0	0.0000	0
G	0.0048	0	0.0001	0
D	0.0054	0	0.0001	0
N	0.0055	0	0.0001	0
W	0.0017	0	0.0000	0
R	0.0052	0	0.0001	0
V	0.0347	0	0.0013	0
T	0.0774	0	0.0083	0
S	0.0228	0	0.0007	0
Y	0.0214	0	0.0007	0
S	0.0040	0	0.0002	0
G	0.0042	0	0.0001	0
L	0.0003	0	0.0000	0
Q	0.0008	0	0.0000	0
Q	0.0067	0	0.0004	0
R	0.0016	0	0.0001	0
G	0.0049	0	0.0002	0
H	0.0080	0	0.0002	0
G	0.0069	0	0.0001	0
I	0.0057	0	0.0001	0
A	0.0055	0	0.0001	0
Q	0.0048	0	0.0001	0
D	0.0040	0	0.0001	0
L	0.0073	0	0.0001	0
M	0.0012	0	0.0000	0
P	0.0014	0	0.0000	0
R	0.0033	0	0.0001	0
L	0.0007	0	0.0000	0
D	0.0005	0	0.0000	0
V	0.0008	0	0.0000	0
D	0.0006	0	0.0000	0
A	0.0003	0	0.0000	0
A	0.0004	0	0.0000	0
G	0.0002	0	0.0000	0
V	0.0003	0	0.0000	0
A	0.0003	0	0.0000	0
S	0.0002	0	0.0000	0
V	0.0001	0	0.0000	0
V	0.0001	0	0.0000	0
E	0.0001	0	0.0000	0
E	0.0002	0	0.0000	0
P	0.0002	0	0.0000	0
T	0.0001	0	0.0000	0
L	0.0003	0	0.0000	0
T	0.0004	0	0.0000	0
P	0.0013	0	0.0001	0
H	0.0092	0	0.0013	0
Q	0.0035	0	0.0003	0
F	0.0025	0	0.0001	0
P	0.0249	0	0.0006	0
R	0.1070	0	0.0025	0
G	0.0208	0	0.0005	0
A	0.0042	0	0.0001	0
S	0.0064	0	0.0001	0
P	0.0048	0	0.0001	0
G	0.0311	0	0.0001	0
T	0.0178	0	0.0000	0
F	0.0009	0	0.0000	0
L	0.0248	0	0.0001	0
H	0.1858	0	0.0003	0
S	0.0004	0	0.0000	0
L	0.0001	0	0.0000	0
F	0.0001	0	0.0000	0
E	0.0010	0	0.0000	0
D	0.0001	0	0.0000	0
L	0.0000	0	0.0000	0
D	0.0001	0	0.0000	0
F	0.0001	0	0.0000	0
T	0.0002	0	0.0000	0
Q	0.0003	0	0.0000	0
P	0.0002	0	0.0000	0
V	0.0002	0	0.0000	0
D	0.0002	0	0.0000	0
P	0.0004	0	0.0000	0
N	0.0001	0	0.0000	0
W	0.0000	0	0.0000	0
V	0.0000	0	0.0000	0
R	0.0001	0	0.0000	0
E	0.0001	0	0.0000	0
K	0.0001	0	0.0000	0
L	0.0001	0	0.0000	0
E	0.0002	0	0.0000	0
L	0.0001	0	0.0000	0
G	0.0000	0	0.0000	0
G	0.0000	0	0.0000	0
F	0.0001	0	0.0000	0
E	0.0001	0	0.0000	0
S	0.0000	0	0.0000	0
Q	0.0001	0	0.0000	0
W	0.0001	0	0.0000	0
E	0.0001	0	0.0000	0
P	0.0001	0	0.0000	0
V	0.0001	0	0.0000	0
L	0.0001	0	0.0000	0
T	0.0001	0	0.0000	0
E	0.0001	0	0.0000	0
W	0.0001	0	0.0000	0
I	0.0001	0	0.0000	0
T	0.0001	0	0.0000	0
A	0.0001	0	0.0000	0
V	0.0000	0	0.0000	0
L	0.0001	0	0.0000	0
Q	0.0002	0	0.0000	0
A	0.0001	0	0.0000	0
P	0.0002	0	0.0000	0
L	0.0003	0	0.0000	0
N	0.0003	0	0.0000	0
E	0.0006	0	0.0000	0
T	0.0008	0	0.0000	0
G	0.0006	0	0.0000	0
V	0.0002	0	0.0000	0
S	0.0004	0	0.0000	0
L	0.0003	0	0.0000	0
S	0.0002	0	0.0000	0
Q	0.0002	0	0.0000	0
L	0.0001	0	0.0000	0
S	0.0001	0	0.0000	0
A	0.0003	0	0.0000	0
R	0.0007	0	0.0000	0
N	0.0007	0	0.0000	0
K	0.0006	0	0.0000	0
Q	0.0067	0	0.0000	0
V	0.0335	0	0.0001	0
E	0.0377	0	0.0001	0
M	0.0010	0	0.0000	0
E	0.0013	0	0.0000	0
F	0.0003	0	0.0000	0
Y	0.0002	0	0.0000	0
L	0.0001	0	0.0000	0
P	0.0005	0	0.0000	0
I	0.0003	0	0.0000	0
S	0.0003	0	0.0000	0
E	0.0003	0	0.0000	0
P	0.0003	0	0.0000	0
L	0.0002	0	0.0000	0
I	0.0006	0	0.0000	0
A	0.0003	0	0.0000	0
S	0.0003	0	0.0000	0
Q	0.0001	0	0.0000	0
L	0.0001	0	0.0000	0
D	0.0002	0	0.0000	0
T	0.0002	0	0.0000	0
L	0.0000	0	0.0000	0
I	0.0001	0	0.0000	0
R	0.0003	0	0.0000	0
Q	0.0001	0	0.0000	0
F	0.0001	0	0.0000	0
D	0.0001	0	0.0000	0
P	0.0000	0	0.0000	0
L	0.0001	0	0.0000	0
S	0.0001	0	0.0000	0
A	0.0001	0	0.0000	0
G	0.0001	0	0.0000	0
C	0.0001	0	0.0000	0
P	0.0001	0	0.0000	0
P	0.0001	0	0.0000	0
L	0.0001	0	0.0000	0
E	0.0001	0	0.0000	0
F	0.0001	0	0.0000	0
M	0.0001	0	0.0000	0
Q	0.0002	0	0.0000	0
V	0.0001	0	0.0000	0
R	0.0002	0	0.0000	0
G	0.0001	0	0.0000	0
M	0.0001	0	0.0000	0
L	0.0002	0	0.0000	0
K	0.0132	0	0.0009	0
G	0.0312	0	0.0009	0
F	0.0309	0	0.0005	0
I	0.0142	0	0.0002	0
D	0.3038	0	0.0120	0
L	0.0011	0	0.0000	0
V	0.0004	0	0.0000	0
F	0.0002	0	0.0000	0
R	0.0002	0	0.0000	0
H	0.0003	0	0.0000	0
E	0.0003	0	0.0000	0
G	0.0003	0	0.0000	0
R	0.0007	0	0.0000	0
Y	0.0001	0	0.0000	0
Y	0.0001	0	0.0000	0
L	0.0002	0	0.0000	0
L	0.0004	0	0.0000	0
D	0.0455	0	0.0004	0
Y	0.0247	0	0.0002	0
K	0.1499	0	0.0016	0
S	0.0531	0	0.0001	0
N	0.1494	0	0.0003	0
W	0.4456	1	0.0017	0
L	0.0027	0	0.0000	0
G	0.0204	0	0.0000	0
E	0.0167	0	0.0000	0
D	0.0049	0	0.0000	0
S	0.0046	0	0.0000	0
S	0.0029	0	0.0000	0
A	0.0009	0	0.0000	0
Y	0.0043	0	0.0000	0
T	0.0014	0	0.0000	0
Q	0.0007	0	0.0000	0
Q	0.0002	0	0.0000	0
A	0.0002	0	0.0000	0
M	0.0001	0	0.0000	0
A	0.0003	0	0.0000	0
A	0.0011	0	0.0000	0
A	0.0001	0	0.0000	0
M	0.0001	0	0.0000	0
Q	0.0002	0	0.0000	0
A	0.0011	0	0.0000	0
H	0.0013	0	0.0000	0
R	0.0070	0	0.0001	0
Y	0.0015	0	0.0000	0
D	0.0008	0	0.0000	0
L	0.0001	0	0.0000	0
Q	0.0020	0	0.0000	0
Y	0.0001	0	0.0000	0
Q	0.0001	0	0.0000	0
L	0.0001	0	0.0000	0
Y	0.0177	0	0.0012	0
T	0.0011	0	0.0000	0
L	0.0001	0	0.0000	0
A	0.0001	0	0.0000	0
L	0.0001	0	0.0000	0
H	0.0021	0	0.0000	0
R	0.1320	0	0.0035	0
Y	0.0004	0	0.0000	0
L	0.0002	0	0.0000	0
R	0.0138	0	0.0000	0
H	0.0011	0	0.0000	0
R	0.0140	0	0.0000	0
I	0.0003	0	0.0000	0
A	0.0008	0	0.0000	0
D	0.0004	0	0.0000	0
Y	0.0005	0	0.0000	0
D	0.0005	0	0.0000	0
Y	0.0013	0	0.0000	0
E	0.0009	0	0.0000	0
H	0.0048	0	0.0000	0
H	0.0005	0	0.0000	0
F	0.0002	0	0.0000	0
G	0.0001	0	0.0000	0
G	0.0002	0	0.0000	0
V	0.0001	0	0.0000	0
I	0.0002	0	0.0000	0
Y	0.0053	0	0.0000	0
L	0.0003	0	0.0000	0
F	0.0005	0	0.0000	0
L	0.0007	0	0.0000	0
R	0.2212	0	0.0009	0
G	0.0067	0	0.0000	0
V	0.0021	0	0.0000	0
D	0.0053	0	0.0000	0
K	0.0012	0	0.0000	0
E	0.0011	0	0.0000	0
H	0.0013	0	0.0000	0
P	0.0003	0	0.0000	0
Q	0.0003	0	0.0000	0
Q	0.0002	0	0.0000	0
G	0.0001	0	0.0000	0
I	0.0002	0	0.0000	0
Y	0.0003	0	0.0000	0
T	0.0005	0	0.0000	0
T	0.0003	0	0.0000	0
R	0.0010	0	0.0000	0
P	0.0001	0	0.0000	0
N	0.0002	0	0.0000	0
A	0.0001	0	0.0000	0
G	0.0001	0	0.0000	0
L	0.0000	0	0.0000	0
I	0.0001	0	0.0000	0
A	0.0003	0	0.0000	0
L	0.0001	0	0.0000	0
M	0.0001	0	0.0000	0
D	0.0001	0	0.0000	0
E	0.0001	0	0.0000	0
M	0.0000	0	0.0000	0
F	0.0001	0	0.0000	0
A	0.0002	0	0.0000	0
G	0.0003	0	0.0000	0
M	0.0027	0	0.0000	0
T	0.0029	0	0.0000	0
L	0.0047	0	0.0000	0
E	0.0143	0	0.0000	0
E	0.0692	0	0.0000	0
A	0.1269	0	0.0000	0
</pre></body></html>