<html><head></head><body><pre style="word-wrap: break-word; white-space: pre-wrap;">&gt;P05231
Amino Acid	probability_DNA	binary_DNA	probability_RNA	binary_RNA
M	0.4296	1	0.0142	0
N	0.3068	0	0.0065	0
S	0.0590	0	0.0007	0
F	0.0074	0	0.0001	0
S	0.0340	0	0.0007	0
T	0.0455	0	0.0005	0
S	0.0085	0	0.0001	0
A	0.0017	0	0.0000	0
F	0.0003	0	0.0000	0
G	0.0010	0	0.0000	0
P	0.0004	0	0.0000	0
V	0.0001	0	0.0000	0
A	0.0001	0	0.0000	0
F	0.0001	0	0.0000	0
S	0.0011	0	0.0000	0
L	0.0002	0	0.0000	0
G	0.0004	0	0.0000	0
L	0.0001	0	0.0000	0
L	0.0001	0	0.0000	0
L	0.0001	0	0.0000	0
V	0.0001	0	0.0000	0
L	0.0002	0	0.0000	0
P	0.0001	0	0.0000	0
A	0.0001	0	0.0000	0
A	0.0001	0	0.0000	0
F	0.0003	0	0.0000	0
P	0.0002	0	0.0000	0
A	0.0002	0	0.0000	0
P	0.0002	0	0.0000	0
V	0.0002	0	0.0000	0
P	0.0001	0	0.0000	0
P	0.0002	0	0.0000	0
G	0.0002	0	0.0000	0
E	0.0002	0	0.0000	0
D	0.0003	0	0.0000	0
S	0.0001	0	0.0000	0
K	0.0002	0	0.0000	0
D	0.0001	0	0.0000	0
V	0.0002	0	0.0000	0
A	0.0004	0	0.0000	0
A	0.0016	0	0.0000	0
P	0.0055	0	0.0000	0
H	0.0202	0	0.0000	0
R	0.1293	0	0.0000	0
Q	0.0370	0	0.0000	0
P	0.0142	0	0.0000	0
L	0.0814	0	0.0000	0
T	0.0373	0	0.0000	0
S	0.0183	0	0.0000	0
S	0.0245	0	0.0000	0
E	0.0094	0	0.0000	0
R	0.1591	0	0.0003	0
I	0.0017	0	0.0000	0
D	0.0017	0	0.0000	0
K	0.0729	0	0.0007	0
Q	0.0157	0	0.0001	0
I	0.0010	0	0.0000	0
R	0.2796	0	0.0027	0
Y	0.0447	0	0.0001	0
I	0.0003	0	0.0000	0
L	0.0019	0	0.0000	0
D	0.0290	0	0.0001	0
G	0.0014	0	0.0000	0
I	0.0003	0	0.0000	0
S	0.0014	0	0.0000	0
A	0.0006	0	0.0000	0
L	0.0003	0	0.0000	0
R	0.1691	0	0.0004	0
K	0.0045	0	0.0000	0
E	0.0034	0	0.0000	0
T	0.0008	0	0.0000	0
C	0.0005	0	0.0000	0
N	0.0029	0	0.0000	0
K	0.0139	0	0.0000	0
S	0.0009	0	0.0000	0
N	0.0009	0	0.0000	0
M	0.0004	0	0.0000	0
C	0.0005	0	0.0000	0
E	0.0018	0	0.0000	0
S	0.0004	0	0.0000	0
S	0.0007	0	0.0000	0
K	0.0010	0	0.0000	0
E	0.0007	0	0.0000	0
A	0.0006	0	0.0000	0
L	0.0006	0	0.0000	0
A	0.0005	0	0.0000	0
E	0.0018	0	0.0000	0
N	0.0084	0	0.0000	0
N	0.0394	0	0.0003	0
L	0.0023	0	0.0000	0
N	0.0031	0	0.0000	0
L	0.0009	0	0.0000	0
P	0.0006	0	0.0000	0
K	0.0027	0	0.0000	0
M	0.0002	0	0.0000	0
A	0.0004	0	0.0000	0
E	0.0002	0	0.0000	0
K	0.0021	0	0.0000	0
D	0.0002	0	0.0000	0
G	0.0001	0	0.0000	0
C	0.0001	0	0.0000	0
F	0.0006	0	0.0000	0
Q	0.0020	0	0.0000	0
S	0.0117	0	0.0000	0
G	0.0047	0	0.0000	0
F	0.0333	0	0.0001	0
N	0.0514	0	0.0001	0
E	0.0719	0	0.0001	0
E	0.0244	0	0.0000	0
T	0.0068	0	0.0000	0
C	0.0004	0	0.0000	0
L	0.0011	0	0.0000	0
V	0.0285	0	0.0001	0
K	0.0074	0	0.0000	0
I	0.0002	0	0.0000	0
I	0.0003	0	0.0000	0
T	0.0006	0	0.0000	0
G	0.0010	0	0.0000	0
L	0.0005	0	0.0000	0
L	0.0003	0	0.0000	0
E	0.0020	0	0.0000	0
F	0.0024	0	0.0000	0
E	0.0050	0	0.0000	0
V	0.0010	0	0.0000	0
Y	0.0004	0	0.0000	0
L	0.0002	0	0.0000	0
E	0.0008	0	0.0000	0
Y	0.0002	0	0.0000	0
L	0.0001	0	0.0000	0
Q	0.0003	0	0.0000	0
N	0.0001	0	0.0000	0
R	0.0000	0	0.0000	0
F	0.0000	0	0.0000	0
E	0.0001	0	0.0000	0
S	0.0001	0	0.0000	0
S	0.0001	0	0.0000	0
E	0.0001	0	0.0000	0
E	0.0001	0	0.0000	0
Q	0.0002	0	0.0000	0
A	0.0001	0	0.0000	0
R	0.0001	0	0.0000	0
A	0.0001	0	0.0000	0
V	0.0001	0	0.0000	0
Q	0.0007	0	0.0000	0
M	0.0024	0	0.0000	0
S	0.0005	0	0.0000	0
T	0.0006	0	0.0000	0
K	0.0101	0	0.0000	0
V	0.0009	0	0.0000	0
L	0.0002	0	0.0000	0
I	0.0005	0	0.0000	0
Q	0.0030	0	0.0000	0
F	0.0007	0	0.0000	0
L	0.0002	0	0.0000	0
Q	0.0116	0	0.0000	0
K	0.0005	0	0.0000	0
K	0.0007	0	0.0000	0
A	0.0002	0	0.0000	0
K	0.0008	0	0.0000	0
N	0.0007	0	0.0000	0
L	0.0005	0	0.0000	0
D	0.0006	0	0.0000	0
A	0.0006	0	0.0000	0
I	0.0004	0	0.0000	0
T	0.0005	0	0.0000	0
T	0.0010	0	0.0000	0
P	0.0016	0	0.0000	0
D	0.0043	0	0.0000	0
P	0.0115	0	0.0000	0
T	0.0661	0	0.0000	0
T	0.0184	0	0.0000	0
N	0.0023	0	0.0000	0
A	0.0084	0	0.0000	0
S	0.0021	0	0.0000	0
L	0.0003	0	0.0000	0
L	0.0004	0	0.0000	0
T	0.0005	0	0.0000	0
K	0.0034	0	0.0000	0
L	0.0005	0	0.0000	0
Q	0.0064	0	0.0000	0
A	0.0080	0	0.0000	0
Q	0.0110	0	0.0000	0
N	0.0510	0	0.0006	0
Q	0.2158	0	0.0027	0
W	0.4940	1	0.0114	0
L	0.0409	0	0.0004	0
Q	0.4008	1	0.0050	0
D	0.2075	0	0.0008	0
M	0.0028	0	0.0000	0
T	0.1602	0	0.0008	0
T	0.0147	0	0.0001	0
H	0.0292	0	0.0002	0
L	0.0049	0	0.0000	0
I	0.0015	0	0.0000	0
L	0.0008	0	0.0000	0
R	0.0807	0	0.0002	0
S	0.0009	0	0.0000	0
F	0.0006	0	0.0000	0
K	0.0026	0	0.0000	0
E	0.0006	0	0.0000	0
F	0.0006	0	0.0000	0
L	0.0005	0	0.0000	0
Q	0.0011	0	0.0000	0
S	0.0019	0	0.0000	0
S	0.0005	0	0.0000	0
L	0.0025	0	0.0000	0
R	0.2104	0	0.0003	0
A	0.0025	0	0.0000	0
L	0.0021	0	0.0000	0
R	0.4576	1	0.0006	0
Q	0.1952	0	0.0003	0
M	0.0371	0	0.0001	0
</pre></body></html>