<html><head></head><body><pre style="word-wrap: break-word; white-space: pre-wrap;">&gt;D1C798
Amino Acid	probability_DNA	binary_DNA	probability_RNA	binary_RNA
M	0.3888	1	0.0296	0
S	0.2226	0	0.0186	0
T	0.1475	0	0.0052	0
G	0.1283	0	0.0009	0
E	0.0986	0	0.0002	0
Q	0.0482	0	0.0001	0
R	0.3165	0	0.0002	0
E	0.0819	0	0.0001	0
F	0.0266	0	0.0000	0
A	0.0202	0	0.0000	0
P	0.0315	0	0.0000	0
A	0.0063	0	0.0000	0
F	0.0007	0	0.0000	0
Y	0.0004	0	0.0000	0
D	0.0005	0	0.0000	0
L	0.0003	0	0.0000	0
T	0.0009	0	0.0000	0
E	0.0026	0	0.0000	0
V	0.0005	0	0.0000	0
R	0.0128	0	0.0001	0
S	0.0035	0	0.0000	0
F	0.0417	0	0.0004	0
S	0.0053	0	0.0000	0
P	0.0029	0	0.0000	0
L	0.0074	0	0.0002	0
P	0.0297	0	0.0005	0
G	0.0354	0	0.0004	0
F	0.0134	0	0.0001	0
A	0.1325	0	0.0012	0
M	0.0139	0	0.0001	0
Q	0.0067	0	0.0000	0
A	0.0014	0	0.0000	0
I	0.0054	0	0.0001	0
Q	0.0133	0	0.0002	0
G	0.0238	0	0.0004	0
K	0.0166	0	0.0001	0
N	0.0279	0	0.0002	0
L	0.0017	0	0.0000	0
M	0.0044	0	0.0000	0
L	0.0064	0	0.0000	0
N	0.0117	0	0.0001	0
W	0.0107	0	0.0002	0
V	0.0014	0	0.0000	0
R	0.1662	0	0.0228	0
I	0.0136	0	0.0007	0
E	0.0135	0	0.0025	0
P	0.0056	0	0.0003	0
N	0.0030	0	0.0004	0
T	0.0025	0	0.0003	0
E	0.0272	0	0.0047	0
M	0.0085	0	0.0017	0
P	0.0095	0	0.0023	0
A	0.0083	0	0.0024	0
H	0.1308	0	0.0543	0
E	0.0368	0	0.0086	0
H	0.0880	0	0.0104	0
P	0.0020	0	0.0001	0
H	0.0011	0	0.0001	0
E	0.0007	0	0.0000	0
Q	0.0073	0	0.0006	0
A	0.0002	0	0.0000	0
G	0.0001	0	0.0000	0
V	0.0005	0	0.0002	0
M	0.0003	0	0.0001	0
L	0.0002	0	0.0001	0
E	0.0012	0	0.0005	0
G	0.0006	0	0.0002	0
T	0.0055	0	0.0009	0
L	0.0007	0	0.0001	0
E	0.0043	0	0.0010	0
L	0.0002	0	0.0000	0
T	0.0003	0	0.0000	0
I	0.0001	0	0.0000	0
G	0.0002	0	0.0000	0
E	0.0004	0	0.0000	0
E	0.0009	0	0.0001	0
T	0.0013	0	0.0001	0
R	0.0005	0	0.0000	0
V	0.0006	0	0.0000	0
L	0.0002	0	0.0000	0
R	0.0054	0	0.0004	0
P	0.0024	0	0.0000	0
G	0.0042	0	0.0001	0
M	0.0047	0	0.0001	0
A	0.0010	0	0.0000	0
Y	0.0003	0	0.0000	0
T	0.0007	0	0.0000	0
I	0.0003	0	0.0000	0
P	0.0013	0	0.0001	0
G	0.0022	0	0.0000	0
G	0.0040	0	0.0001	0
V	0.0014	0	0.0001	0
R	0.0022	0	0.0001	0
H	0.0501	0	0.0021	0
R	0.0040	0	0.0001	0
A	0.0074	0	0.0001	0
R	0.0094	0	0.0008	0
T	0.0004	0	0.0000	0
F	0.0002	0	0.0000	0
E	0.0002	0	0.0000	0
D	0.0006	0	0.0001	0
G	0.0002	0	0.0000	0
C	0.0002	0	0.0000	0
L	0.0004	0	0.0000	0
V	0.0037	0	0.0003	0
L	0.0008	0	0.0000	0
D	0.0005	0	0.0001	0
I	0.0004	0	0.0001	0
F	0.0026	0	0.0008	0
S	0.0080	0	0.0037	0
P	0.0932	0	0.0575	0
P	0.2553	0	0.1184	0
R	0.0472	0	0.0134	0
E	0.0023	0	0.0002	0
D	0.0032	0	0.0002	0
Y	0.0012	0	0.0001	0
A	0.0002	0	0.0000	0
R	0.0013	0	0.0001	0
M	0.0006	0	0.0000	0
A	0.0008	0	0.0001	0
E	0.0006	0	0.0000	0
D	0.0019	0	0.0001	0
A	0.0098	0	0.0005	0
</pre></body></html>