<html><head></head><body><pre style="word-wrap: break-word; white-space: pre-wrap;">&gt;Q12377
Amino Acid	probability_DNA	binary_DNA	probability_RNA	binary_RNA
M	0.2344	0	0.0767	0
S	0.1183	0	0.0138	0
L	0.0091	0	0.0004	0
P	0.0018	0	0.0000	0
G	0.0010	0	0.0000	0
S	0.0003	0	0.0000	0
K	0.0009	0	0.0000	0
L	0.0001	0	0.0000	0
E	0.0002	0	0.0000	0
E	0.0003	0	0.0000	0
A	0.0002	0	0.0000	0
R	0.0016	0	0.0000	0
R	0.0011	0	0.0000	0
L	0.0001	0	0.0000	0
V	0.0000	0	0.0000	0
N	0.0001	0	0.0000	0
E	0.0001	0	0.0000	0
K	0.0000	0	0.0000	0
Q	0.0001	0	0.0000	0
Y	0.0001	0	0.0000	0
N	0.0006	0	0.0000	0
E	0.0002	0	0.0000	0
A	0.0001	0	0.0000	0
E	0.0001	0	0.0000	0
Q	0.0001	0	0.0000	0
V	0.0001	0	0.0000	0
Y	0.0000	0	0.0000	0
L	0.0005	0	0.0000	0
S	0.0003	0	0.0000	0
L	0.0000	0	0.0000	0
L	0.0000	0	0.0000	0
D	0.0000	0	0.0000	0
K	0.0001	0	0.0000	0
D	0.0000	0	0.0000	0
S	0.0001	0	0.0000	0
S	0.0001	0	0.0000	0
Q	0.0003	0	0.0000	0
S	0.0004	0	0.0000	0
S	0.0013	0	0.0000	0
A	0.0002	0	0.0000	0
A	0.0001	0	0.0000	0
A	0.0001	0	0.0000	0
G	0.0001	0	0.0000	0
A	0.0003	0	0.0000	0
S	0.0004	0	0.0000	0
V	0.0008	0	0.0000	0
D	0.0007	0	0.0000	0
D	0.0008	0	0.0000	0
K	0.0011	0	0.0000	0
R	0.0014	0	0.0000	0
R	0.0003	0	0.0000	0
N	0.0037	0	0.0000	0
E	0.0006	0	0.0000	0
Q	0.0022	0	0.0000	0
E	0.0007	0	0.0000	0
T	0.0048	0	0.0000	0
S	0.0003	0	0.0000	0
I	0.0001	0	0.0000	0
L	0.0159	0	0.0000	0
E	0.0072	0	0.0000	0
L	0.0006	0	0.0000	0
G	0.0005	0	0.0000	0
Q	0.0097	0	0.0001	0
L	0.0006	0	0.0000	0
Y	0.0111	0	0.0001	0
V	0.0029	0	0.0000	0
T	0.0044	0	0.0000	0
M	0.0019	0	0.0000	0
G	0.0028	0	0.0000	0
A	0.0039	0	0.0000	0
K	0.0028	0	0.0000	0
D	0.0004	0	0.0000	0
K	0.0004	0	0.0000	0
L	0.0002	0	0.0000	0
R	0.0004	0	0.0000	0
E	0.0006	0	0.0000	0
F	0.0003	0	0.0000	0
I	0.0007	0	0.0000	0
P	0.0133	0	0.0002	0
H	0.0145	0	0.0001	0
S	0.0008	0	0.0000	0
T	0.0170	0	0.0005	0
E	0.0012	0	0.0000	0
Y	0.0006	0	0.0000	0
M	0.0023	0	0.0001	0
M	0.0031	0	0.0002	0
Q	0.0112	0	0.0004	0
F	0.0014	0	0.0000	0
A	0.0198	0	0.0003	0
K	0.8502	1	0.0086	0
S	0.3218	0	0.0012	0
K	0.4478	1	0.0034	0
T	0.0178	0	0.0000	0
V	0.2838	0	0.0007	0
K	0.5412	1	0.0017	0
V	0.0007	0	0.0000	0
L	0.0018	0	0.0000	0
K	0.5923	1	0.0011	0
T	0.0114	0	0.0000	0
L	0.0001	0	0.0000	0
I	0.0005	0	0.0000	0
E	0.0056	0	0.0000	0
K	0.0004	0	0.0000	0
F	0.0002	0	0.0000	0
E	0.0006	0	0.0000	0
Q	0.0063	0	0.0000	0
V	0.0028	0	0.0000	0
P	0.0544	0	0.0001	0
D	0.1011	0	0.0001	0
S	0.1059	0	0.0001	0
L	0.2094	0	0.0002	0
D	0.0080	0	0.0000	0
D	0.0034	0	0.0000	0
Q	0.0022	0	0.0000	0
I	0.0004	0	0.0000	0
F	0.0013	0	0.0000	0
V	0.0003	0	0.0000	0
C	0.0002	0	0.0000	0
E	0.0058	0	0.0000	0
K	0.0050	0	0.0000	0
S	0.0003	0	0.0000	0
I	0.0003	0	0.0000	0
E	0.0039	0	0.0000	0
F	0.0009	0	0.0000	0
A	0.0008	0	0.0000	0
K	0.0035	0	0.0000	0
R	0.0008	0	0.0000	0
E	0.0008	0	0.0000	0
K	0.0014	0	0.0000	0
R	0.0195	0	0.0001	0
V	0.0018	0	0.0000	0
F	0.0171	0	0.0002	0
L	0.0006	0	0.0000	0
K	0.0193	0	0.0003	0
H	0.0041	0	0.0000	0
S	0.0079	0	0.0001	0
L	0.0013	0	0.0000	0
S	0.0009	0	0.0000	0
I	0.0009	0	0.0000	0
K	0.4285	1	0.0060	0
L	0.0244	0	0.0000	0
A	0.0005	0	0.0000	0
T	0.0683	0	0.0007	0
L	0.0014	0	0.0000	0
H	0.0029	0	0.0000	0
Y	0.0004	0	0.0000	0
Q	0.0041	0	0.0000	0
K	0.0037	0	0.0000	0
K	0.0018	0	0.0000	0
Q	0.0006	0	0.0000	0
Y	0.0019	0	0.0000	0
K	0.0149	0	0.0002	0
D	0.0043	0	0.0000	0
S	0.0002	0	0.0000	0
L	0.0001	0	0.0000	0
A	0.0001	0	0.0000	0
L	0.0001	0	0.0000	0
I	0.0001	0	0.0000	0
N	0.0004	0	0.0000	0
D	0.0002	0	0.0000	0
L	0.0001	0	0.0000	0
L	0.0002	0	0.0000	0
R	0.0011	0	0.0000	0
E	0.0008	0	0.0000	0
F	0.0004	0	0.0000	0
K	0.0113	0	0.0001	0
K	0.0042	0	0.0000	0
L	0.0060	0	0.0000	0
D	0.0201	0	0.0002	0
D	0.0114	0	0.0001	0
K	0.0356	0	0.0004	0
P	0.0073	0	0.0000	0
S	0.0014	0	0.0000	0
L	0.0019	0	0.0000	0
V	0.0002	0	0.0000	0
D	0.0010	0	0.0000	0
V	0.0001	0	0.0000	0
H	0.0002	0	0.0000	0
L	0.0001	0	0.0000	0
L	0.0001	0	0.0000	0
E	0.0007	0	0.0000	0
S	0.0002	0	0.0000	0
K	0.0011	0	0.0000	0
V	0.0002	0	0.0000	0
Y	0.0032	0	0.0002	0
H	0.0047	0	0.0010	0
K	0.0019	0	0.0004	0
L	0.0035	0	0.0010	0
R	0.0100	0	0.0038	0
N	0.0247	0	0.0044	0
L	0.0641	0	0.0080	0
A	0.0628	0	0.0017	0
K	0.2684	0	0.0047	0
S	0.0014	0	0.0000	0
K	0.0095	0	0.0001	0
A	0.0013	0	0.0000	0
S	0.0001	0	0.0000	0
L	0.0000	0	0.0000	0
T	0.0002	0	0.0000	0
A	0.0012	0	0.0000	0
A	0.0002	0	0.0000	0
R	0.0003	0	0.0000	0
T	0.0003	0	0.0000	0
A	0.0001	0	0.0000	0
A	0.0007	0	0.0000	0
N	0.0001	0	0.0000	0
S	0.0001	0	0.0000	0
I	0.0001	0	0.0000	0
Y	0.0008	0	0.0000	0
C	0.0005	0	0.0000	0
P	0.0007	0	0.0000	0
T	0.0047	0	0.0000	0
Q	0.0061	0	0.0000	0
T	0.0002	0	0.0000	0
V	0.0006	0	0.0000	0
A	0.0001	0	0.0000	0
E	0.0001	0	0.0000	0
L	0.0000	0	0.0000	0
D	0.0004	0	0.0000	0
L	0.0000	0	0.0000	0
M	0.0002	0	0.0000	0
S	0.0001	0	0.0000	0
G	0.0001	0	0.0000	0
I	0.0003	0	0.0000	0
L	0.0001	0	0.0000	0
H	0.0012	0	0.0000	0
C	0.0007	0	0.0000	0
E	0.0065	0	0.0001	0
D	0.0060	0	0.0001	0
K	0.1605	0	0.0059	0
D	0.0205	0	0.0005	0
Y	0.0119	0	0.0002	0
K	0.0075	0	0.0001	0
T	0.0071	0	0.0000	0
A	0.0007	0	0.0000	0
F	0.0002	0	0.0000	0
S	0.0009	0	0.0000	0
Y	0.0025	0	0.0000	0
F	0.0001	0	0.0000	0
F	0.0005	0	0.0000	0
E	0.0027	0	0.0000	0
S	0.0001	0	0.0000	0
F	0.0001	0	0.0000	0
E	0.0006	0	0.0000	0
S	0.0001	0	0.0000	0
Y	0.0001	0	0.0000	0
H	0.0001	0	0.0000	0
N	0.0001	0	0.0000	0
L	0.0001	0	0.0000	0
T	0.0001	0	0.0000	0
T	0.0003	0	0.0000	0
H	0.0006	0	0.0000	0
N	0.0004	0	0.0000	0
S	0.0015	0	0.0000	0
Y	0.0010	0	0.0000	0
E	0.0010	0	0.0000	0
K	0.0049	0	0.0000	0
A	0.0012	0	0.0000	0
C	0.0003	0	0.0000	0
Q	0.0027	0	0.0000	0
V	0.0001	0	0.0000	0
L	0.0001	0	0.0000	0
K	0.0091	0	0.0001	0
Y	0.0133	0	0.0001	0
M	0.0001	0	0.0000	0
L	0.0000	0	0.0000	0
L	0.0000	0	0.0000	0
S	0.0000	0	0.0000	0
K	0.0001	0	0.0000	0
I	0.0001	0	0.0000	0
M	0.0001	0	0.0000	0
L	0.0005	0	0.0000	0
N	0.0127	0	0.0000	0
L	0.0418	0	0.0001	0
I	0.0848	0	0.0002	0
D	0.0389	0	0.0001	0
D	0.0141	0	0.0000	0
V	0.0073	0	0.0000	0
K	0.0024	0	0.0000	0
N	0.0005	0	0.0000	0
I	0.0002	0	0.0000	0
L	0.0001	0	0.0000	0
N	0.0005	0	0.0000	0
A	0.0028	0	0.0000	0
K	0.0063	0	0.0001	0
Y	0.0035	0	0.0000	0
T	0.0004	0	0.0000	0
K	0.0004	0	0.0000	0
E	0.0008	0	0.0000	0
T	0.0006	0	0.0000	0
Y	0.0089	0	0.0003	0
Q	0.0031	0	0.0000	0
S	0.0019	0	0.0000	0
R	0.0042	0	0.0000	0
G	0.0053	0	0.0000	0
I	0.0013	0	0.0000	0
D	0.0003	0	0.0000	0
A	0.0001	0	0.0000	0
M	0.0007	0	0.0000	0
K	0.0004	0	0.0000	0
A	0.0000	0	0.0000	0
V	0.0000	0	0.0000	0
A	0.0000	0	0.0000	0
E	0.0021	0	0.0001	0
A	0.0001	0	0.0000	0
Y	0.0002	0	0.0000	0
N	0.0005	0	0.0000	0
N	0.0004	0	0.0000	0
R	0.0002	0	0.0000	0
S	0.0001	0	0.0000	0
L	0.0001	0	0.0000	0
L	0.0001	0	0.0000	0
D	0.0000	0	0.0000	0
F	0.0000	0	0.0000	0
N	0.0001	0	0.0000	0
T	0.0001	0	0.0000	0
A	0.0000	0	0.0000	0
L	0.0000	0	0.0000	0
K	0.0002	0	0.0000	0
Q	0.0001	0	0.0000	0
Y	0.0003	0	0.0000	0
E	0.0002	0	0.0000	0
K	0.0001	0	0.0000	0
E	0.0002	0	0.0000	0
L	0.0001	0	0.0000	0
M	0.0008	0	0.0000	0
G	0.0023	0	0.0000	0
D	0.0066	0	0.0000	0
E	0.0038	0	0.0000	0
L	0.0273	0	0.0003	0
T	0.0003	0	0.0000	0
R	0.0063	0	0.0000	0
S	0.0022	0	0.0000	0
H	0.0014	0	0.0000	0
F	0.0001	0	0.0000	0
N	0.0009	0	0.0000	0
A	0.0022	0	0.0000	0
L	0.0001	0	0.0000	0
Y	0.0002	0	0.0000	0
D	0.0027	0	0.0001	0
T	0.0007	0	0.0000	0
L	0.0001	0	0.0000	0
L	0.0011	0	0.0000	0
E	0.0005	0	0.0000	0
S	0.0020	0	0.0001	0
N	0.0001	0	0.0000	0
L	0.0001	0	0.0000	0
C	0.0001	0	0.0000	0
K	0.0019	0	0.0001	0
I	0.0002	0	0.0000	0
I	0.0005	0	0.0000	0
E	0.0079	0	0.0000	0
P	0.0041	0	0.0000	0
F	0.0150	0	0.0001	0
E	0.0027	0	0.0000	0
C	0.0394	0	0.0001	0
V	0.0004	0	0.0000	0
E	0.0019	0	0.0000	0
I	0.0010	0	0.0000	0
S	0.0033	0	0.0000	0
H	0.0002	0	0.0000	0
I	0.0001	0	0.0000	0
S	0.0001	0	0.0000	0
K	0.0001	0	0.0000	0
I	0.0001	0	0.0000	0
I	0.0001	0	0.0000	0
G	0.0001	0	0.0000	0
L	0.0001	0	0.0000	0
D	0.0009	0	0.0000	0
T	0.0062	0	0.0003	0
Q	0.0070	0	0.0003	0
Q	0.0055	0	0.0003	0
V	0.0041	0	0.0003	0
E	0.1241	0	0.0145	0
G	0.0622	0	0.0021	0
K	0.0006	0	0.0000	0
L	0.0001	0	0.0000	0
S	0.0010	0	0.0000	0
Q	0.0416	0	0.0002	0
M	0.0008	0	0.0000	0
I	0.0002	0	0.0000	0
L	0.0001	0	0.0000	0
D	0.0002	0	0.0000	0
K	0.0002	0	0.0000	0
I	0.0003	0	0.0000	0
F	0.0002	0	0.0000	0
Y	0.0004	0	0.0000	0
G	0.0003	0	0.0000	0
V	0.0100	0	0.0000	0
L	0.0105	0	0.0001	0
D	0.2252	0	0.0129	0
Q	0.3405	0	0.0245	0
G	0.0110	0	0.0007	0
N	0.0019	0	0.0002	0
G	0.0023	0	0.0001	0
W	0.0009	0	0.0001	0
L	0.0004	0	0.0000	0
Y	0.0015	0	0.0000	0
V	0.0003	0	0.0000	0
Y	0.0044	0	0.0000	0
E	0.0070	0	0.0001	0
T	0.0069	0	0.0000	0
P	0.0029	0	0.0000	0
N	0.0052	0	0.0000	0
Q	0.0181	0	0.0001	0
D	0.0146	0	0.0001	0
A	0.0058	0	0.0000	0
T	0.0028	0	0.0000	0
Y	0.0022	0	0.0000	0
D	0.0248	0	0.0012	0
S	0.0207	0	0.0003	0
A	0.0006	0	0.0000	0
L	0.0007	0	0.0000	0
E	0.1073	0	0.0161	0
L	0.1114	0	0.0077	0
V	0.0036	0	0.0002	0
G	0.0229	0	0.0029	0
Q	0.0257	0	0.0020	0
L	0.0007	0	0.0000	0
N	0.0591	0	0.0188	0
K	0.1755	0	0.1221	0
V	0.0019	0	0.0003	0
V	0.0005	0	0.0000	0
D	0.0510	0	0.0224	0
Q	0.0745	0	0.0224	0
L	0.0014	0	0.0002	0
F	0.0006	0	0.0001	0
E	0.0331	0	0.0074	0
K	0.3652	1	0.1190	0
A	0.0033	0	0.0001	0
S	0.0016	0	0.0001	0
V	0.0036	0	0.0003	0
L	0.0008	0	0.0001	0
Y	0.0953	0	0.0356	0
</pre></body></html>