>Q46898
Amino Acid	probability_DNA	binary_DNA	probability_RNA	binary_RNA
M	0.1091	0	0.0181	0
R	0.0120	0	0.0012	0
S	0.0056	0	0.0007	0
Y	0.0005	0	0.0001	0
L	0.0001	0	0.0000	0
I	0.0002	0	0.0000	0
L	0.0001	0	0.0000	0
R	0.0041	0	0.0002	0
L	0.0005	0	0.0000	0
A	0.0092	0	0.0008	0
G	0.0049	0	0.0002	0
P	0.0033	0	0.0002	0
M	0.0094	0	0.0003	0
Q	0.0191	0	0.0005	0
A	0.2241	0	0.0066	0
W	0.6223	1	0.0233	0
G	0.5347	1	0.0127	0
Q	0.2266	0	0.0014	0
P	0.1130	0	0.0002	0
T	0.0195	0	0.0000	0
F	0.0083	0	0.0000	0
E	0.0029	0	0.0000	0
G	0.0035	0	0.0000	0
T	0.0346	0	0.0000	0
R	0.3390	0	0.0007	0
P	0.0867	0	0.0002	0
T	0.2181	0	0.0006	0
G	0.0947	0	0.0003	0
R	0.0322	0	0.0002	0
F	0.0037	0	0.0000	0
P	0.0198	0	0.0003	0
T	0.0474	0	0.0012	0
R	0.0942	0	0.0036	0
S	0.0379	0	0.0009	0
G	0.0043	0	0.0000	0
L	0.0017	0	0.0000	0
L	0.0027	0	0.0001	0
G	0.1968	0	0.0088	0
L	0.0009	0	0.0000	0
L	0.0001	0	0.0000	0
G	0.0004	0	0.0000	0
A	0.0003	0	0.0000	0
C	0.0002	0	0.0000	0
L	0.0003	0	0.0000	0
G	0.0006	0	0.0000	0
I	0.0003	0	0.0000	0
Q	0.0019	0	0.0000	0
R	0.0126	0	0.0000	0
D	0.0030	0	0.0000	0
D	0.0020	0	0.0000	0
T	0.0096	0	0.0000	0
S	0.0017	0	0.0000	0
S	0.0012	0	0.0000	0
L	0.0015	0	0.0000	0
Q	0.0018	0	0.0000	0
A	0.0001	0	0.0000	0
L	0.0001	0	0.0000	0
S	0.0002	0	0.0000	0
E	0.0007	0	0.0000	0
S	0.0002	0	0.0000	0
V	0.0001	0	0.0000	0
Q	0.0003	0	0.0000	0
F	0.0001	0	0.0000	0
A	0.0001	0	0.0000	0
V	0.0001	0	0.0000	0
R	0.0010	0	0.0000	0
C	0.0034	0	0.0000	0
D	0.0017	0	0.0000	0
E	0.0201	0	0.0002	0
L	0.0043	0	0.0000	0
I	0.0537	0	0.0007	0
L	0.0228	0	0.0002	0
D	0.1950	0	0.0020	0
D	0.0619	0	0.0004	0
R	0.2456	0	0.0020	0
R	0.1770	0	0.0019	0
V	0.0238	0	0.0004	0
S	0.3640	1	0.0126	0
V	0.0857	0	0.0005	0
T	0.1943	0	0.0009	0
G	0.0910	0	0.0002	0
L	0.2299	0	0.0070	0
R	0.4775	1	0.0095	0
D	0.3011	0	0.0036	0
Y	0.0333	0	0.0001	0
H	0.0702	0	0.0002	0
T	0.3548	1	0.0017	0
V	0.0887	0	0.0001	0
L	0.5644	1	0.0015	0
G	0.1964	0	0.0003	0
A	0.1343	0	0.0001	0
R	0.2211	0	0.0004	0
E	0.3057	0	0.0003	0
D	0.3163	0	0.0004	0
Y	0.3017	0	0.0004	0
R	0.2571	0	0.0002	0
G	0.0140	0	0.0000	0
L	0.0337	0	0.0000	0
K	0.0637	0	0.0000	0
S	0.1580	0	0.0001	0
H	0.0605	0	0.0000	0
E	0.0457	0	0.0000	0
T	0.2036	0	0.0001	0
I	0.0271	0	0.0000	0
Q	0.0657	0	0.0000	0
T	0.0538	0	0.0000	0
W	0.2365	0	0.0002	0
R	0.3038	0	0.0002	0
E	0.1183	0	0.0002	0
Y	0.0644	0	0.0002	0
L	0.0036	0	0.0000	0
C	0.0013	0	0.0000	0
D	0.0108	0	0.0001	0
A	0.0012	0	0.0000	0
S	0.0011	0	0.0000	0
F	0.0007	0	0.0000	0
T	0.0011	0	0.0000	0
V	0.0001	0	0.0000	0
A	0.0002	0	0.0000	0
L	0.0001	0	0.0000	0
W	0.0003	0	0.0000	0
L	0.0004	0	0.0000	0
T	0.0002	0	0.0000	0
P	0.0002	0	0.0000	0
H	0.0002	0	0.0000	0
A	0.0001	0	0.0000	0
T	0.0003	0	0.0000	0
M	0.0001	0	0.0000	0
V	0.0001	0	0.0000	0
I	0.0001	0	0.0000	0
S	0.0002	0	0.0000	0
E	0.0002	0	0.0000	0
L	0.0000	0	0.0000	0
E	0.0008	0	0.0000	0
K	0.0004	0	0.0000	0
A	0.0003	0	0.0000	0
V	0.0001	0	0.0000	0
L	0.0002	0	0.0000	0
K	0.0007	0	0.0000	0
P	0.0002	0	0.0000	0
R	0.0008	0	0.0000	0
Y	0.0027	0	0.0000	0
T	0.0043	0	0.0000	0
P	0.0030	0	0.0000	0
Y	0.1554	0	0.0004	0
L	0.0118	0	0.0000	0
G	0.2861	0	0.0002	0
R	0.5784	1	0.0004	0
R	0.7597	1	0.0002	0
S	0.5817	1	0.0001	0
C	0.1774	0	0.0003	0
P	0.1941	0	0.0013	0
L	0.0370	0	0.0001	0
T	0.0329	0	0.0003	0
H	0.0337	0	0.0002	0
P	0.0064	0	0.0000	0
L	0.0012	0	0.0000	0
F	0.0009	0	0.0000	0
L	0.0010	0	0.0000	0
G	0.0002	0	0.0000	0
T	0.0004	0	0.0000	0
C	0.0001	0	0.0000	0
Q	0.0004	0	0.0000	0
A	0.0001	0	0.0000	0
S	0.0004	0	0.0000	0
D	0.0003	0	0.0000	0
P	0.0003	0	0.0000	0
Q	0.0013	0	0.0000	0
K	0.0023	0	0.0000	0
A	0.0002	0	0.0000	0
L	0.0002	0	0.0000	0
L	0.0006	0	0.0000	0
N	0.0001	0	0.0000	0
Y	0.0001	0	0.0000	0
E	0.0002	0	0.0000	0
P	0.0005	0	0.0000	0
V	0.0016	0	0.0000	0
G	0.0029	0	0.0000	0
G	0.0041	0	0.0000	0
D	0.0261	0	0.0000	0
I	0.0013	0	0.0000	0
Y	0.0652	0	0.0000	0
S	0.0042	0	0.0000	0
E	0.0013	0	0.0000	0
E	0.0007	0	0.0000	0
S	0.0006	0	0.0000	0
V	0.0003	0	0.0000	0
T	0.0009	0	0.0000	0
G	0.0021	0	0.0000	0
H	0.0030	0	0.0000	0
H	0.0159	0	0.0000	0
L	0.0054	0	0.0000	0
K	0.1001	0	0.0000	0
F	0.0422	0	0.0000	0
T	0.0771	0	0.0000	0
A	0.0027	0	0.0000	0
R	0.0307	0	0.0000	0
D	0.0021	0	0.0000	0
E	0.0019	0	0.0000	0
P	0.0005	0	0.0000	0
M	0.0004	0	0.0000	0
I	0.0005	0	0.0000	0
T	0.0021	0	0.0000	0
L	0.0009	0	0.0000	0
P	0.0067	0	0.0000	0
R	0.0332	0	0.0000	0
Q	0.0143	0	0.0000	0
F	0.0343	0	0.0000	0
A	0.0030	0	0.0000	0
S	0.0106	0	0.0000	0
R	0.0334	0	0.0000	0
E	0.0407	0	0.0000	0
W	0.0015	0	0.0000	0
Y	0.0068	0	0.0000	0
V	0.0005	0	0.0000	0
I	0.0002	0	0.0000	0
K	0.0011	0	0.0000	0
G	0.0006	0	0.0000	0
G	0.0005	0	0.0000	0
M	0.0011	0	0.0000	0
D	0.0013	0	0.0000	0
V	0.0008	0	0.0000	0
S	0.0082	0	0.0001	0
Q	0.0365	0	0.0005	0
