<html><head></head><body><pre style="word-wrap: break-word; white-space: pre-wrap;">&gt;P22575
Amino Acid	probability_DNA	binary_DNA	probability_RNA	binary_RNA
M	0.0001	0	0.3802	1
A	0.0000	0	0.0808	0
N	0.0001	0	0.1823	1
E	0.0000	0	0.0119	0
G	0.0000	0	0.0022	0
E	0.0000	0	0.0005	0
E	0.0001	0	0.0020	0
I	0.0000	0	0.0003	0
E	0.0000	0	0.0004	0
L	0.0000	0	0.0002	0
T	0.0000	0	0.0003	0
E	0.0000	0	0.0009	0
F	0.0000	0	0.0005	0
P	0.0000	0	0.0008	0
E	0.0000	0	0.0049	0
T	0.0001	0	0.0418	0
E	0.0000	0	0.0116	0
K	0.0001	0	0.0093	0
E	0.0000	0	0.0005	0
R	0.0000	0	0.0060	0
K	0.0000	0	0.0263	0
D	0.0000	0	0.0012	0
E	0.0000	0	0.0009	0
E	0.0000	0	0.0013	0
K	0.0000	0	0.0042	0
L	0.0000	0	0.0002	0
S	0.0000	0	0.0012	0
S	0.0000	0	0.0008	0
C	0.0000	0	0.0004	0
S	0.0000	0	0.0017	0
E	0.0000	0	0.0009	0
E	0.0000	0	0.0014	0
T	0.0000	0	0.0010	0
T	0.0000	0	0.0011	0
N	0.0000	0	0.0015	0
T	0.0000	0	0.0038	0
S	0.0000	0	0.0109	0
S	0.0001	0	0.0475	0
S	0.0004	0	0.0994	0
S	0.0005	0	0.1057	0
G	0.0003	0	0.0735	0
S	0.0001	0	0.0357	0
D	0.0000	0	0.0118	0
H	0.0003	0	0.0885	0
V	0.0000	0	0.0043	0
P	0.0000	0	0.0057	0
V	0.0000	0	0.0014	0
P	0.0000	0	0.0016	0
I	0.0000	0	0.0002	0
E	0.0000	0	0.0011	0
V	0.0000	0	0.0002	0
N	0.0000	0	0.0005	0
V	0.0000	0	0.0003	0
I	0.0000	0	0.0001	0
I	0.0000	0	0.0001	0
Q	0.0000	0	0.0004	0
N	0.0000	0	0.0015	0
S	0.0000	0	0.0030	0
S	0.0000	0	0.0014	0
R	0.0000	0	0.0041	0
T	0.0000	0	0.0024	0
E	0.0000	0	0.0010	0
D	0.0000	0	0.0009	0
E	0.0000	0	0.0017	0
L	0.0000	0	0.0005	0
Q	0.0000	0	0.0118	0
N	0.0000	0	0.0045	0
S	0.0000	0	0.0073	0
K	0.0000	0	0.0118	0
E	0.0000	0	0.0029	0
I	0.0000	0	0.0011	0
E	0.0000	0	0.0014	0
L	0.0000	0	0.0005	0
T	0.0000	0	0.0011	0
G	0.0000	0	0.0021	0
F	0.0000	0	0.0106	0
Q	0.0001	0	0.0303	0
G	0.0000	0	0.0088	0
K	0.0001	0	0.0152	0
L	0.0000	0	0.0018	0
S	0.0003	0	0.0850	0
S	0.0002	0	0.0216	0
C	0.0000	0	0.0030	0
S	0.0001	0	0.0337	0
E	0.0000	0	0.0077	0
E	0.0000	0	0.0173	0
T	0.0001	0	0.0102	0
T	0.0000	0	0.0063	0
A	0.0000	0	0.0058	0
P	0.0000	0	0.0131	0
S	0.0002	0	0.0596	0
S	0.0006	0	0.0746	0
S	0.0007	0	0.0486	0
Y	0.0008	0	0.0655	0
S	0.0000	0	0.0066	0
S	0.0000	0	0.0065	0
K	0.0000	0	0.0039	0
Q	0.0000	0	0.0025	0
A	0.0000	0	0.0005	0
S	0.0000	0	0.0007	0
V	0.0000	0	0.0003	0
F	0.0000	0	0.0002	0
I	0.0000	0	0.0006	0
E	0.0000	0	0.0016	0
E	0.0000	0	0.0025	0
N	0.0000	0	0.0054	0
G	0.0000	0	0.0011	0
D	0.0000	0	0.0011	0
N	0.0000	0	0.0008	0
E	0.0000	0	0.0027	0
T	0.0000	0	0.0089	0
S	0.0001	0	0.0191	0
T	0.0001	0	0.0102	0
Y	0.0002	0	0.0159	0
R	0.0001	0	0.0158	0
P	0.0000	0	0.0032	0
Q	0.0002	0	0.0172	0
N	0.0001	0	0.0068	0
V	0.0000	0	0.0003	0
L	0.0000	0	0.0002	0
T	0.0000	0	0.0010	0
N	0.0000	0	0.0004	0
L	0.0000	0	0.0007	0
N	0.0000	0	0.0117	0
S	0.0000	0	0.0030	0
L	0.0000	0	0.0005	0
Y	0.0000	0	0.0058	0
T	0.0000	0	0.0054	0
T	0.0000	0	0.0067	0
F	0.0000	0	0.0032	0
E	0.0000	0	0.0043	0
D	0.0000	0	0.0063	0
A	0.0000	0	0.0067	0
R	0.0000	0	0.2208	1
A	0.0000	0	0.1553	1
Q	0.0000	0	0.1720	1
G	0.0000	0	0.1247	0
K	0.0000	0	0.3944	1
G	0.0000	0	0.5644	1
M	0.0000	0	0.1638	1
V	0.0000	0	0.0147	0
R	0.0002	0	0.2846	1
H	0.0001	0	0.0975	0
K	0.0004	0	0.1501	1
S	0.0005	0	0.2705	1
E	0.0000	0	0.0426	0
D	0.0000	0	0.0169	0
L	0.0000	0	0.0055	0
Q	0.0000	0	0.0676	0
S	0.0000	0	0.1034	0
F	0.0000	0	0.0086	0
L	0.0000	0	0.0082	0
E	0.0000	0	0.0188	0
K	0.0002	0	0.2773	1
Y	0.0000	0	0.0240	0
P	0.0000	0	0.0081	0
P	0.0000	0	0.0322	0
D	0.0000	0	0.0386	0
F	0.0000	0	0.2268	1
R	0.0000	0	0.6201	1
K	0.0000	0	0.4769	1
P	0.0000	0	0.2458	1
K	0.0000	0	0.7425	1
R	0.0000	0	0.7819	1
D	0.0000	0	0.6502	1
L	0.0000	0	0.2821	1
S	0.0000	0	0.2771	1
A	0.0000	0	0.0592	0
T	0.0000	0	0.0382	0
W	0.0000	0	0.0123	0
D	0.0000	0	0.0089	0
P	0.0000	0	0.0042	0
G	0.0000	0	0.0084	0
M	0.0000	0	0.0160	0
P	0.0000	0	0.0540	0
T	0.0000	0	0.0266	0
P	0.0000	0	0.0428	0
P	0.0000	0	0.0815	0
L	0.0000	0	0.1595	1
P	0.0000	0	0.1807	1
P	0.0000	0	0.0175	0
R	0.0000	0	0.4356	1
P	0.0000	0	0.1121	0
A	0.0000	0	0.2480	1
N	0.0000	0	0.6727	1
L	0.0000	0	0.3991	1
G	0.0000	0	0.3148	1
E	0.0000	0	0.3152	1
R	0.0001	0	0.8617	1
Q	0.0002	0	0.7834	1
A	0.0002	0	0.4985	1
S	0.0001	0	0.4365	1
T	0.0002	0	0.7291	1
V	0.0001	0	0.0833	0
R	0.0004	0	0.5260	1
L	0.0000	0	0.0154	0
H	0.0003	0	0.1354	0
V	0.0000	0	0.0061	0
K	0.0001	0	0.1138	0
E	0.0000	0	0.0046	0
S	0.0000	0	0.0056	0
N	0.0000	0	0.0018	0
C	0.0000	0	0.0011	0
K	0.0000	0	0.0031	0
Q	0.0000	0	0.0026	0
P	0.0000	0	0.0038	0
R	0.0000	0	0.0175	0
E	0.0000	0	0.0044	0
R	0.0001	0	0.3339	1
K	0.0001	0	0.3409	1
A	0.0000	0	0.0370	0
N	0.0001	0	0.3389	1
E	0.0001	0	0.0706	0
R	0.0001	0	0.2019	1
N	0.0004	0	0.3740	1
I	0.0000	0	0.0075	0
V	0.0000	0	0.0183	0
K	0.0004	0	0.3286	1
D	0.0001	0	0.0364	0
L	0.0000	0	0.0018	0
K	0.0003	0	0.2641	1
R	0.0039	0	0.4987	1
L	0.0001	0	0.0073	0
E	0.0010	0	0.0687	0
N	0.0111	0	0.4175	1
K	0.0088	0	0.3429	1
I	0.0002	0	0.0043	0
N	0.0051	0	0.3019	1
V	0.0001	0	0.0063	0
I	0.0002	0	0.0257	0
I	0.0000	0	0.0013	0
C	0.0000	0	0.0004	0
L	0.0000	0	0.0011	0
V	0.0000	0	0.0013	0
V	0.0000	0	0.0005	0
V	0.0000	0	0.0007	0
I	0.0000	0	0.0004	0
L	0.0000	0	0.0010	0
A	0.0000	0	0.0008	0
V	0.0000	0	0.0004	0
L	0.0000	0	0.0011	0
L	0.0000	0	0.0005	0
L	0.0000	0	0.0002	0
V	0.0000	0	0.0003	0
T	0.0000	0	0.0006	0
V	0.0000	0	0.0004	0
L	0.0000	0	0.0008	0
S	0.0001	0	0.0183	0
I	0.0000	0	0.0007	0
L	0.0000	0	0.0005	0
H	0.0002	0	0.0341	0
I	0.0001	0	0.0056	0
G	0.0007	0	0.0397	0
M	0.0034	0	0.0849	0
K	0.0466	0	0.4519	1
S	0.0498	0	0.6233	1
</pre></body></html>