<html><head></head><body><pre style="word-wrap: break-word; white-space: pre-wrap;">&gt;Q9LCY4
Amino Acid	probability_DNA	binary_DNA	probability_RNA	binary_RNA
M	0.0001	0	0.3237	1
R	0.0001	0	0.6123	1
K	0.0001	0	0.4084	1
Q	0.0001	0	0.2959	1
L	0.0000	0	0.0304	0
E	0.0000	0	0.2985	1
E	0.0000	0	0.1722	1
A	0.0000	0	0.0084	0
R	0.0001	0	0.5388	1
K	0.0000	0	0.0739	0
L	0.0000	0	0.0088	0
S	0.0000	0	0.0020	0
P	0.0000	0	0.0016	0
V	0.0000	0	0.0014	0
E	0.0000	0	0.0033	0
L	0.0000	0	0.0009	0
E	0.0000	0	0.0060	0
K	0.0000	0	0.0017	0
L	0.0000	0	0.0006	0
V	0.0000	0	0.0004	0
R	0.0000	0	0.0016	0
E	0.0000	0	0.0016	0
K	0.0000	0	0.0006	0
K	0.0000	0	0.0732	0
R	0.0000	0	0.0063	0
E	0.0000	0	0.0025	0
L	0.0000	0	0.0017	0
M	0.0000	0	0.0145	0
E	0.0000	0	0.3491	1
L	0.0000	0	0.0138	0
R	0.0001	0	0.6439	1
F	0.0000	0	0.0697	0
Q	0.0001	0	0.4061	1
A	0.0000	0	0.2045	1
S	0.0000	0	0.0771	0
I	0.0000	0	0.2364	1
G	0.0000	0	0.1131	0
Q	0.0000	0	0.0922	0
L	0.0000	0	0.0232	0
S	0.0000	0	0.2816	1
Q	0.0001	0	0.8951	1
N	0.0002	0	0.8888	1
H	0.0007	0	0.8697	1
K	0.0002	0	0.4423	1
I	0.0001	0	0.4982	1
R	0.0002	0	0.9693	1
D	0.0002	0	0.4650	1
L	0.0000	0	0.0288	0
K	0.0020	0	0.9491	1
R	0.0193	0	0.8952	1
Q	0.0002	0	0.1041	0
I	0.0000	0	0.0425	0
A	0.0005	0	0.5261	1
R	0.0021	0	0.9204	1
L	0.0000	0	0.0061	0
L	0.0006	0	0.6577	1
T	0.0016	0	0.9394	1
V	0.0000	0	0.0104	0
L	0.0000	0	0.0096	0
N	0.0015	0	0.5319	1
E	0.0002	0	0.0837	0
K	0.0004	0	0.2010	1
R	0.0001	0	0.0243	0
R	0.0000	0	0.0369	0
Q	0.0001	0	0.0560	0
N	0.0001	0	0.0848	0
A	0.0001	0	0.1127	0
</pre></body></html>