<html><head></head><body><pre style="word-wrap: break-word; white-space: pre-wrap;">&gt;A6LIT8
Amino Acid	probability_DNA	binary_DNA	probability_RNA	binary_RNA
M	0.6876	1	0.0012	0
K	0.6562	1	0.0003	0
L	0.4324	1	0.0000	0
N	0.0549	0	0.0000	0
L	0.0101	0	0.0000	0
S	0.0166	0	0.0000	0
A	0.0015	0	0.0000	0
R	0.0055	0	0.0000	0
F	0.0006	0	0.0000	0
L	0.0002	0	0.0000	0
M	0.0003	0	0.0000	0
L	0.0007	0	0.0000	0
V	0.0002	0	0.0000	0
L	0.0001	0	0.0000	0
L	0.0002	0	0.0000	0
C	0.0001	0	0.0000	0
G	0.0006	0	0.0000	0
S	0.0003	0	0.0000	0
C	0.0001	0	0.0000	0
V	0.0004	0	0.0000	0
L	0.0006	0	0.0000	0
N	0.0064	0	0.0000	0
T	0.0101	0	0.0000	0
P	0.0063	0	0.0000	0
K	0.0101	0	0.0000	0
E	0.0035	0	0.0000	0
E	0.0065	0	0.0000	0
L	0.0074	0	0.0000	0
E	0.0050	0	0.0000	0
Y	0.0247	0	0.0000	0
K	0.0122	0	0.0000	0
G	0.0025	0	0.0000	0
M	0.0020	0	0.0000	0
N	0.0124	0	0.0000	0
T	0.0168	0	0.0000	0
L	0.0028	0	0.0000	0
Q	0.0162	0	0.0000	0
I	0.0015	0	0.0000	0
S	0.0036	0	0.0000	0
N	0.0052	0	0.0000	0
V	0.0021	0	0.0000	0
D	0.0015	0	0.0000	0
D	0.0078	0	0.0000	0
L	0.0004	0	0.0000	0
I	0.0052	0	0.0000	0
S	0.0205	0	0.0000	0
F	0.0009	0	0.0000	0
Y	0.0013	0	0.0000	0
Q	0.0071	0	0.0000	0
Y	0.0251	0	0.0000	0
A	0.0026	0	0.0000	0
D	0.0018	0	0.0000	0
D	0.0021	0	0.0000	0
R	0.0022	0	0.0000	0
I	0.0011	0	0.0000	0
P	0.0004	0	0.0000	0
L	0.0011	0	0.0000	0
I	0.0023	0	0.0000	0
S	0.3026	0	0.0000	0
G	0.0925	0	0.0000	0
H	0.9275	1	0.0000	0
R	0.9305	1	0.0000	0
G	0.4212	1	0.0000	0
G	0.2026	0	0.0000	0
R	0.1740	0	0.0000	0
G	0.0715	0	0.0000	0
K	0.0374	0	0.0000	0
G	0.0208	0	0.0000	0
Y	0.0298	0	0.0000	0
P	0.0082	0	0.0000	0
E	0.0072	0	0.0000	0
N	0.0391	0	0.0000	0
S	0.0015	0	0.0000	0
M	0.0001	0	0.0000	0
E	0.0002	0	0.0000	0
T	0.0002	0	0.0000	0
F	0.0003	0	0.0000	0
E	0.0002	0	0.0000	0
N	0.0003	0	0.0000	0
T	0.0001	0	0.0000	0
L	0.0002	0	0.0000	0
S	0.0001	0	0.0000	0
Y	0.0001	0	0.0000	0
T	0.0001	0	0.0000	0
P	0.0001	0	0.0000	0
A	0.0002	0	0.0000	0
T	0.0004	0	0.0000	0
F	0.0007	0	0.0000	0
E	0.0410	0	0.0000	0
I	0.0041	0	0.0000	0
D	0.2624	0	0.0007	0
P	0.0023	0	0.0000	0
R	0.3502	1	0.0005	0
L	0.0836	0	0.0000	0
T	0.0511	0	0.0000	0
K	0.0512	0	0.0000	0
D	0.0024	0	0.0000	0
S	0.0012	0	0.0000	0
V	0.0003	0	0.0000	0
I	0.0001	0	0.0000	0
V	0.0001	0	0.0000	0
L	0.0002	0	0.0000	0
F	0.0025	0	0.0000	0
H	0.1862	0	0.0001	0
D	0.0190	0	0.0000	0
D	0.0824	0	0.0000	0
T	0.2038	0	0.0000	0
L	0.0166	0	0.0000	0
E	0.0318	0	0.0000	0
R	0.0337	0	0.0000	0
T	0.1118	0	0.0000	0
S	0.1436	0	0.0000	0
N	0.4683	1	0.0001	0
G	0.3820	1	0.0000	0
T	0.4267	1	0.0000	0
G	0.3839	1	0.0000	0
K	0.1809	0	0.0000	0
V	0.0045	0	0.0000	0
S	0.0256	0	0.0000	0
D	0.0017	0	0.0000	0
Y	0.0003	0	0.0000	0
T	0.0006	0	0.0000	0
W	0.0006	0	0.0000	0
E	0.0001	0	0.0000	0
E	0.0001	0	0.0000	0
L	0.0001	0	0.0000	0
Q	0.0010	0	0.0000	0
N	0.0002	0	0.0000	0
F	0.0001	0	0.0000	0
R	0.0005	0	0.0000	0
L	0.0002	0	0.0000	0
K	0.0049	0	0.0000	0
D	0.0020	0	0.0000	0
P	0.0138	0	0.0000	0
E	0.0071	0	0.0000	0
G	0.0028	0	0.0000	0
N	0.0031	0	0.0000	0
I	0.0016	0	0.0000	0
T	0.0036	0	0.0000	0
N	0.0044	0	0.0000	0
Y	0.0026	0	0.0000	0
R	0.0439	0	0.0000	0
I	0.0022	0	0.0000	0
P	0.0006	0	0.0000	0
T	0.0067	0	0.0000	0
L	0.0012	0	0.0000	0
E	0.0001	0	0.0000	0
E	0.0001	0	0.0000	0
A	0.0000	0	0.0000	0
I	0.0001	0	0.0000	0
R	0.0002	0	0.0000	0
W	0.0001	0	0.0000	0
A	0.0001	0	0.0000	0
R	0.0001	0	0.0000	0
G	0.0001	0	0.0000	0
K	0.0004	0	0.0000	0
T	0.0001	0	0.0000	0
I	0.0003	0	0.0000	0
L	0.0002	0	0.0000	0
I	0.0013	0	0.0000	0
L	0.0019	0	0.0000	0
D	0.5501	1	0.0002	0
K	0.0495	0	0.0000	0
K	0.6028	1	0.0002	0
D	0.1197	0	0.0000	0
V	0.0419	0	0.0000	0
P	0.0563	0	0.0000	0
M	0.0032	0	0.0000	0
E	0.0016	0	0.0000	0
R	0.0023	0	0.0000	0
T	0.0004	0	0.0000	0
A	0.0003	0	0.0000	0
Q	0.0003	0	0.0000	0
L	0.0001	0	0.0000	0
I	0.0002	0	0.0000	0
T	0.0004	0	0.0000	0
D	0.0004	0	0.0000	0
M	0.0005	0	0.0000	0
Q	0.0011	0	0.0000	0
A	0.0007	0	0.0000	0
E	0.0013	0	0.0000	0
P	0.0023	0	0.0000	0
Y	0.0068	0	0.0000	0
V	0.0007	0	0.0000	0
M	0.0008	0	0.0000	0
I	0.0004	0	0.0000	0
T	0.0016	0	0.0000	0
V	0.0090	0	0.0001	0
H	0.0738	0	0.0005	0
D	0.0113	0	0.0000	0
G	0.0054	0	0.0000	0
A	0.0035	0	0.0000	0
S	0.0025	0	0.0000	0
A	0.0014	0	0.0000	0
R	0.0148	0	0.0002	0
F	0.0026	0	0.0000	0
F	0.0004	0	0.0000	0
Y	0.1302	0	0.0023	0
E	0.0040	0	0.0000	0
K	0.0015	0	0.0000	0
N	0.0016	0	0.0000	0
P	0.0011	0	0.0000	0
N	0.0023	0	0.0000	0
F	0.0025	0	0.0000	0
M	0.0070	0	0.0000	0
F	0.0023	0	0.0000	0
E	0.0023	0	0.0000	0
A	0.0028	0	0.0000	0
F	0.0034	0	0.0000	0
V	0.0105	0	0.0000	0
K	0.1349	0	0.0004	0
T	0.2306	0	0.0009	0
K	0.1268	0	0.0004	0
E	0.0441	0	0.0001	0
A	0.0181	0	0.0000	0
V	0.0028	0	0.0000	0
Q	0.0102	0	0.0000	0
D	0.0139	0	0.0000	0
Y	0.0064	0	0.0000	0
E	0.0041	0	0.0000	0
D	0.0223	0	0.0001	0
N	0.0052	0	0.0000	0
G	0.0063	0	0.0000	0
I	0.0031	0	0.0000	0
P	0.0050	0	0.0000	0
W	0.1521	0	0.0003	0
S	0.0821	0	0.0001	0
H	0.0059	0	0.0000	0
I	0.0012	0	0.0000	0
M	0.0013	0	0.0000	0
A	0.0020	0	0.0000	0
Y	0.0018	0	0.0000	0
V	0.0017	0	0.0000	0
G	0.0024	0	0.0000	0
P	0.0030	0	0.0000	0
K	0.0082	0	0.0000	0
I	0.0098	0	0.0000	0
T	0.0140	0	0.0000	0
P	0.0048	0	0.0000	0
E	0.0010	0	0.0000	0
V	0.0013	0	0.0000	0
R	0.0024	0	0.0000	0
E	0.0002	0	0.0000	0
V	0.0002	0	0.0000	0
I	0.0003	0	0.0000	0
D	0.0008	0	0.0000	0
M	0.0002	0	0.0000	0
L	0.0001	0	0.0000	0
H	0.0027	0	0.0000	0
E	0.0001	0	0.0000	0
R	0.0001	0	0.0000	0
G	0.0004	0	0.0000	0
V	0.0002	0	0.0000	0
M	0.0011	0	0.0000	0
C	0.0009	0	0.0000	0
M	0.0077	0	0.0000	0
I	0.0029	0	0.0000	0
S	0.3481	0	0.0002	0
T	0.0440	0	0.0000	0
A	0.0183	0	0.0000	0
P	0.0699	0	0.0000	0
S	0.0495	0	0.0000	0
D	0.0199	0	0.0000	0
D	0.0184	0	0.0000	0
K	0.0193	0	0.0000	0
L	0.0071	0	0.0000	0
S	0.0114	0	0.0000	0
T	0.0017	0	0.0000	0
P	0.0026	0	0.0000	0
E	0.0030	0	0.0000	0
S	0.0018	0	0.0000	0
R	0.0026	0	0.0000	0
A	0.0011	0	0.0000	0
E	0.0010	0	0.0000	0
A	0.0002	0	0.0000	0
Y	0.0003	0	0.0000	0
R	0.0017	0	0.0000	0
M	0.0008	0	0.0000	0
I	0.0002	0	0.0000	0
I	0.0002	0	0.0000	0
R	0.0001	0	0.0000	0
Q	0.0002	0	0.0000	0
G	0.0005	0	0.0000	0
V	0.0004	0	0.0000	0
D	0.0043	0	0.0000	0
I	0.0005	0	0.0000	0
I	0.0007	0	0.0000	0
E	0.0050	0	0.0000	0
S	0.0084	0	0.0000	0
D	0.1084	0	0.0003	0
R	0.0232	0	0.0000	0
P	0.0005	0	0.0000	0
I	0.0002	0	0.0000	0
E	0.0002	0	0.0000	0
V	0.0001	0	0.0000	0
A	0.0003	0	0.0000	0
E	0.0002	0	0.0000	0
A	0.0001	0	0.0000	0
I	0.0001	0	0.0000	0
S	0.0004	0	0.0000	0
S	0.0002	0	0.0000	0
L	0.0001	0	0.0000	0
I	0.0002	0	0.0000	0
P	0.0006	0	0.0000	0
V	0.0011	0	0.0000	0
S	0.0021	0	0.0000	0
S	0.0067	0	0.0000	0
S	0.0229	0	0.0000	0
K	0.1028	0	0.0000	0
G	0.2294	0	0.0000	0
K	0.1848	0	0.0000	0
F	0.0125	0	0.0000	0
F	0.0016	0	0.0000	0
S	0.0426	0	0.0000	0
T	0.1401	0	0.0001	0
L	0.0133	0	0.0000	0
</pre></body></html>