<html><head></head><body><pre style="word-wrap: break-word; white-space: pre-wrap;">&gt;I7MK25
Amino Acid	probability_DNA	binary_DNA	probability_RNA	binary_RNA
M	0.0000	0	0.8819	1
P	0.0000	0	0.7140	1
K	0.0000	0	0.8522	1
N	0.0000	0	0.9415	1
K	0.0000	0	0.9555	1
G	0.0000	0	0.9425	1
R	0.0000	0	0.9769	1
G	0.0000	0	0.9360	1
G	0.0000	0	0.9462	1
K	0.0000	0	0.9448	1
N	0.0000	0	0.9625	1
Y	0.0000	0	0.8114	1
R	0.0000	0	0.8402	1
R	0.0000	0	0.9252	1
G	0.0000	0	0.7819	1
K	0.0000	0	0.7550	1
N	0.0000	0	0.2092	1
E	0.0000	0	0.1564	1
N	0.0000	0	0.1135	0
E	0.0000	0	0.0379	0
T	0.0000	0	0.0298	0
K	0.0000	0	0.2711	1
R	0.0000	0	0.2894	1
E	0.0000	0	0.1420	0
L	0.0000	0	0.0159	0
V	0.0000	0	0.0045	0
F	0.0000	0	0.0025	0
K	0.0000	0	0.0041	0
E	0.0000	0	0.0026	0
E	0.0000	0	0.0023	0
G	0.0000	0	0.0017	0
M	0.0000	0	0.0028	0
E	0.0000	0	0.0019	0
Y	0.0000	0	0.0033	0
A	0.0000	0	0.0009	0
Q	0.0000	0	0.0014	0
V	0.0000	0	0.0009	0
I	0.0000	0	0.0014	0
K	0.0000	0	0.0148	0
M	0.0000	0	0.1391	0
L	0.0000	0	0.4066	1
G	0.0000	0	0.2648	1
N	0.0000	0	0.3231	1
G	0.0000	0	0.0372	0
R	0.0000	0	0.0155	0
L	0.0000	0	0.0021	0
E	0.0000	0	0.0155	0
V	0.0000	0	0.0022	0
F	0.0000	0	0.0039	0
C	0.0000	0	0.0031	0
F	0.0000	0	0.0282	0
D	0.0000	0	0.0190	0
G	0.0000	0	0.0125	0
K	0.0000	0	0.0149	0
R	0.0000	0	0.0088	0
R	0.0000	0	0.0110	0
I	0.0000	0	0.0109	0
G	0.0000	0	0.0104	0
H	0.0000	0	0.8136	1
I	0.0000	0	0.1900	1
C	0.0000	0	0.9674	1
G	0.0000	0	0.9820	1
R	0.0000	0	0.9808	1
L	0.0000	0	0.5410	1
K	0.0000	0	0.9868	1
K	0.0000	0	0.4899	1
K	0.0000	0	0.5419	1
V	0.0000	0	0.1421	0
W	0.0000	0	0.8321	1
I	0.0000	0	0.0617	0
S	0.0001	0	0.7781	1
M	0.0001	0	0.5684	1
D	0.0000	0	0.1281	0
D	0.0000	0	0.0459	0
I	0.0000	0	0.0095	0
V	0.0000	0	0.0006	0
L	0.0000	0	0.0005	0
V	0.0000	0	0.0002	0
G	0.0000	0	0.0037	0
L	0.0000	0	0.0031	0
R	0.0000	0	0.0823	0
D	0.0000	0	0.0199	0
F	0.0000	0	0.1210	0
Q	0.0000	0	0.0182	0
D	0.0000	0	0.2222	1
D	0.0002	0	0.5415	1
K	0.0024	0	0.8733	1
C	0.0000	0	0.0619	0
D	0.0000	0	0.3648	1
I	0.0000	0	0.0375	0
L	0.0000	0	0.0319	0
L	0.0000	0	0.0077	0
K	0.0000	0	0.0229	0
Y	0.0000	0	0.0014	0
L	0.0000	0	0.0010	0
P	0.0000	0	0.0118	0
D	0.0000	0	0.0069	0
E	0.0000	0	0.0058	0
V	0.0000	0	0.0012	0
R	0.0000	0	0.0026	0
N	0.0000	0	0.0026	0
L	0.0000	0	0.0006	0
K	0.0000	0	0.0547	0
Q	0.0000	0	0.0062	0
Y	0.0000	0	0.0028	0
G	0.0000	0	0.0009	0
E	0.0000	0	0.0004	0
I	0.0000	0	0.0001	0
D	0.0000	0	0.0010	0
E	0.0000	0	0.0008	0
N	0.0000	0	0.0005	0
I	0.0000	0	0.0003	0
K	0.0000	0	0.0011	0
I	0.0000	0	0.0004	0
N	0.0000	0	0.0012	0
D	0.0000	0	0.0004	0
K	0.0000	0	0.0004	0
S	0.0000	0	0.0003	0
G	0.0000	0	0.0008	0
A	0.0000	0	0.0010	0
D	0.0000	0	0.0011	0
Q	0.0000	0	0.0022	0
A	0.0000	0	0.0026	0
D	0.0000	0	0.0037	0
V	0.0000	0	0.0007	0
V	0.0000	0	0.0004	0
F	0.0000	0	0.0003	0
E	0.0000	0	0.0003	0
D	0.0000	0	0.0003	0
S	0.0000	0	0.0003	0
D	0.0000	0	0.0003	0
S	0.0000	0	0.0004	0
D	0.0000	0	0.0004	0
D	0.0000	0	0.0003	0
K	0.0000	0	0.0002	0
D	0.0000	0	0.0002	0
D	0.0000	0	0.0002	0
D	0.0000	0	0.0002	0
D	0.0000	0	0.0002	0
D	0.0000	0	0.0002	0
D	0.0000	0	0.0003	0
E	0.0000	0	0.0005	0
D	0.0000	0	0.0008	0
E	0.0000	0	0.0004	0
Q	0.0000	0	0.0010	0
P	0.0000	0	0.0005	0
T	0.0000	0	0.0006	0
R	0.0000	0	0.0047	0
Q	0.0000	0	0.0063	0
T	0.0000	0	0.0005	0
N	0.0000	0	0.0030	0
T	0.0000	0	0.0066	0
R	0.0000	0	0.0009	0
V	0.0000	0	0.0002	0
N	0.0000	0	0.0022	0
Q	0.0000	0	0.0009	0
M	0.0000	0	0.0001	0
V	0.0000	0	0.0001	0
E	0.0000	0	0.0002	0
S	0.0000	0	0.0001	0
S	0.0000	0	0.0001	0
D	0.0000	0	0.0001	0
E	0.0000	0	0.0001	0
E	0.0000	0	0.0001	0
D	0.0000	0	0.0001	0
N	0.0000	0	0.0001	0
K	0.0000	0	0.0001	0
E	0.0000	0	0.0001	0
T	0.0000	0	0.0001	0
G	0.0000	0	0.0001	0
N	0.0000	0	0.0001	0
Y	0.0000	0	0.0001	0
E	0.0000	0	0.0001	0
E	0.0000	0	0.0000	0
Q	0.0000	0	0.0001	0
K	0.0000	0	0.0001	0
Y	0.0000	0	0.0001	0
D	0.0000	0	0.0001	0
Q	0.0000	0	0.0001	0
K	0.0000	0	0.0005	0
H	0.0000	0	0.0003	0
Q	0.0000	0	0.0002	0
N	0.0000	0	0.0002	0
K	0.0000	0	0.0001	0
K	0.0000	0	0.0002	0
D	0.0000	0	0.0002	0
D	0.0000	0	0.0002	0
I	0.0000	0	0.0001	0
D	0.0000	0	0.0001	0
I	0.0000	0	0.0001	0
D	0.0000	0	0.0003	0
D	0.0000	0	0.0006	0
I	0.0000	0	0.0017	0
</pre></body></html>