<html><head></head><body><pre style="word-wrap: break-word; white-space: pre-wrap;">&gt;O94258
Amino Acid	probability_DNA	binary_DNA	probability_RNA	binary_RNA
M	0.0482	0	0.0000	0
S	0.0031	0	0.0000	0
A	0.0014	0	0.0000	0
Q	0.0003	0	0.0000	0
D	0.0002	0	0.0000	0
V	0.0001	0	0.0000	0
E	0.0008	0	0.0000	0
N	0.0007	0	0.0000	0
A	0.0001	0	0.0000	0
V	0.0000	0	0.0000	0
E	0.0003	0	0.0000	0
A	0.0001	0	0.0000	0
A	0.0002	0	0.0000	0
L	0.0041	0	0.0000	0
D	0.0309	0	0.0001	0
P	0.0099	0	0.0000	0
S	0.0283	0	0.0000	0
V	0.0202	0	0.0000	0
G	0.0668	0	0.0001	0
P	0.3920	1	0.0004	0
I	0.0427	0	0.0000	0
I	0.0066	0	0.0000	0
K	0.5431	1	0.0012	0
Q	0.0199	0	0.0000	0
Q	0.0110	0	0.0000	0
A	0.0006	0	0.0000	0
T	0.0005	0	0.0000	0
D	0.0004	0	0.0000	0
F	0.0002	0	0.0000	0
I	0.0002	0	0.0000	0
G	0.0004	0	0.0000	0
S	0.0058	0	0.0000	0
L	0.0004	0	0.0000	0
R	0.0544	0	0.0001	0
S	0.0113	0	0.0000	0
S	0.0196	0	0.0000	0
S	0.0331	0	0.0000	0
T	0.0033	0	0.0000	0
G	0.0004	0	0.0000	0
W	0.0004	0	0.0000	0
K	0.0016	0	0.0000	0
I	0.0002	0	0.0000	0
C	0.0001	0	0.0000	0
H	0.0006	0	0.0000	0
E	0.0352	0	0.0000	0
I	0.0008	0	0.0000	0
F	0.0008	0	0.0000	0
S	0.0020	0	0.0000	0
E	0.0892	0	0.0000	0
K	0.0545	0	0.0000	0
T	0.0442	0	0.0000	0
K	0.1926	0	0.0000	0
Y	0.0358	0	0.0000	0
K	0.1237	0	0.0000	0
P	0.1995	0	0.0000	0
S	0.2537	0	0.0000	0
T	0.0038	0	0.0000	0
R	0.1532	0	0.0000	0
L	0.0251	0	0.0000	0
I	0.0164	0	0.0000	0
C	0.0006	0	0.0000	0
L	0.0007	0	0.0000	0
Q	0.0119	0	0.0000	0
T	0.0033	0	0.0000	0
L	0.0011	0	0.0000	0
S	0.0791	0	0.0000	0
E	0.3390	0	0.0002	0
K	0.0349	0	0.0000	0
V	0.0029	0	0.0000	0
R	0.0976	0	0.0000	0
E	0.0662	0	0.0000	0
W	0.2020	0	0.0000	0
N	0.0942	0	0.0000	0
N	0.0877	0	0.0000	0
E	0.0072	0	0.0000	0
S	0.0006	0	0.0000	0
N	0.0008	0	0.0000	0
L	0.0041	0	0.0000	0
L	0.0009	0	0.0000	0
E	0.0008	0	0.0000	0
L	0.0054	0	0.0000	0
Q	0.0004	0	0.0000	0
M	0.0001	0	0.0000	0
I	0.0002	0	0.0000	0
R	0.0351	0	0.0000	0
D	0.0036	0	0.0000	0
S	0.0004	0	0.0000	0
V	0.0001	0	0.0000	0
W	0.0001	0	0.0000	0
S	0.0003	0	0.0000	0
Y	0.0001	0	0.0000	0
I	0.0001	0	0.0000	0
K	0.0001	0	0.0000	0
E	0.0001	0	0.0000	0
L	0.0001	0	0.0000	0
S	0.0002	0	0.0000	0
F	0.0001	0	0.0000	0
L	0.0003	0	0.0000	0
D	0.0003	0	0.0000	0
E	0.0008	0	0.0000	0
P	0.0025	0	0.0000	0
A	0.0120	0	0.0000	0
Y	0.0041	0	0.0000	0
I	0.0024	0	0.0000	0
S	0.0492	0	0.0000	0
N	0.4735	1	0.0001	0
A	0.0280	0	0.0000	0
V	0.0013	0	0.0000	0
Q	0.0004	0	0.0000	0
H	0.0004	0	0.0000	0
L	0.0002	0	0.0000	0
L	0.0002	0	0.0000	0
T	0.0010	0	0.0000	0
L	0.0006	0	0.0000	0
L	0.0002	0	0.0000	0
F	0.0003	0	0.0000	0
L	0.0035	0	0.0000	0
Q	0.0071	0	0.0000	0
L	0.0009	0	0.0000	0
Y	0.0038	0	0.0000	0
P	0.0013	0	0.0000	0
S	0.0035	0	0.0000	0
N	0.0081	0	0.0000	0
W	0.5949	1	0.0022	0
N	0.5350	1	0.0002	0
D	0.3299	0	0.0000	0
F	0.0021	0	0.0000	0
F	0.0012	0	0.0000	0
A	0.0060	0	0.0000	0
S	0.0020	0	0.0000	0
L	0.0003	0	0.0000	0
Q	0.0008	0	0.0000	0
G	0.0040	0	0.0000	0
V	0.0018	0	0.0000	0
I	0.0011	0	0.0000	0
A	0.0048	0	0.0000	0
A	0.0099	0	0.0000	0
S	0.0038	0	0.0000	0
S	0.0028	0	0.0000	0
Q	0.0048	0	0.0000	0
S	0.0010	0	0.0000	0
E	0.0008	0	0.0000	0
F	0.0009	0	0.0000	0
S	0.0035	0	0.0000	0
N	0.0004	0	0.0000	0
F	0.0002	0	0.0000	0
Y	0.0006	0	0.0000	0
L	0.0002	0	0.0000	0
K	0.0005	0	0.0000	0
V	0.0001	0	0.0000	0
L	0.0001	0	0.0000	0
L	0.0006	0	0.0000	0
S	0.0002	0	0.0000	0
I	0.0001	0	0.0000	0
G	0.0001	0	0.0000	0
D	0.0003	0	0.0000	0
E	0.0019	0	0.0000	0
I	0.0006	0	0.0000	0
A	0.0005	0	0.0000	0
D	0.0009	0	0.0000	0
S	0.0005	0	0.0000	0
L	0.0005	0	0.0000	0
V	0.0005	0	0.0000	0
L	0.0203	0	0.0000	0
K	0.0992	0	0.0000	0
T	0.0494	0	0.0000	0
D	0.0579	0	0.0000	0
V	0.0652	0	0.0000	0
Q	0.0816	0	0.0000	0
I	0.0099	0	0.0000	0
Q	0.0077	0	0.0000	0
K	0.0526	0	0.0000	0
D	0.0280	0	0.0000	0
N	0.0087	0	0.0000	0
L	0.0098	0	0.0000	0
V	0.0019	0	0.0000	0
K	0.0934	0	0.0000	0
D	0.0037	0	0.0000	0
A	0.0007	0	0.0000	0
I	0.0012	0	0.0000	0
R	0.0452	0	0.0000	0
A	0.0012	0	0.0000	0
N	0.0007	0	0.0000	0
D	0.0001	0	0.0000	0
M	0.0002	0	0.0000	0
S	0.0016	0	0.0000	0
D	0.0003	0	0.0000	0
I	0.0001	0	0.0000	0
V	0.0001	0	0.0000	0
S	0.0002	0	0.0000	0
F	0.0001	0	0.0000	0
V	0.0001	0	0.0000	0
Y	0.0001	0	0.0000	0
E	0.0001	0	0.0000	0
M	0.0001	0	0.0000	0
M	0.0002	0	0.0000	0
L	0.0002	0	0.0000	0
A	0.0009	0	0.0000	0
Y	0.0006	0	0.0000	0
S	0.0013	0	0.0000	0
N	0.0025	0	0.0000	0
A	0.0011	0	0.0000	0
K	0.0013	0	0.0000	0
N	0.0031	0	0.0000	0
Y	0.0038	0	0.0000	0
G	0.0083	0	0.0000	0
T	0.0038	0	0.0000	0
V	0.0019	0	0.0000	0
G	0.0125	0	0.0000	0
L	0.0230	0	0.0000	0
C	0.0020	0	0.0000	0
L	0.0009	0	0.0000	0
Q	0.0317	0	0.0000	0
V	0.0014	0	0.0000	0
Y	0.0027	0	0.0000	0
A	0.0276	0	0.0000	0
Q	0.1666	0	0.0001	0
W	0.0058	0	0.0000	0
V	0.0011	0	0.0000	0
S	0.0275	0	0.0000	0
W	0.0066	0	0.0000	0
I	0.0038	0	0.0000	0
N	0.0300	0	0.0000	0
I	0.0094	0	0.0000	0
N	0.0037	0	0.0000	0
L	0.0017	0	0.0000	0
I	0.0002	0	0.0000	0
V	0.0003	0	0.0000	0
N	0.0006	0	0.0000	0
E	0.0003	0	0.0000	0
P	0.0003	0	0.0000	0
C	0.0002	0	0.0000	0
M	0.0001	0	0.0000	0
N	0.0004	0	0.0000	0
L	0.0001	0	0.0000	0
L	0.0000	0	0.0000	0
Y	0.0001	0	0.0000	0
S	0.0001	0	0.0000	0
F	0.0000	0	0.0000	0
L	0.0000	0	0.0000	0
Q	0.0001	0	0.0000	0
I	0.0002	0	0.0000	0
E	0.0002	0	0.0000	0
E	0.0003	0	0.0000	0
L	0.0002	0	0.0000	0
R	0.0253	0	0.0000	0
C	0.0003	0	0.0000	0
A	0.0003	0	0.0000	0
A	0.0004	0	0.0000	0
C	0.0002	0	0.0000	0
E	0.0007	0	0.0000	0
T	0.0002	0	0.0000	0
M	0.0003	0	0.0000	0
T	0.0007	0	0.0000	0
E	0.0002	0	0.0000	0
I	0.0004	0	0.0000	0
V	0.0002	0	0.0000	0
N	0.0009	0	0.0000	0
K	0.0011	0	0.0000	0
K	0.0009	0	0.0000	0
M	0.0005	0	0.0000	0
K	0.0004	0	0.0000	0
P	0.0004	0	0.0000	0
L	0.0013	0	0.0000	0
E	0.0023	0	0.0000	0
K	0.0121	0	0.0000	0
L	0.0004	0	0.0000	0
N	0.0004	0	0.0000	0
L	0.0003	0	0.0000	0
L	0.0005	0	0.0000	0
N	0.0027	0	0.0000	0
I	0.0007	0	0.0000	0
L	0.0003	0	0.0000	0
N	0.0011	0	0.0000	0
L	0.0010	0	0.0000	0
N	0.0007	0	0.0000	0
L	0.0005	0	0.0000	0
F	0.0003	0	0.0000	0
F	0.0007	0	0.0000	0
S	0.0010	0	0.0000	0
K	0.0016	0	0.0000	0
S	0.0003	0	0.0000	0
Q	0.0007	0	0.0000	0
E	0.0005	0	0.0000	0
Q	0.0006	0	0.0000	0
S	0.0004	0	0.0000	0
T	0.0006	0	0.0000	0
D	0.0010	0	0.0000	0
P	0.0007	0	0.0000	0
N	0.0013	0	0.0000	0
F	0.0009	0	0.0000	0
D	0.0004	0	0.0000	0
E	0.0015	0	0.0000	0
H	0.0258	0	0.0000	0
V	0.0004	0	0.0000	0
A	0.0002	0	0.0000	0
K	0.0023	0	0.0000	0
L	0.0001	0	0.0000	0
I	0.0001	0	0.0000	0
N	0.0004	0	0.0000	0
A	0.0003	0	0.0000	0
Q	0.0002	0	0.0000	0
G	0.0002	0	0.0000	0
V	0.0009	0	0.0000	0
E	0.0005	0	0.0000	0
L	0.0006	0	0.0000	0
V	0.0004	0	0.0000	0
A	0.0030	0	0.0000	0
I	0.0005	0	0.0000	0
K	0.0007	0	0.0000	0
S	0.0039	0	0.0000	0
D	0.0071	0	0.0000	0
P	0.0009	0	0.0000	0
S	0.0003	0	0.0000	0
E	0.0010	0	0.0000	0
L	0.0004	0	0.0000	0
S	0.0009	0	0.0000	0
P	0.0006	0	0.0000	0
E	0.0004	0	0.0000	0
L	0.0003	0	0.0000	0
K	0.0006	0	0.0000	0
E	0.0003	0	0.0000	0
N	0.0002	0	0.0000	0
C	0.0001	0	0.0000	0
S	0.0005	0	0.0000	0
F	0.0001	0	0.0000	0
Q	0.0001	0	0.0000	0
L	0.0001	0	0.0000	0
Y	0.0002	0	0.0000	0
N	0.0002	0	0.0000	0
L	0.0001	0	0.0000	0
F	0.0001	0	0.0000	0
P	0.0002	0	0.0000	0
Y	0.0001	0	0.0000	0
L	0.0001	0	0.0000	0
I	0.0001	0	0.0000	0
R	0.0001	0	0.0000	0
Y	0.0001	0	0.0000	0
L	0.0001	0	0.0000	0
S	0.0004	0	0.0000	0
D	0.0008	0	0.0000	0
D	0.0010	0	0.0000	0
Y	0.0019	0	0.0000	0
D	0.0050	0	0.0000	0
E	0.0047	0	0.0000	0
T	0.0012	0	0.0000	0
S	0.0028	0	0.0000	0
T	0.0016	0	0.0000	0
A	0.0012	0	0.0000	0
V	0.0007	0	0.0000	0
F	0.0006	0	0.0000	0
P	0.0046	0	0.0000	0
F	0.0003	0	0.0000	0
L	0.0006	0	0.0000	0
S	0.0011	0	0.0000	0
D	0.0011	0	0.0000	0
L	0.0003	0	0.0000	0
L	0.0002	0	0.0000	0
V	0.0003	0	0.0000	0
S	0.0001	0	0.0000	0
L	0.0001	0	0.0000	0
R	0.0008	0	0.0000	0
K	0.0016	0	0.0000	0
E	0.0005	0	0.0000	0
S	0.0008	0	0.0000	0
S	0.0015	0	0.0000	0
S	0.0008	0	0.0000	0
K	0.0007	0	0.0000	0
E	0.0006	0	0.0000	0
L	0.0004	0	0.0000	0
S	0.0013	0	0.0000	0
A	0.0004	0	0.0000	0
S	0.0007	0	0.0000	0
L	0.0003	0	0.0000	0
K	0.0115	0	0.0000	0
E	0.0004	0	0.0000	0
F	0.0002	0	0.0000	0
L	0.0004	0	0.0000	0
K	0.0003	0	0.0000	0
S	0.0008	0	0.0000	0
L	0.0001	0	0.0000	0
L	0.0004	0	0.0000	0
E	0.0029	0	0.0000	0
A	0.0005	0	0.0000	0
I	0.0003	0	0.0000	0
I	0.0012	0	0.0000	0
K	0.0056	0	0.0000	0
K	0.1344	0	0.0000	0
M	0.0037	0	0.0000	0
K	0.0328	0	0.0000	0
Y	0.0168	0	0.0000	0
D	0.0037	0	0.0000	0
E	0.0012	0	0.0000	0
S	0.0003	0	0.0000	0
Q	0.0002	0	0.0000	0
E	0.0004	0	0.0000	0
W	0.0003	0	0.0000	0
D	0.0002	0	0.0000	0
D	0.0002	0	0.0000	0
D	0.0001	0	0.0000	0
P	0.0002	0	0.0000	0
D	0.0002	0	0.0000	0
S	0.0002	0	0.0000	0
E	0.0004	0	0.0000	0
E	0.0005	0	0.0000	0
E	0.0012	0	0.0000	0
A	0.0003	0	0.0000	0
E	0.0002	0	0.0000	0
F	0.0006	0	0.0000	0
Q	0.0058	0	0.0000	0
E	0.0085	0	0.0000	0
M	0.0018	0	0.0000	0
R	0.2122	0	0.0008	0
K	0.0267	0	0.0000	0
K	0.0018	0	0.0000	0
L	0.0014	0	0.0000	0
K	0.0037	0	0.0000	0
I	0.0007	0	0.0000	0
F	0.0001	0	0.0000	0
Q	0.0004	0	0.0000	0
D	0.0010	0	0.0000	0
T	0.0003	0	0.0000	0
I	0.0004	0	0.0000	0
N	0.0003	0	0.0000	0
S	0.0008	0	0.0000	0
I	0.0005	0	0.0000	0
D	0.0055	0	0.0000	0
S	0.1004	0	0.0000	0
S	0.0309	0	0.0000	0
L	0.0030	0	0.0000	0
F	0.0021	0	0.0000	0
S	0.0066	0	0.0000	0
S	0.0324	0	0.0000	0
Y	0.0098	0	0.0000	0
M	0.0010	0	0.0000	0
Y	0.0095	0	0.0000	0
S	0.0141	0	0.0000	0
A	0.0025	0	0.0000	0
I	0.0009	0	0.0000	0
T	0.0416	0	0.0000	0
S	0.2210	0	0.0002	0
S	0.0081	0	0.0000	0
L	0.0009	0	0.0000	0
S	0.0099	0	0.0000	0
T	0.0370	0	0.0000	0
A	0.0035	0	0.0000	0
A	0.0110	0	0.0000	0
T	0.0083	0	0.0000	0
L	0.0084	0	0.0000	0
S	0.0095	0	0.0000	0
P	0.0165	0	0.0000	0
E	0.0542	0	0.0000	0
N	0.0914	0	0.0000	0
S	0.1638	0	0.0000	0
W	0.0268	0	0.0000	0
Q	0.0229	0	0.0000	0
L	0.0301	0	0.0000	0
I	0.0008	0	0.0000	0
E	0.0021	0	0.0000	0
F	0.0011	0	0.0000	0
A	0.0006	0	0.0000	0
L	0.0002	0	0.0000	0
Y	0.0492	0	0.0000	0
E	0.0030	0	0.0000	0
T	0.0005	0	0.0000	0
Y	0.0058	0	0.0000	0
I	0.0004	0	0.0000	0
F	0.0001	0	0.0000	0
G	0.0006	0	0.0000	0
E	0.0006	0	0.0000	0
G	0.0003	0	0.0000	0
L	0.0005	0	0.0000	0
R	0.0035	0	0.0000	0
G	0.0035	0	0.0000	0
P	0.0029	0	0.0000	0
D	0.0026	0	0.0000	0
A	0.0029	0	0.0000	0
F	0.0017	0	0.0000	0
F	0.0009	0	0.0000	0
N	0.0056	0	0.0000	0
E	0.0049	0	0.0000	0
V	0.0045	0	0.0000	0
D	0.0239	0	0.0000	0
K	0.2866	0	0.0000	0
S	0.0383	0	0.0000	0
P	0.0079	0	0.0000	0
T	0.0208	0	0.0000	0
V	0.0010	0	0.0000	0
L	0.0007	0	0.0000	0
S	0.0027	0	0.0000	0
Q	0.0017	0	0.0000	0
I	0.0002	0	0.0000	0
L	0.0009	0	0.0000	0
A	0.0003	0	0.0000	0
L	0.0003	0	0.0000	0
V	0.0001	0	0.0000	0
T	0.0002	0	0.0000	0
T	0.0004	0	0.0000	0
S	0.0003	0	0.0000	0
Q	0.0005	0	0.0000	0
V	0.0012	0	0.0000	0
C	0.0035	0	0.0000	0
R	0.0482	0	0.0000	0
H	0.1904	0	0.0004	0
P	0.2043	0	0.0007	0
H	0.3593	1	0.0012	0
P	0.1071	0	0.0001	0
L	0.1069	0	0.0000	0
V	0.0038	0	0.0000	0
Q	0.0438	0	0.0000	0
L	0.0446	0	0.0000	0
L	0.0088	0	0.0000	0
Y	0.0071	0	0.0000	0
M	0.0092	0	0.0000	0
E	0.5135	1	0.0009	0
I	0.0362	0	0.0000	0
L	0.0220	0	0.0000	0
V	0.0123	0	0.0000	0
R	0.2917	0	0.0005	0
Y	0.1153	0	0.0001	0
A	0.0046	0	0.0000	0
S	0.3860	1	0.0042	0
F	0.0728	0	0.0001	0
F	0.0020	0	0.0000	0
D	0.0287	0	0.0000	0
Y	0.0040	0	0.0000	0
E	0.0200	0	0.0000	0
S	0.0010	0	0.0000	0
A	0.0165	0	0.0000	0
A	0.0043	0	0.0000	0
I	0.0003	0	0.0000	0
P	0.0013	0	0.0000	0
A	0.0018	0	0.0000	0
L	0.0001	0	0.0000	0
I	0.0001	0	0.0000	0
E	0.0009	0	0.0000	0
Y	0.0004	0	0.0000	0
F	0.0001	0	0.0000	0
V	0.0002	0	0.0000	0
G	0.0003	0	0.0000	0
P	0.0006	0	0.0000	0
R	0.0003	0	0.0000	0
G	0.0004	0	0.0000	0
I	0.0007	0	0.0000	0
H	0.0063	0	0.0000	0
N	0.0171	0	0.0000	0
T	0.2720	0	0.0000	0
N	0.2555	0	0.0000	0
E	0.3430	0	0.0001	0
R	0.8156	1	0.0000	0
V	0.5840	1	0.0000	0
R	0.7207	1	0.0001	0
P	0.0830	0	0.0000	0
R	0.6972	1	0.0000	0
A	0.2902	0	0.0000	0
W	0.0140	0	0.0000	0
Y	0.6000	1	0.0142	0
L	0.2069	0	0.0006	0
F	0.0132	0	0.0000	0
Y	0.0168	0	0.0000	0
R	0.8430	1	0.0004	0
F	0.0062	0	0.0000	0
V	0.0033	0	0.0000	0
K	0.4363	1	0.0000	0
S	0.0019	0	0.0000	0
I	0.0009	0	0.0000	0
K	0.1053	0	0.0000	0
K	0.0377	0	0.0000	0
Q	0.0060	0	0.0000	0
V	0.0002	0	0.0000	0
V	0.0004	0	0.0000	0
N	0.0017	0	0.0000	0
Y	0.0022	0	0.0000	0
T	0.0004	0	0.0000	0
E	0.0013	0	0.0000	0
S	0.0013	0	0.0000	0
S	0.0001	0	0.0000	0
L	0.0002	0	0.0000	0
A	0.0017	0	0.0000	0
M	0.0001	0	0.0000	0
L	0.0001	0	0.0000	0
G	0.0003	0	0.0000	0
D	0.0003	0	0.0000	0
L	0.0003	0	0.0000	0
L	0.0005	0	0.0000	0
N	0.0019	0	0.0000	0
I	0.0005	0	0.0000	0
S	0.0031	0	0.0000	0
V	0.0017	0	0.0000	0
S	0.0053	0	0.0000	0
P	0.0045	0	0.0000	0
V	0.0055	0	0.0000	0
T	0.0033	0	0.0000	0
D	0.0023	0	0.0000	0
M	0.0014	0	0.0000	0
D	0.0011	0	0.0000	0
A	0.0027	0	0.0000	0
P	0.0008	0	0.0000	0
V	0.0006	0	0.0000	0
P	0.0010	0	0.0000	0
T	0.0008	0	0.0000	0
L	0.0006	0	0.0000	0
N	0.0031	0	0.0000	0
S	0.0016	0	0.0000	0
S	0.0008	0	0.0000	0
I	0.0007	0	0.0000	0
R	0.0026	0	0.0000	0
N	0.0018	0	0.0000	0
S	0.0017	0	0.0000	0
D	0.0020	0	0.0000	0
F	0.0040	0	0.0000	0
N	0.0030	0	0.0000	0
S	0.0078	0	0.0000	0
Q	0.0469	0	0.0000	0
L	0.0007	0	0.0000	0
Y	0.0008	0	0.0000	0
L	0.0002	0	0.0000	0
F	0.0015	0	0.0000	0
E	0.0053	0	0.0000	0
T	0.0013	0	0.0000	0
V	0.0016	0	0.0000	0
G	0.0028	0	0.0000	0
V	0.0047	0	0.0000	0
L	0.0007	0	0.0000	0
I	0.0012	0	0.0000	0
S	0.0015	0	0.0000	0
S	0.0019	0	0.0000	0
G	0.0016	0	0.0000	0
N	0.0016	0	0.0000	0
L	0.0016	0	0.0000	0
T	0.0011	0	0.0000	0
P	0.0012	0	0.0000	0
E	0.0008	0	0.0000	0
E	0.0008	0	0.0000	0
Q	0.0009	0	0.0000	0
A	0.0002	0	0.0000	0
L	0.0003	0	0.0000	0
Y	0.0002	0	0.0000	0
C	0.0002	0	0.0000	0
D	0.0005	0	0.0000	0
S	0.0004	0	0.0000	0
L	0.0001	0	0.0000	0
I	0.0001	0	0.0000	0
N	0.0013	0	0.0000	0
A	0.0003	0	0.0000	0
L	0.0002	0	0.0000	0
I	0.0002	0	0.0000	0
G	0.0059	0	0.0000	0
K	0.0072	0	0.0000	0
A	0.0003	0	0.0000	0
N	0.0007	0	0.0000	0
A	0.0008	0	0.0000	0
A	0.0001	0	0.0000	0
L	0.0001	0	0.0000	0
S	0.0003	0	0.0000	0
S	0.0014	0	0.0000	0
D	0.0007	0	0.0000	0
L	0.0007	0	0.0000	0
S	0.0009	0	0.0000	0
A	0.0007	0	0.0000	0
L	0.0020	0	0.0000	0
E	0.0006	0	0.0000	0
N	0.0003	0	0.0000	0
I	0.0005	0	0.0000	0
I	0.0002	0	0.0000	0
S	0.0016	0	0.0000	0
V	0.0001	0	0.0000	0
Y	0.0002	0	0.0000	0
C	0.0004	0	0.0000	0
S	0.0002	0	0.0000	0
L	0.0002	0	0.0000	0
M	0.0005	0	0.0000	0
A	0.0002	0	0.0000	0
I	0.0003	0	0.0000	0
G	0.0079	0	0.0000	0
N	0.1157	0	0.0000	0
F	0.0016	0	0.0000	0
A	0.0059	0	0.0000	0
K	0.3048	0	0.0000	0
G	0.0953	0	0.0000	0
F	0.1151	0	0.0000	0
P	0.1003	0	0.0000	0
A	0.2585	0	0.0000	0
R	0.1909	0	0.0000	0
G	0.2287	0	0.0000	0
S	0.1286	0	0.0000	0
E	0.0862	0	0.0000	0
E	0.0280	0	0.0000	0
V	0.0205	0	0.0000	0
A	0.0208	0	0.0000	0
W	0.0050	0	0.0000	0
L	0.0053	0	0.0000	0
A	0.0021	0	0.0000	0
S	0.0004	0	0.0000	0
F	0.0011	0	0.0000	0
N	0.0029	0	0.0000	0
K	0.0071	0	0.0000	0
A	0.0037	0	0.0000	0
S	0.0008	0	0.0000	0
D	0.0003	0	0.0000	0
E	0.0003	0	0.0000	0
I	0.0003	0	0.0000	0
F	0.0001	0	0.0000	0
L	0.0020	0	0.0000	0
I	0.0002	0	0.0000	0
L	0.0002	0	0.0000	0
D	0.0006	0	0.0000	0
R	0.0016	0	0.0000	0
M	0.0012	0	0.0000	0
G	0.0222	0	0.0000	0
F	0.2628	0	0.0000	0
N	0.0106	0	0.0000	0
E	0.0136	0	0.0000	0
D	0.0024	0	0.0000	0
I	0.0009	0	0.0000	0
R	0.0856	0	0.0000	0
G	0.0125	0	0.0000	0
A	0.0045	0	0.0000	0
V	0.0010	0	0.0000	0
R	0.0020	0	0.0000	0
F	0.0016	0	0.0000	0
T	0.0007	0	0.0000	0
S	0.0006	0	0.0000	0
G	0.0166	0	0.0000	0
R	0.0203	0	0.0000	0
I	0.0001	0	0.0000	0
I	0.0002	0	0.0000	0
N	0.0002	0	0.0000	0
V	0.0001	0	0.0000	0
V	0.0003	0	0.0000	0
G	0.0034	0	0.0000	0
P	0.0008	0	0.0000	0
D	0.0007	0	0.0000	0
M	0.0002	0	0.0000	0
L	0.0002	0	0.0000	0
P	0.0024	0	0.0000	0
K	0.0004	0	0.0000	0
V	0.0002	0	0.0000	0
P	0.0003	0	0.0000	0
Q	0.0006	0	0.0000	0
L	0.0001	0	0.0000	0
I	0.0001	0	0.0000	0
S	0.0003	0	0.0000	0
I	0.0001	0	0.0000	0
L	0.0001	0	0.0000	0
L	0.0002	0	0.0000	0
N	0.0005	0	0.0000	0
S	0.0014	0	0.0000	0
I	0.0027	0	0.0000	0
D	0.0036	0	0.0000	0
M	0.0015	0	0.0000	0
N	0.0063	0	0.0000	0
E	0.0009	0	0.0000	0
L	0.0014	0	0.0000	0
V	0.0010	0	0.0000	0
D	0.0004	0	0.0000	0
V	0.0003	0	0.0000	0
L	0.0002	0	0.0000	0
S	0.0006	0	0.0000	0
F	0.0004	0	0.0000	0
I	0.0002	0	0.0000	0
S	0.0034	0	0.0000	0
Q	0.0115	0	0.0000	0
L	0.0004	0	0.0000	0
I	0.0005	0	0.0000	0
H	0.0009	0	0.0000	0
I	0.0028	0	0.0000	0
Y	0.0007	0	0.0000	0
K	0.0079	0	0.0000	0
D	0.0029	0	0.0000	0
N	0.0007	0	0.0000	0
M	0.0004	0	0.0000	0
M	0.0004	0	0.0000	0
E	0.0002	0	0.0000	0
I	0.0001	0	0.0000	0
T	0.0002	0	0.0000	0
N	0.0008	0	0.0000	0
R	0.0003	0	0.0000	0
M	0.0001	0	0.0000	0
L	0.0001	0	0.0000	0
P	0.0001	0	0.0000	0
T	0.0001	0	0.0000	0
L	0.0001	0	0.0000	0
L	0.0001	0	0.0000	0
M	0.0002	0	0.0000	0
R	0.0002	0	0.0000	0
I	0.0004	0	0.0000	0
F	0.0004	0	0.0000	0
S	0.0007	0	0.0000	0
S	0.0002	0	0.0000	0
L	0.0002	0	0.0000	0
S	0.0003	0	0.0000	0
A	0.0005	0	0.0000	0
A	0.0006	0	0.0000	0
P	0.0003	0	0.0000	0
Q	0.0003	0	0.0000	0
G	0.0002	0	0.0000	0
T	0.0004	0	0.0000	0
D	0.0005	0	0.0000	0
D	0.0004	0	0.0000	0
A	0.0003	0	0.0000	0
V	0.0014	0	0.0000	0
K	0.0006	0	0.0000	0
Q	0.0008	0	0.0000	0
N	0.0006	0	0.0000	0
D	0.0003	0	0.0000	0
L	0.0002	0	0.0000	0
R	0.0121	0	0.0000	0
K	0.0085	0	0.0000	0
S	0.0006	0	0.0000	0
Y	0.0010	0	0.0000	0
I	0.0003	0	0.0000	0
S	0.0008	0	0.0000	0
F	0.0006	0	0.0000	0
I	0.0005	0	0.0000	0
L	0.0146	0	0.0000	0
Q	0.0006	0	0.0000	0
L	0.0001	0	0.0000	0
L	0.0001	0	0.0000	0
N	0.0001	0	0.0000	0
K	0.0002	0	0.0000	0
G	0.0001	0	0.0000	0
F	0.0014	0	0.0000	0
G	0.0017	0	0.0000	0
S	0.0002	0	0.0000	0
I	0.0001	0	0.0000	0
L	0.0001	0	0.0000	0
F	0.0002	0	0.0000	0
T	0.0008	0	0.0000	0
E	0.0026	0	0.0000	0
E	0.0013	0	0.0000	0
N	0.0016	0	0.0000	0
Q	0.0087	0	0.0000	0
V	0.0018	0	0.0000	0
Y	0.0007	0	0.0000	0
F	0.0006	0	0.0000	0
D	0.0021	0	0.0000	0
P	0.0012	0	0.0000	0
L	0.0001	0	0.0000	0
I	0.0001	0	0.0000	0
N	0.0002	0	0.0000	0
S	0.0001	0	0.0000	0
I	0.0001	0	0.0000	0
L	0.0001	0	0.0000	0
H	0.0003	0	0.0000	0
F	0.0001	0	0.0000	0
A	0.0001	0	0.0000	0
N	0.0001	0	0.0000	0
L	0.0004	0	0.0000	0
V	0.0012	0	0.0000	0
G	0.0025	0	0.0000	0
E	0.0017	0	0.0000	0
P	0.0048	0	0.0000	0
A	0.0008	0	0.0000	0
T	0.0003	0	0.0000	0
Q	0.0008	0	0.0000	0
K	0.0039	0	0.0000	0
S	0.0006	0	0.0000	0
S	0.0003	0	0.0000	0
I	0.0004	0	0.0000	0
A	0.0013	0	0.0000	0
L	0.0002	0	0.0000	0
V	0.0001	0	0.0000	0
S	0.0003	0	0.0000	0
K	0.0002	0	0.0000	0
M	0.0001	0	0.0000	0
V	0.0001	0	0.0000	0
S	0.0007	0	0.0000	0
L	0.0007	0	0.0000	0
W	0.0027	0	0.0000	0
G	0.0029	0	0.0000	0
G	0.0016	0	0.0000	0
K	0.0029	0	0.0000	0
D	0.0019	0	0.0000	0
G	0.0013	0	0.0000	0
I	0.0024	0	0.0000	0
A	0.0016	0	0.0000	0
G	0.0012	0	0.0000	0
F	0.0014	0	0.0000	0
E	0.0033	0	0.0000	0
N	0.0006	0	0.0000	0
F	0.0003	0	0.0000	0
T	0.0002	0	0.0000	0
L	0.0001	0	0.0000	0
S	0.0001	0	0.0000	0
L	0.0001	0	0.0000	0
T	0.0002	0	0.0000	0
P	0.0001	0	0.0000	0
L	0.0000	0	0.0000	0
C	0.0000	0	0.0000	0
F	0.0001	0	0.0000	0
E	0.0003	0	0.0000	0
M	0.0001	0	0.0000	0
P	0.0001	0	0.0000	0
V	0.0006	0	0.0000	0
N	0.0029	0	0.0000	0
P	0.0101	0	0.0000	0
N	0.0104	0	0.0000	0
F	0.0168	0	0.0001	0
N	0.0148	0	0.0000	0
T	0.0108	0	0.0000	0
R	0.0473	0	0.0000	0
D	0.0393	0	0.0000	0
G	0.0206	0	0.0000	0
Q	0.2626	0	0.0004	0
S	0.0115	0	0.0000	0
L	0.0013	0	0.0000	0
V	0.0008	0	0.0000	0
V	0.0002	0	0.0000	0
L	0.0003	0	0.0000	0
G	0.0046	0	0.0000	0
E	0.0014	0	0.0000	0
L	0.0002	0	0.0000	0
A	0.0006	0	0.0000	0
G	0.0013	0	0.0000	0
L	0.0006	0	0.0000	0
Q	0.0009	0	0.0000	0
K	0.0333	0	0.0000	0
I	0.0024	0	0.0000	0
I	0.0004	0	0.0000	0
L	0.0024	0	0.0000	0
E	0.0022	0	0.0000	0
K	0.1255	0	0.0000	0
L	0.0092	0	0.0000	0
G	0.0043	0	0.0000	0
D	0.0072	0	0.0000	0
I	0.0027	0	0.0000	0
Y	0.0009	0	0.0000	0
K	0.0010	0	0.0000	0
S	0.0005	0	0.0000	0
Y	0.0009	0	0.0000	0
L	0.0001	0	0.0000	0
V	0.0003	0	0.0000	0
T	0.0010	0	0.0000	0
V	0.0003	0	0.0000	0
Y	0.0002	0	0.0000	0
F	0.0003	0	0.0000	0
P	0.0004	0	0.0000	0
T	0.0038	0	0.0000	0
V	0.0013	0	0.0000	0
N	0.0014	0	0.0000	0
F	0.0007	0	0.0000	0
P	0.0302	0	0.0000	0
D	0.0956	0	0.0001	0
V	0.0081	0	0.0000	0
M	0.0021	0	0.0000	0
A	0.0005	0	0.0000	0
S	0.0004	0	0.0000	0
E	0.0011	0	0.0000	0
Y	0.0002	0	0.0000	0
L	0.0003	0	0.0000	0
Q	0.0038	0	0.0000	0
A	0.0022	0	0.0000	0
L	0.0003	0	0.0000	0
S	0.0012	0	0.0000	0
N	0.0007	0	0.0000	0
L	0.0007	0	0.0000	0
D	0.0008	0	0.0000	0
S	0.0039	0	0.0000	0
R	0.0196	0	0.0000	0
S	0.0014	0	0.0000	0
F	0.0013	0	0.0000	0
K	0.1757	0	0.0000	0
Q	0.0775	0	0.0000	0
F	0.0053	0	0.0000	0
F	0.0008	0	0.0000	0
Q	0.0131	0	0.0000	0
K	0.0031	0	0.0000	0
F	0.0004	0	0.0000	0
I	0.0004	0	0.0000	0
Q	0.0053	0	0.0000	0
A	0.0450	0	0.0000	0
L	0.0009	0	0.0000	0
K	0.1751	0	0.0001	0
S	0.0108	0	0.0000	0
G	0.0206	0	0.0000	0
N	0.0312	0	0.0000	0
V	0.0481	0	0.0000	0
</pre></body></html>