<html><head></head><body><pre style="word-wrap: break-word; white-space: pre-wrap;">&gt;Q7CWV1
Amino Acid	probability_DNA	binary_DNA	probability_RNA	binary_RNA
M	0.5341	1	0.0001	0
L	0.4819	1	0.0001	0
A	0.2267	0	0.0000	0
A	0.0112	0	0.0000	0
K	0.0652	0	0.0000	0
R	0.4177	1	0.0000	0
K	0.3035	0	0.0000	0
T	0.4210	1	0.0000	0
K	0.3417	0	0.0000	0
T	0.3062	0	0.0000	0
P	0.0045	0	0.0000	0
V	0.0010	0	0.0000	0
L	0.0011	0	0.0000	0
V	0.0006	0	0.0000	0
E	0.0083	0	0.0000	0
R	0.0326	0	0.0000	0
I	0.0029	0	0.0000	0
D	0.0051	0	0.0000	0
Q	0.0035	0	0.0000	0
F	0.0005	0	0.0000	0
V	0.0004	0	0.0000	0
G	0.0012	0	0.0000	0
Q	0.0144	0	0.0000	0
I	0.0005	0	0.0000	0
K	0.0622	0	0.0000	0
E	0.0438	0	0.0000	0
A	0.0042	0	0.0000	0
M	0.0350	0	0.0000	0
K	0.1574	0	0.0000	0
S	0.0294	0	0.0000	0
D	0.0225	0	0.0000	0
D	0.0239	0	0.0000	0
A	0.0254	0	0.0000	0
S	0.1050	0	0.0000	0
R	0.1155	0	0.0000	0
N	0.3551	1	0.0000	0
R	0.4348	1	0.0000	0
K	0.3928	1	0.0000	0
I	0.0774	0	0.0000	0
R	0.3710	1	0.0000	0
D	0.0696	0	0.0000	0
L	0.0012	0	0.0000	0
W	0.1038	0	0.0000	0
D	0.0027	0	0.0000	0
A	0.0009	0	0.0000	0
E	0.0023	0	0.0000	0
V	0.0003	0	0.0000	0
R	0.0109	0	0.0000	0
Y	0.0025	0	0.0000	0
H	0.0016	0	0.0000	0
F	0.0012	0	0.0000	0
D	0.0078	0	0.0000	0
N	0.0140	0	0.0000	0
G	0.0723	0	0.0000	0
R	0.1721	0	0.0000	0
T	0.0579	0	0.0000	0
E	0.0776	0	0.0000	0
K	0.4382	1	0.0000	0
T	0.1253	0	0.0000	0
L	0.0037	0	0.0000	0
E	0.0745	0	0.0000	0
L	0.0010	0	0.0000	0
Y	0.0031	0	0.0000	0
I	0.0004	0	0.0000	0
M	0.0019	0	0.0000	0
K	0.4122	1	0.0000	0
Y	0.0351	0	0.0000	0
R	0.2461	0	0.0000	0
N	0.0928	0	0.0000	0
A	0.0009	0	0.0000	0
L	0.0007	0	0.0000	0
K	0.0150	0	0.0000	0
A	0.0021	0	0.0000	0
E	0.0029	0	0.0000	0
F	0.0014	0	0.0000	0
G	0.0066	0	0.0000	0
P	0.0407	0	0.0000	0
K	0.3495	0	0.0000	0
S	0.3543	1	0.0000	0
T	0.4974	1	0.0000	0
P	0.3102	0	0.0000	0
L	0.2497	0	0.0000	0
A	0.0652	0	0.0000	0
I	0.0050	0	0.0000	0
C	0.0084	0	0.0000	0
N	0.0442	0	0.0000	0
M	0.0058	0	0.0000	0
K	0.4070	1	0.0000	0
K	0.4811	1	0.0000	0
L	0.0124	0	0.0000	0
R	0.4731	1	0.0000	0
E	0.0205	0	0.0000	0
R	0.0604	0	0.0000	0
L	0.0027	0	0.0000	0
N	0.0145	0	0.0000	0
T	0.0035	0	0.0000	0
Y	0.0059	0	0.0000	0
I	0.0005	0	0.0000	0
A	0.0282	0	0.0000	0
R	0.2456	0	0.0000	0
G	0.0234	0	0.0000	0
D	0.0125	0	0.0000	0
Y	0.1342	0	0.0000	0
P	0.0074	0	0.0000	0
K	0.0107	0	0.0000	0
T	0.0073	0	0.0000	0
G	0.0041	0	0.0000	0
V	0.0241	0	0.0000	0
A	0.0053	0	0.0000	0
T	0.0410	0	0.0000	0
S	0.0072	0	0.0000	0
I	0.0004	0	0.0000	0
V	0.0006	0	0.0000	0
E	0.0007	0	0.0000	0
K	0.0018	0	0.0000	0
I	0.0001	0	0.0000	0
E	0.0002	0	0.0000	0
R	0.0046	0	0.0000	0
A	0.0003	0	0.0000	0
E	0.0005	0	0.0000	0
F	0.0065	0	0.0000	0
N	0.0390	0	0.0000	0
T	0.3091	0	0.0000	0
A	0.5002	1	0.0000	0
G	0.7098	1	0.0000	0
R	0.8773	1	0.0000	0
K	0.5398	1	0.0000	0
P	0.0442	0	0.0000	0
T	0.1105	0	0.0000	0
V	0.0036	0	0.0000	0
L	0.0012	0	0.0000	0
L	0.0003	0	0.0000	0
R	0.0014	0	0.0000	0
I	0.0001	0	0.0000	0
A	0.0002	0	0.0000	0
D	0.0004	0	0.0000	0
F	0.0002	0	0.0000	0
I	0.0003	0	0.0000	0
A	0.0011	0	0.0000	0
A	0.0010	0	0.0000	0
M	0.0003	0	0.0000	0
N	0.0022	0	0.0000	0
G	0.0007	0	0.0000	0
M	0.0007	0	0.0000	0
D	0.0006	0	0.0000	0
A	0.0022	0	0.0000	0
K	0.0288	0	0.0000	0
Q	0.0067	0	0.0000	0
D	0.0004	0	0.0000	0
M	0.0003	0	0.0000	0
Q	0.0013	0	0.0000	0
A	0.0004	0	0.0000	0
L	0.0003	0	0.0000	0
W	0.0003	0	0.0000	0
D	0.0015	0	0.0000	0
A	0.0016	0	0.0000	0
E	0.0009	0	0.0000	0
I	0.0003	0	0.0000	0
A	0.0011	0	0.0000	0
I	0.0049	0	0.0000	0
M	0.0070	0	0.0000	0
N	0.1979	0	0.0000	0
G	0.5113	1	0.0000	0
R	0.3989	1	0.0000	0
A	0.1895	0	0.0000	0
Q	0.3577	1	0.0000	0
T	0.6312	1	0.0000	0
T	0.3447	0	0.0000	0
I	0.0025	0	0.0000	0
I	0.1057	0	0.0000	0
S	0.4849	1	0.0000	0
Y	0.3287	0	0.0000	0
I	0.0036	0	0.0000	0
T	0.4921	1	0.0000	0
K	0.5990	1	0.0000	0
Y	0.0066	0	0.0000	0
R	0.3246	0	0.0001	0
N	0.2071	0	0.0000	0
A	0.0027	0	0.0000	0
I	0.0013	0	0.0000	0
R	0.3787	1	0.0000	0
E	0.0085	0	0.0000	0
A	0.0005	0	0.0000	0
F	0.0010	0	0.0000	0
G	0.0021	0	0.0000	0
D	0.0027	0	0.0000	0
D	0.0045	0	0.0000	0
H	0.0060	0	0.0000	0
P	0.0018	0	0.0000	0
M	0.0007	0	0.0000	0
L	0.0002	0	0.0000	0
K	0.0005	0	0.0000	0
I	0.0002	0	0.0000	0
A	0.0003	0	0.0000	0
T	0.0021	0	0.0000	0
G	0.0040	0	0.0000	0
D	0.0097	0	0.0000	0
A	0.0109	0	0.0000	0
A	0.0064	0	0.0000	0
M	0.0007	0	0.0000	0
Y	0.0045	0	0.0000	0
D	0.0029	0	0.0000	0
E	0.0219	0	0.0000	0
A	0.0020	0	0.0000	0
R	0.0303	0	0.0000	0
R	0.0895	0	0.0000	0
V	0.0196	0	0.0000	0
K	0.2517	0	0.0000	0
M	0.0285	0	0.0000	0
E	0.0081	0	0.0000	0
K	0.0563	0	0.0000	0
I	0.0071	0	0.0000	0
A	0.0270	0	0.0000	0
N	0.1066	0	0.0000	0
K	0.0505	0	0.0000	0
H	0.0884	0	0.0000	0
G	0.0252	0	0.0000	0
A	0.0165	0	0.0000	0
L	0.0529	0	0.0000	0
I	0.0036	0	0.0000	0
T	0.0222	0	0.0000	0
F	0.0062	0	0.0000	0
E	0.0363	0	0.0000	0
N	0.0281	0	0.0000	0
Y	0.0088	0	0.0000	0
R	0.0136	0	0.0000	0
Q	0.0066	0	0.0000	0
V	0.0003	0	0.0000	0
L	0.0005	0	0.0000	0
K	0.0007	0	0.0000	0
I	0.0004	0	0.0000	0
C	0.0002	0	0.0000	0
E	0.0068	0	0.0000	0
D	0.0125	0	0.0000	0
C	0.0021	0	0.0000	0
L	0.0048	0	0.0000	0
K	0.0679	0	0.0000	0
S	0.0691	0	0.0000	0
S	0.3129	0	0.0000	0
D	0.0901	0	0.0000	0
P	0.0021	0	0.0000	0
L	0.0055	0	0.0000	0
M	0.0029	0	0.0000	0
I	0.0008	0	0.0000	0
G	0.0003	0	0.0000	0
I	0.0002	0	0.0000	0
G	0.0002	0	0.0000	0
L	0.0003	0	0.0000	0
I	0.0002	0	0.0000	0
G	0.0001	0	0.0000	0
M	0.0002	0	0.0000	0
T	0.0005	0	0.0000	0
G	0.0019	0	0.0000	0
R	0.1238	0	0.0000	0
R	0.5124	1	0.0000	0
P	0.0411	0	0.0000	0
Y	0.0018	0	0.0000	0
E	0.0015	0	0.0000	0
V	0.0004	0	0.0000	0
F	0.0006	0	0.0000	0
T	0.0011	0	0.0000	0
Q	0.0060	0	0.0000	0
A	0.0031	0	0.0000	0
E	0.0098	0	0.0000	0
F	0.0006	0	0.0000	0
S	0.0038	0	0.0000	0
P	0.0018	0	0.0000	0
A	0.0005	0	0.0000	0
P	0.0016	0	0.0000	0
Y	0.0019	0	0.0000	0
G	0.0023	0	0.0000	0
K	0.0035	0	0.0000	0
G	0.0010	0	0.0000	0
V	0.0031	0	0.0000	0
S	0.0015	0	0.0000	0
K	0.2508	0	0.0000	0
W	0.0577	0	0.0000	0
S	0.0401	0	0.0000	0
I	0.0004	0	0.0000	0
L	0.0091	0	0.0000	0
F	0.0011	0	0.0000	0
N	0.0093	0	0.0000	0
G	0.0544	0	0.0000	0
Q	0.0551	0	0.0000	0
A	0.0212	0	0.0000	0
K	0.5990	1	0.0000	0
T	0.3899	1	0.0000	0
K	0.6119	1	0.0000	0
Q	0.3211	0	0.0000	0
G	0.0386	0	0.0000	0
E	0.0203	0	0.0000	0
G	0.0405	0	0.0000	0
T	0.0252	0	0.0000	0
K	0.0948	0	0.0000	0
F	0.2242	0	0.0000	0
G	0.2293	0	0.0000	0
I	0.3852	1	0.0000	0
T	0.0363	0	0.0000	0
Y	0.0385	0	0.0000	0
E	0.0739	0	0.0000	0
I	0.0005	0	0.0000	0
P	0.0021	0	0.0000	0
V	0.0012	0	0.0000	0
L	0.0033	0	0.0000	0
T	0.0007	0	0.0000	0
R	0.0902	0	0.0000	0
S	0.0584	0	0.0000	0
E	0.0193	0	0.0000	0
T	0.0036	0	0.0000	0
V	0.0015	0	0.0000	0
L	0.0029	0	0.0000	0
A	0.0653	0	0.0000	0
A	0.0038	0	0.0000	0
Y	0.0036	0	0.0000	0
K	0.3471	0	0.0000	0
R	0.0095	0	0.0000	0
L	0.0009	0	0.0000	0
R	0.1123	0	0.0000	0
E	0.0131	0	0.0000	0
S	0.0055	0	0.0000	0
G	0.0046	0	0.0000	0
Q	0.0039	0	0.0000	0
G	0.0009	0	0.0000	0
K	0.0035	0	0.0000	0
L	0.0034	0	0.0000	0
W	0.0023	0	0.0000	0
H	0.0170	0	0.0000	0
G	0.0042	0	0.0000	0
M	0.0015	0	0.0000	0
S	0.0050	0	0.0000	0
I	0.0250	0	0.0000	0
D	0.0061	0	0.0000	0
D	0.0207	0	0.0000	0
F	0.0062	0	0.0000	0
S	0.0594	0	0.0000	0
S	0.0729	0	0.0000	0
E	0.0112	0	0.0000	0
T	0.0091	0	0.0000	0
R	0.0194	0	0.0000	0
L	0.0159	0	0.0000	0
L	0.0014	0	0.0000	0
L	0.0011	0	0.0000	0
R	0.0529	0	0.0000	0
D	0.0157	0	0.0000	0
T	0.0066	0	0.0000	0
V	0.0024	0	0.0000	0
F	0.1655	0	0.0000	0
N	0.3576	1	0.0001	0
L	0.0345	0	0.0000	0
F	0.0049	0	0.0000	0
E	0.0178	0	0.0000	0
D	0.0130	0	0.0000	0
V	0.0022	0	0.0000	0
W	0.0013	0	0.0000	0
P	0.0020	0	0.0000	0
K	0.0185	0	0.0000	0
E	0.0054	0	0.0000	0
E	0.0032	0	0.0000	0
L	0.1299	0	0.0000	0
P	0.0110	0	0.0000	0
K	0.4611	1	0.0000	0
P	0.1260	0	0.0000	0
Y	0.4487	1	0.0001	0
G	0.0078	0	0.0000	0
L	0.0017	0	0.0000	0
R	0.2634	0	0.0000	0
H	0.0360	0	0.0000	0
L	0.0004	0	0.0000	0
Y	0.0050	0	0.0000	0
A	0.0002	0	0.0000	0
E	0.0006	0	0.0000	0
V	0.0002	0	0.0000	0
A	0.0003	0	0.0000	0
Y	0.0010	0	0.0000	0
H	0.0007	0	0.0000	0
N	0.0024	0	0.0000	0
F	0.0143	0	0.0000	0
A	0.0008	0	0.0000	0
P	0.0017	0	0.0000	0
P	0.0030	0	0.0000	0
H	0.0018	0	0.0000	0
V	0.0007	0	0.0000	0
T	0.0030	0	0.0000	0
K	0.0233	0	0.0000	0
N	0.0247	0	0.0000	0
S	0.0045	0	0.0000	0
Y	0.0059	0	0.0000	0
F	0.0007	0	0.0000	0
A	0.0068	0	0.0000	0
A	0.0344	0	0.0000	0
I	0.0011	0	0.0000	0
L	0.0035	0	0.0000	0
G	0.0097	0	0.0000	0
H	0.2329	0	0.0000	0
N	0.2782	0	0.0000	0
N	0.1553	0	0.0000	0
N	0.0368	0	0.0000	0
D	0.0052	0	0.0000	0
L	0.0091	0	0.0000	0
E	0.0853	0	0.0000	0
T	0.3131	0	0.0000	0
S	0.2544	0	0.0000	0
L	0.0111	0	0.0000	0
S	0.1414	0	0.0000	0
Y	0.1097	0	0.0000	0
M	0.0036	0	0.0000	0
T	0.0915	0	0.0000	0
Y	0.0050	0	0.0000	0
T	0.0030	0	0.0000	0
L	0.0023	0	0.0000	0
P	0.0011	0	0.0000	0
E	0.0022	0	0.0000	0
D	0.0029	0	0.0000	0
R	0.0047	0	0.0000	0
D	0.0043	0	0.0000	0
N	0.0085	0	0.0000	0
A	0.0035	0	0.0000	0
L	0.0031	0	0.0000	0
A	0.0367	0	0.0000	0
R	0.0367	0	0.0000	0
L	0.0420	0	0.0000	0
K	0.0185	0	0.0000	0
R	0.0387	0	0.0000	0
T	0.0070	0	0.0000	0
N	0.0198	0	0.0000	0
E	0.0084	0	0.0000	0
R	0.0465	0	0.0000	0
T	0.0071	0	0.0000	0
L	0.0018	0	0.0000	0
Q	0.0087	0	0.0000	0
Q	0.0020	0	0.0000	0
M	0.0002	0	0.0000	0
A	0.0002	0	0.0000	0
T	0.0002	0	0.0000	0
I	0.0002	0	0.0000	0
A	0.0016	0	0.0000	0
P	0.0005	0	0.0000	0
V	0.0004	0	0.0000	0
S	0.0010	0	0.0000	0
R	0.0079	0	0.0000	0
K	0.0633	0	0.0000	0
G	0.0994	0	0.0000	0
</pre></body></html>