<html><head></head><body><pre style="word-wrap: break-word; white-space: pre-wrap;">&gt;P0A6Z6
Amino Acid	probability_DNA	binary_DNA	probability_RNA	binary_RNA
M	0.4863	1	0.0637	0
Q	0.2366	0	0.0030	0
R	0.5671	1	0.0043	0
V	0.0221	0	0.0000	0
T	0.3930	1	0.0033	0
I	0.1873	0	0.0002	0
T	0.5398	1	0.0011	0
L	0.1699	0	0.0001	0
D	0.0695	0	0.0000	0
D	0.0505	0	0.0001	0
D	0.0159	0	0.0000	0
L	0.0020	0	0.0000	0
L	0.0016	0	0.0000	0
E	0.0024	0	0.0000	0
T	0.0008	0	0.0000	0
L	0.0003	0	0.0000	0
D	0.0058	0	0.0000	0
S	0.0020	0	0.0000	0
L	0.0004	0	0.0000	0
S	0.0002	0	0.0000	0
Q	0.0002	0	0.0000	0
R	0.0002	0	0.0000	0
R	0.0002	0	0.0000	0
G	0.0008	0	0.0000	0
Y	0.0087	0	0.0000	0
N	0.0227	0	0.0001	0
N	0.1363	0	0.0009	0
R	0.4374	1	0.0042	0
S	0.3379	0	0.0008	0
E	0.0386	0	0.0001	0
A	0.0004	0	0.0000	0
I	0.0001	0	0.0000	0
R	0.0013	0	0.0000	0
D	0.0001	0	0.0000	0
I	0.0000	0	0.0000	0
L	0.0000	0	0.0000	0
R	0.0022	0	0.0000	0
S	0.0003	0	0.0000	0
A	0.0001	0	0.0000	0
L	0.0001	0	0.0000	0
A	0.0001	0	0.0000	0
Q	0.0011	0	0.0000	0
E	0.0036	0	0.0000	0
A	0.0074	0	0.0000	0
T	0.0032	0	0.0000	0
Q	0.0010	0	0.0000	0
Q	0.0003	0	0.0000	0
H	0.0003	0	0.0000	0
G	0.0003	0	0.0000	0
T	0.0002	0	0.0000	0
Q	0.0004	0	0.0000	0
G	0.0002	0	0.0000	0
F	0.0001	0	0.0000	0
A	0.0001	0	0.0000	0
V	0.0002	0	0.0000	0
L	0.0001	0	0.0000	0
S	0.0002	0	0.0000	0
Y	0.0001	0	0.0000	0
V	0.0001	0	0.0000	0
Y	0.0004	0	0.0000	0
E	0.0005	0	0.0000	0
H	0.0007	0	0.0000	0
E	0.0020	0	0.0000	0
K	0.0035	0	0.0000	0
R	0.0069	0	0.0000	0
D	0.0030	0	0.0000	0
L	0.0018	0	0.0000	0
A	0.0012	0	0.0000	0
S	0.0020	0	0.0000	0
R	0.0038	0	0.0000	0
I	0.0004	0	0.0000	0
V	0.0009	0	0.0000	0
S	0.0086	0	0.0001	0
T	0.0015	0	0.0000	0
Q	0.0282	0	0.0003	0
H	0.0049	0	0.0001	0
H	0.0052	0	0.0000	0
H	0.0383	0	0.0008	0
H	0.0088	0	0.0001	0
D	0.0022	0	0.0000	0
L	0.0006	0	0.0000	0
S	0.0005	0	0.0000	0
V	0.0018	0	0.0000	0
A	0.0019	0	0.0000	0
T	0.0290	0	0.0003	0
L	0.0153	0	0.0001	0
H	0.8728	1	0.0072	0
V	0.2652	0	0.0005	0
H	0.4197	1	0.0011	0
I	0.0367	0	0.0001	0
N	0.0025	0	0.0000	0
H	0.0016	0	0.0000	0
D	0.0024	0	0.0000	0
D	0.0009	0	0.0000	0
C	0.0002	0	0.0000	0
L	0.0002	0	0.0000	0
E	0.0050	0	0.0000	0
I	0.0001	0	0.0000	0
A	0.0002	0	0.0000	0
V	0.0002	0	0.0000	0
L	0.0006	0	0.0000	0
K	0.1907	0	0.0009	0
G	0.0882	0	0.0001	0
D	0.0449	0	0.0000	0
M	0.0212	0	0.0000	0
G	0.0131	0	0.0000	0
D	0.0695	0	0.0000	0
V	0.0031	0	0.0000	0
Q	0.0681	0	0.0000	0
H	0.0025	0	0.0000	0
F	0.0002	0	0.0000	0
A	0.0004	0	0.0000	0
D	0.0011	0	0.0000	0
D	0.0062	0	0.0000	0
V	0.0008	0	0.0000	0
I	0.0095	0	0.0000	0
A	0.0115	0	0.0000	0
Q	0.0025	0	0.0000	0
R	0.1048	0	0.0001	0
G	0.1566	0	0.0001	0
V	0.0449	0	0.0000	0
R	0.4404	1	0.0000	0
H	0.4576	1	0.0000	0
G	0.0187	0	0.0000	0
H	0.4994	1	0.0000	0
L	0.0099	0	0.0000	0
Q	0.0080	0	0.0000	0
C	0.0020	0	0.0000	0
L	0.0011	0	0.0000	0
P	0.0013	0	0.0000	0
K	0.0015	0	0.0000	0
E	0.0028	0	0.0000	0
D	0.0105	0	0.0000	0
</pre></body></html>