<html><head></head><body><pre style="word-wrap: break-word; white-space: pre-wrap;">&gt;Q9YAS7
Amino Acid	probability_DNA	binary_DNA	probability_RNA	binary_RNA
M	0.0040	0	0.0006	0
P	0.0020	0	0.0002	0
T	0.0020	0	0.0008	0
L	0.0005	0	0.0003	0
R	0.0964	0	0.1417	0
T	0.1031	0	0.0662	0
G	0.0363	0	0.0196	0
L	0.0276	0	0.0060	0
V	0.0218	0	0.0015	0
I	0.3442	0	0.0307	0
A	0.0345	0	0.0007	0
A	0.4466	1	0.0419	0
G	0.7766	1	0.0535	0
Y	0.6225	1	0.0173	0
A	0.0219	0	0.0034	0
D	0.1796	0	0.2985	1
K	0.3188	0	0.1720	1
V	0.0021	0	0.0015	0
R	0.2768	0	0.0914	0
R	0.5067	1	0.0521	0
V	0.0182	0	0.0039	0
L	0.0001	0	0.0001	0
F	0.0097	0	0.0462	0
A	0.0125	0	0.0312	0
Q	0.0006	0	0.0005	0
L	0.0001	0	0.0000	0
R	0.0102	0	0.0150	0
D	0.0002	0	0.0001	0
A	0.0001	0	0.0000	0
I	0.0001	0	0.0000	0
K	0.0173	0	0.0155	0
S	0.0078	0	0.0061	0
G	0.0020	0	0.0014	0
E	0.0013	0	0.0004	0
L	0.0000	0	0.0000	0
S	0.0001	0	0.0000	0
N	0.0004	0	0.0001	0
K	0.0007	0	0.0003	0
D	0.0002	0	0.0001	0
V	0.0000	0	0.0000	0
A	0.0000	0	0.0000	0
M	0.0001	0	0.0001	0
A	0.0000	0	0.0000	0
A	0.0000	0	0.0000	0
G	0.0001	0	0.0000	0
N	0.0001	0	0.0000	0
L	0.0000	0	0.0000	0
N	0.0018	0	0.0010	0
R	0.0012	0	0.0010	0
V	0.0000	0	0.0000	0
L	0.0000	0	0.0000	0
F	0.0001	0	0.0000	0
E	0.0000	0	0.0000	0
L	0.0000	0	0.0000	0
L	0.0000	0	0.0000	0
V	0.0000	0	0.0000	0
N	0.0001	0	0.0000	0
K	0.0002	0	0.0001	0
L	0.0004	0	0.0001	0
K	0.0034	0	0.0010	0
A	0.0008	0	0.0002	0
D	0.0029	0	0.0002	0
K	0.0555	0	0.0107	0
L	0.0009	0	0.0001	0
D	0.0012	0	0.0003	0
V	0.0001	0	0.0000	0
V	0.0001	0	0.0000	0
R	0.0409	0	0.0138	0
I	0.0003	0	0.0000	0
Q	0.0174	0	0.0014	0
I	0.0030	0	0.0001	0
D	0.0088	0	0.0005	0
Y	0.0002	0	0.0000	0
E	0.0001	0	0.0000	0
V	0.0001	0	0.0000	0
R	0.0001	0	0.0000	0
D	0.0001	0	0.0000	0
S	0.0002	0	0.0000	0
Q	0.0004	0	0.0000	0
I	0.0001	0	0.0000	0
Q	0.0075	0	0.0002	0
F	0.0002	0	0.0000	0
D	0.0015	0	0.0001	0
F	0.0003	0	0.0000	0
S	0.0003	0	0.0000	0
T	0.0015	0	0.0001	0
L	0.0002	0	0.0000	0
R	0.0430	0	0.0016	0
V	0.0025	0	0.0000	0
E	0.0110	0	0.0001	0
L	0.0022	0	0.0001	0
W	0.0233	0	0.0017	0
R	0.1333	0	0.0060	0
R	0.1493	0	0.0065	0
V	0.0006	0	0.0000	0
P	0.0004	0	0.0000	0
E	0.0007	0	0.0000	0
E	0.0023	0	0.0001	0
E	0.0093	0	0.0005	0
I	0.0001	0	0.0000	0
A	0.0019	0	0.0004	0
P	0.0013	0	0.0001	0
I	0.0014	0	0.0001	0
V	0.0002	0	0.0000	0
E	0.0004	0	0.0002	0
D	0.0001	0	0.0000	0
F	0.0000	0	0.0000	0
A	0.0000	0	0.0000	0
R	0.0003	0	0.0001	0
A	0.0000	0	0.0000	0
A	0.0000	0	0.0000	0
P	0.0000	0	0.0000	0
R	0.0003	0	0.0000	0
L	0.0000	0	0.0000	0
L	0.0001	0	0.0000	0
E	0.0002	0	0.0000	0
E	0.0001	0	0.0000	0
E	0.0001	0	0.0000	0
I	0.0000	0	0.0000	0
R	0.0001	0	0.0000	0
F	0.0001	0	0.0000	0
T	0.0002	0	0.0000	0
V	0.0000	0	0.0000	0
E	0.0001	0	0.0000	0
K	0.0002	0	0.0000	0
V	0.0001	0	0.0000	0
G	0.0000	0	0.0000	0
E	0.0002	0	0.0000	0
T	0.0001	0	0.0000	0
D	0.0000	0	0.0000	0
V	0.0000	0	0.0000	0
G	0.0000	0	0.0000	0
D	0.0001	0	0.0000	0
V	0.0000	0	0.0000	0
V	0.0001	0	0.0000	0
Y	0.0000	0	0.0000	0
R	0.0001	0	0.0000	0
I	0.0000	0	0.0000	0
M	0.0000	0	0.0000	0
Y	0.0002	0	0.0001	0
R	0.0025	0	0.0019	0
G	0.0003	0	0.0003	0
S	0.0001	0	0.0000	0
D	0.0002	0	0.0001	0
V	0.0000	0	0.0000	0
G	0.0000	0	0.0000	0
A	0.0000	0	0.0000	0
L	0.0000	0	0.0000	0
I	0.0000	0	0.0000	0
V	0.0000	0	0.0000	0
T	0.0000	0	0.0001	0
P	0.0000	0	0.0001	0
L	0.0000	0	0.0001	0
N	0.0001	0	0.0002	0
G	0.0000	0	0.0002	0
E	0.0001	0	0.0001	0
A	0.0000	0	0.0001	0
L	0.0000	0	0.0002	0
V	0.0000	0	0.0001	0
R	0.0001	0	0.0007	0
G	0.0000	0	0.0001	0
A	0.0000	0	0.0000	0
V	0.0000	0	0.0000	0
V	0.0000	0	0.0000	0
E	0.0000	0	0.0000	0
P	0.0000	0	0.0000	0
T	0.0000	0	0.0000	0
P	0.0000	0	0.0001	0
L	0.0000	0	0.0001	0
L	0.0001	0	0.0002	0
L	0.0002	0	0.0002	0
K	0.0045	0	0.0018	0
R	0.0088	0	0.0028	0
T	0.0012	0	0.0002	0
R	0.0242	0	0.0048	0
V	0.0004	0	0.0001	0
Q	0.0012	0	0.0002	0
V	0.0006	0	0.0000	0
E	0.0007	0	0.0001	0
A	0.0007	0	0.0001	0
D	0.0009	0	0.0001	0
R	0.0383	0	0.0173	0
I	0.0079	0	0.0054	0
D	0.0067	0	0.0065	0
D	0.0031	0	0.0047	0
F	0.0004	0	0.0002	0
V	0.0000	0	0.0000	0
R	0.0003	0	0.0000	0
E	0.0007	0	0.0000	0
S	0.0001	0	0.0000	0
V	0.0001	0	0.0000	0
S	0.0001	0	0.0000	0
R	0.0003	0	0.0000	0
L	0.0000	0	0.0000	0
F	0.0001	0	0.0000	0
S	0.0002	0	0.0001	0
E	0.0001	0	0.0000	0
A	0.0001	0	0.0000	0
Q	0.0001	0	0.0000	0
N	0.0002	0	0.0000	0
V	0.0001	0	0.0000	0
E	0.0007	0	0.0000	0
K	0.0153	0	0.0001	0
R	0.0058	0	0.0000	0
E	0.0002	0	0.0000	0
A	0.0000	0	0.0000	0
V	0.0001	0	0.0000	0
R	0.0004	0	0.0001	0
V	0.0000	0	0.0000	0
V	0.0000	0	0.0000	0
N	0.0036	0	0.0003	0
E	0.0001	0	0.0000	0
I	0.0000	0	0.0000	0
L	0.0001	0	0.0000	0
S	0.0001	0	0.0001	0
L	0.0000	0	0.0000	0
V	0.0001	0	0.0000	0
K	0.0003	0	0.0003	0
A	0.0002	0	0.0000	0
G	0.0001	0	0.0000	0
E	0.0002	0	0.0000	0
E	0.0004	0	0.0000	0
G	0.0002	0	0.0000	0
F	0.0000	0	0.0000	0
E	0.0000	0	0.0000	0
E	0.0000	0	0.0000	0
A	0.0000	0	0.0000	0
L	0.0000	0	0.0000	0
E	0.0000	0	0.0000	0
E	0.0000	0	0.0000	0
E	0.0000	0	0.0000	0
V	0.0000	0	0.0000	0
E	0.0000	0	0.0000	0
G	0.0002	0	0.0001	0
</pre></body></html>