<html><head></head><body><pre style="word-wrap: break-word; white-space: pre-wrap;">&gt;P62317
Amino Acid	probability_DNA	binary_DNA	probability_RNA	binary_RNA
M	0.0079	0	0.0061	0
S	0.0033	0	0.0025	0
L	0.0012	0	0.0007	0
L	0.0002	0	0.0002	0
N	0.0004	0	0.0005	0
K	0.0014	0	0.0006	0
P	0.0006	0	0.0001	0
K	0.0039	0	0.0015	0
S	0.0011	0	0.0002	0
E	0.0003	0	0.0000	0
M	0.0002	0	0.0000	0
T	0.0001	0	0.0000	0
P	0.0001	0	0.0000	0
E	0.0000	0	0.0000	0
E	0.0000	0	0.0000	0
L	0.0000	0	0.0000	0
Q	0.0000	0	0.0000	0
K	0.0000	0	0.0000	0
R	0.0001	0	0.0000	0
E	0.0001	0	0.0000	0
E	0.0001	0	0.0000	0
E	0.0000	0	0.0000	0
E	0.0001	0	0.0000	0
F	0.0000	0	0.0000	0
N	0.0001	0	0.0000	0
T	0.0001	0	0.0000	0
G	0.0002	0	0.0000	0
P	0.0003	0	0.0000	0
L	0.0001	0	0.0000	0
S	0.0001	0	0.0000	0
V	0.0000	0	0.0000	0
L	0.0000	0	0.0000	0
T	0.0001	0	0.0000	0
Q	0.0003	0	0.0001	0
S	0.0001	0	0.0000	0
V	0.0000	0	0.0000	0
K	0.0002	0	0.0001	0
N	0.0002	0	0.0001	0
N	0.0001	0	0.0001	0
T	0.0001	0	0.0001	0
Q	0.0022	0	0.0024	0
V	0.0002	0	0.0002	0
L	0.0042	0	0.0087	0
I	0.0017	0	0.0041	0
N	0.0074	0	0.0151	0
C	0.0008	0	0.0012	0
R	0.2468	0	0.2593	1
N	0.2297	0	0.1923	1
N	0.1848	0	0.1153	0
K	0.2532	0	0.1581	1
K	0.0219	0	0.0009	0
L	0.0008	0	0.0001	0
L	0.0002	0	0.0005	0
G	0.0000	0	0.0000	0
R	0.0002	0	0.0013	0
V	0.0001	0	0.0002	0
K	0.0169	0	0.0675	0
A	0.0006	0	0.0041	0
F	0.0086	0	0.1300	0
D	0.0113	0	0.2273	1
R	0.0639	0	0.6466	1
H	0.0707	0	0.4958	1
C	0.0003	0	0.0021	0
N	0.0049	0	0.0510	0
M	0.0001	0	0.0004	0
V	0.0000	0	0.0000	0
L	0.0000	0	0.0001	0
E	0.0001	0	0.0001	0
N	0.0001	0	0.0002	0
V	0.0000	0	0.0001	0
K	0.0003	0	0.0014	0
E	0.0004	0	0.0017	0
M	0.0002	0	0.0004	0
W	0.0001	0	0.0006	0
T	0.0016	0	0.0110	0
E	0.0002	0	0.0008	0
V	0.0006	0	0.0023	0
P	0.0004	0	0.0012	0
K	0.0014	0	0.0039	0
S	0.0008	0	0.0017	0
G	0.0036	0	0.0074	0
K	0.0031	0	0.0054	0
G	0.0013	0	0.0022	0
K	0.0065	0	0.0098	0
K	0.0088	0	0.0100	0
K	0.0063	0	0.0061	0
S	0.0102	0	0.0136	0
K	0.0126	0	0.0098	0
P	0.0006	0	0.0005	0
V	0.0007	0	0.0011	0
N	0.0023	0	0.0048	0
K	0.0042	0	0.0113	0
D	0.0503	0	0.0888	0
R	0.4422	1	0.3455	1
Y	0.0103	0	0.0077	0
I	0.0003	0	0.0004	0
S	0.0001	0	0.0003	0
K	0.0079	0	0.0315	0
M	0.0002	0	0.0009	0
F	0.0103	0	0.0609	0
L	0.0026	0	0.0069	0
R	0.5260	1	0.5603	1
G	0.2062	0	0.2824	1
D	0.2418	0	0.3724	1
S	0.1131	0	0.2579	1
V	0.0008	0	0.0046	0
I	0.0006	0	0.0039	0
V	0.0015	0	0.0227	0
V	0.0000	0	0.0004	0
L	0.0001	0	0.0026	0
R	0.0008	0	0.0260	0
N	0.0001	0	0.0024	0
P	0.0001	0	0.0005	0
L	0.0001	0	0.0005	0
I	0.0000	0	0.0002	0
A	0.0001	0	0.0010	0
G	0.0002	0	0.0011	0
K	0.0056	0	0.0217	0
</pre></body></html>