<html><head></head><body><pre style="word-wrap: break-word; white-space: pre-wrap;">&gt;Q99ZW2
Amino Acid	probability_DNA	binary_DNA	probability_RNA	binary_RNA
M	0.1736	0	0.0000	0
D	0.0690	0	0.0000	0
K	0.0228	0	0.0000	0
K	0.0385	0	0.0000	0
Y	0.0118	0	0.0000	0
S	0.0078	0	0.0000	0
I	0.0033	0	0.0000	0
G	0.1152	0	0.0000	0
L	0.0025	0	0.0000	0
A	0.0986	0	0.0000	0
I	0.0155	0	0.0000	0
G	0.0948	0	0.0000	0
T	0.0865	0	0.0000	0
N	0.2394	0	0.0000	0
S	0.3211	0	0.0000	0
V	0.0126	0	0.0000	0
G	0.0947	0	0.0000	0
W	0.0035	0	0.0000	0
A	0.0009	0	0.0000	0
V	0.0009	0	0.0000	0
I	0.0002	0	0.0000	0
T	0.0002	0	0.0000	0
D	0.0003	0	0.0000	0
E	0.0009	0	0.0000	0
Y	0.0009	0	0.0000	0
K	0.0079	0	0.0000	0
V	0.0012	0	0.0000	0
P	0.0013	0	0.0000	0
S	0.0184	0	0.0000	0
K	0.0074	0	0.0000	0
K	0.0045	0	0.0000	0
F	0.0005	0	0.0000	0
K	0.0034	0	0.0000	0
V	0.0015	0	0.0000	0
L	0.0008	0	0.0000	0
G	0.0006	0	0.0000	0
N	0.0014	0	0.0000	0
T	0.0027	0	0.0000	0
D	0.0035	0	0.0000	0
R	0.0747	0	0.0000	0
H	0.2113	0	0.0000	0
S	0.4117	1	0.0000	0
I	0.0498	0	0.0000	0
K	0.4679	1	0.0000	0
K	0.4972	1	0.0000	0
N	0.4849	1	0.0000	0
L	0.0635	0	0.0000	0
I	0.0134	0	0.0000	0
G	0.1055	0	0.0000	0
A	0.0095	0	0.0000	0
L	0.0100	0	0.0000	0
L	0.0013	0	0.0000	0
F	0.0226	0	0.0000	0
D	0.0605	0	0.0000	0
S	0.2659	0	0.0000	0
G	0.1902	0	0.0000	0
E	0.0887	0	0.0000	0
T	0.1536	0	0.0000	0
A	0.0650	0	0.0000	0
E	0.0343	0	0.0000	0
A	0.0241	0	0.0000	0
T	0.5627	1	0.0000	0
R	0.6475	1	0.0000	0
L	0.2465	0	0.0000	0
K	0.2071	0	0.0000	0
R	0.8456	1	0.0000	0
T	0.4816	1	0.0000	0
A	0.0268	0	0.0000	0
R	0.9218	1	0.0000	0
R	0.8847	1	0.0000	0
R	0.9660	1	0.0000	0
Y	0.0607	0	0.0000	0
T	0.7039	1	0.0000	0
R	0.9785	1	0.0000	0
R	0.4657	1	0.0000	0
K	0.8818	1	0.0000	0
N	0.5459	1	0.0000	0
R	0.6328	1	0.0000	0
I	0.0016	0	0.0000	0
C	0.0007	0	0.0000	0
Y	0.0023	0	0.0000	0
L	0.0003	0	0.0000	0
Q	0.0031	0	0.0000	0
E	0.0018	0	0.0000	0
I	0.0002	0	0.0000	0
F	0.0005	0	0.0000	0
S	0.0007	0	0.0000	0
N	0.0007	0	0.0000	0
E	0.0013	0	0.0000	0
M	0.0004	0	0.0000	0
A	0.0021	0	0.0000	0
K	0.0230	0	0.0000	0
V	0.0051	0	0.0000	0
D	0.0231	0	0.0000	0
D	0.0049	0	0.0000	0
S	0.0643	0	0.0000	0
F	0.0624	0	0.0000	0
F	0.0030	0	0.0000	0
H	0.0080	0	0.0000	0
R	0.4996	1	0.0000	0
L	0.0018	0	0.0000	0
E	0.0071	0	0.0000	0
E	0.0045	0	0.0000	0
S	0.0056	0	0.0000	0
F	0.0335	0	0.0000	0
L	0.0082	0	0.0000	0
V	0.0124	0	0.0000	0
E	0.0027	0	0.0000	0
E	0.0020	0	0.0000	0
D	0.0020	0	0.0000	0
K	0.0125	0	0.0000	0
K	0.0535	0	0.0000	0
H	0.0513	0	0.0000	0
E	0.0090	0	0.0000	0
R	0.2058	0	0.0000	0
H	0.0854	0	0.0000	0
P	0.0063	0	0.0000	0
I	0.0009	0	0.0000	0
F	0.0008	0	0.0000	0
G	0.0008	0	0.0000	0
N	0.0010	0	0.0000	0
I	0.0007	0	0.0000	0
V	0.0022	0	0.0000	0
D	0.0039	0	0.0000	0
E	0.0051	0	0.0000	0
V	0.0066	0	0.0000	0
A	0.0028	0	0.0000	0
Y	0.0016	0	0.0000	0
H	0.0015	0	0.0000	0
E	0.0007	0	0.0000	0
K	0.0052	0	0.0000	0
Y	0.0041	0	0.0000	0
P	0.0014	0	0.0000	0
T	0.0020	0	0.0000	0
I	0.0003	0	0.0000	0
Y	0.0069	0	0.0000	0
H	0.0041	0	0.0000	0
L	0.0003	0	0.0000	0
R	0.4200	1	0.0000	0
K	0.0589	0	0.0000	0
K	0.0047	0	0.0000	0
L	0.0003	0	0.0000	0
V	0.0005	0	0.0000	0
D	0.0016	0	0.0000	0
S	0.0024	0	0.0000	0
T	0.0181	0	0.0000	0
D	0.0239	0	0.0000	0
K	0.3815	1	0.0000	0
A	0.0082	0	0.0000	0
D	0.0705	0	0.0000	0
L	0.0007	0	0.0000	0
R	0.4155	1	0.0000	0
L	0.0032	0	0.0000	0
I	0.0006	0	0.0000	0
Y	0.0020	0	0.0000	0
L	0.0003	0	0.0000	0
A	0.0003	0	0.0000	0
L	0.0010	0	0.0000	0
A	0.0369	0	0.0000	0
H	0.0552	0	0.0000	0
M	0.0009	0	0.0000	0
I	0.0024	0	0.0000	0
K	0.2461	0	0.0000	0
F	0.1069	0	0.0000	0
R	0.5877	1	0.0000	0
G	0.0206	0	0.0000	0
H	0.3111	0	0.0000	0
F	0.2192	0	0.0000	0
L	0.0169	0	0.0000	0
I	0.0108	0	0.0000	0
E	0.0072	0	0.0000	0
G	0.0024	0	0.0000	0
D	0.0014	0	0.0000	0
L	0.0043	0	0.0000	0
N	0.0021	0	0.0000	0
P	0.0017	0	0.0000	0
D	0.0038	0	0.0000	0
N	0.0046	0	0.0000	0
S	0.0018	0	0.0000	0
D	0.0023	0	0.0000	0
V	0.0012	0	0.0000	0
D	0.0039	0	0.0000	0
K	0.0017	0	0.0000	0
L	0.0002	0	0.0000	0
F	0.0002	0	0.0000	0
I	0.0011	0	0.0000	0
Q	0.0003	0	0.0000	0
L	0.0001	0	0.0000	0
V	0.0001	0	0.0000	0
Q	0.0005	0	0.0000	0
T	0.0001	0	0.0000	0
Y	0.0002	0	0.0000	0
N	0.0003	0	0.0000	0
Q	0.0001	0	0.0000	0
L	0.0000	0	0.0000	0
F	0.0000	0	0.0000	0
E	0.0001	0	0.0000	0
E	0.0001	0	0.0000	0
N	0.0001	0	0.0000	0
P	0.0001	0	0.0000	0
I	0.0001	0	0.0000	0
N	0.0003	0	0.0000	0
A	0.0006	0	0.0000	0
S	0.0008	0	0.0000	0
G	0.0021	0	0.0000	0
V	0.0004	0	0.0000	0
D	0.0003	0	0.0000	0
A	0.0001	0	0.0000	0
K	0.0003	0	0.0000	0
A	0.0001	0	0.0000	0
I	0.0001	0	0.0000	0
L	0.0002	0	0.0000	0
S	0.0023	0	0.0000	0
A	0.0043	0	0.0000	0
R	0.1885	0	0.0000	0
L	0.0196	0	0.0000	0
S	0.4620	1	0.0000	0
K	0.8978	1	0.0000	0
S	0.7536	1	0.0000	0
R	0.3748	1	0.0000	0
R	0.8635	1	0.0000	0
L	0.0303	0	0.0000	0
E	0.1273	0	0.0000	0
N	0.0600	0	0.0000	0
L	0.0002	0	0.0000	0
I	0.0001	0	0.0000	0
A	0.0003	0	0.0000	0
Q	0.0002	0	0.0000	0
L	0.0001	0	0.0000	0
P	0.0004	0	0.0000	0
G	0.0008	0	0.0000	0
E	0.0024	0	0.0000	0
K	0.0037	0	0.0000	0
K	0.0513	0	0.0000	0
N	0.0501	0	0.0000	0
G	0.0470	0	0.0000	0
L	0.0012	0	0.0000	0
F	0.0027	0	0.0000	0
G	0.0396	0	0.0000	0
N	0.0047	0	0.0000	0
L	0.0004	0	0.0000	0
I	0.0004	0	0.0000	0
A	0.0123	0	0.0000	0
L	0.0008	0	0.0000	0
S	0.0005	0	0.0000	0
L	0.0017	0	0.0000	0
G	0.0011	0	0.0000	0
L	0.0041	0	0.0000	0
T	0.3557	1	0.0000	0
P	0.0690	0	0.0000	0
N	0.2451	0	0.0000	0
F	0.0099	0	0.0000	0
K	0.0836	0	0.0000	0
S	0.0734	0	0.0000	0
N	0.0011	0	0.0000	0
F	0.0018	0	0.0000	0
D	0.0015	0	0.0000	0
L	0.0004	0	0.0000	0
A	0.0003	0	0.0000	0
E	0.0004	0	0.0000	0
D	0.0005	0	0.0000	0
A	0.0002	0	0.0000	0
K	0.0004	0	0.0000	0
L	0.0002	0	0.0000	0
Q	0.0021	0	0.0000	0
L	0.0008	0	0.0000	0
S	0.0267	0	0.0000	0
K	0.0203	0	0.0000	0
D	0.0236	0	0.0000	0
T	0.0201	0	0.0000	0
Y	0.0376	0	0.0000	0
D	0.0022	0	0.0000	0
D	0.0020	0	0.0000	0
D	0.0036	0	0.0000	0
L	0.0004	0	0.0000	0
D	0.0016	0	0.0000	0
N	0.0013	0	0.0000	0
L	0.0001	0	0.0000	0
L	0.0002	0	0.0000	0
A	0.0003	0	0.0000	0
Q	0.0003	0	0.0000	0
I	0.0001	0	0.0000	0
G	0.0011	0	0.0000	0
D	0.0019	0	0.0000	0
Q	0.0018	0	0.0000	0
Y	0.0006	0	0.0000	0
A	0.0002	0	0.0000	0
D	0.0004	0	0.0000	0
L	0.0001	0	0.0000	0
F	0.0006	0	0.0000	0
L	0.0003	0	0.0000	0
A	0.0004	0	0.0000	0
A	0.0005	0	0.0000	0
K	0.0391	0	0.0000	0
N	0.1118	0	0.0000	0
L	0.0003	0	0.0000	0
S	0.0077	0	0.0000	0
D	0.0057	0	0.0000	0
A	0.0010	0	0.0000	0
I	0.0001	0	0.0000	0
L	0.0001	0	0.0000	0
L	0.0001	0	0.0000	0
S	0.0002	0	0.0000	0
D	0.0001	0	0.0000	0
I	0.0001	0	0.0000	0
L	0.0001	0	0.0000	0
R	0.0015	0	0.0000	0
V	0.0008	0	0.0000	0
N	0.0009	0	0.0000	0
T	0.0014	0	0.0000	0
E	0.0034	0	0.0000	0
I	0.0081	0	0.0000	0
T	0.0627	0	0.0000	0
K	0.4732	1	0.0000	0
A	0.3790	1	0.0000	0
P	0.3208	0	0.0000	0
L	0.0078	0	0.0000	0
S	0.1735	0	0.0000	0
A	0.0372	0	0.0000	0
S	0.0437	0	0.0000	0
M	0.0443	0	0.0000	0
I	0.0014	0	0.0000	0
K	0.0151	0	0.0000	0
R	0.0891	0	0.0000	0
Y	0.0033	0	0.0000	0
D	0.0008	0	0.0000	0
E	0.0020	0	0.0000	0
H	0.0032	0	0.0000	0
H	0.0030	0	0.0000	0
Q	0.0009	0	0.0000	0
D	0.0005	0	0.0000	0
L	0.0003	0	0.0000	0
T	0.0015	0	0.0000	0
L	0.0002	0	0.0000	0
L	0.0002	0	0.0000	0
K	0.0074	0	0.0000	0
A	0.0016	0	0.0000	0
L	0.0003	0	0.0000	0
V	0.0002	0	0.0000	0
R	0.0489	0	0.0000	0
Q	0.0060	0	0.0000	0
Q	0.0023	0	0.0000	0
L	0.0011	0	0.0000	0
P	0.0055	0	0.0000	0
E	0.0104	0	0.0000	0
K	0.0057	0	0.0000	0
Y	0.0018	0	0.0000	0
K	0.0020	0	0.0000	0
E	0.0013	0	0.0000	0
I	0.0002	0	0.0000	0
F	0.0018	0	0.0000	0
F	0.0018	0	0.0000	0
D	0.0074	0	0.0000	0
Q	0.0108	0	0.0000	0
S	0.0046	0	0.0000	0
K	0.0144	0	0.0000	0
N	0.0322	0	0.0000	0
G	0.0366	0	0.0000	0
Y	0.0885	0	0.0000	0
A	0.0226	0	0.0000	0
G	0.2785	0	0.0000	0
Y	0.3395	0	0.0000	0
I	0.0049	0	0.0000	0
D	0.3419	0	0.0000	0
G	0.1548	0	0.0000	0
G	0.1315	0	0.0000	0
A	0.0159	0	0.0000	0
S	0.0385	0	0.0000	0
Q	0.0508	0	0.0000	0
E	0.0036	0	0.0000	0
E	0.0040	0	0.0000	0
F	0.0003	0	0.0000	0
Y	0.0012	0	0.0000	0
K	0.0056	0	0.0000	0
F	0.0006	0	0.0000	0
I	0.0001	0	0.0000	0
K	0.0028	0	0.0000	0
P	0.0003	0	0.0000	0
I	0.0001	0	0.0000	0
L	0.0001	0	0.0000	0
E	0.0002	0	0.0000	0
K	0.0003	0	0.0000	0
M	0.0001	0	0.0000	0
D	0.0002	0	0.0000	0
G	0.0002	0	0.0000	0
T	0.0003	0	0.0000	0
E	0.0002	0	0.0000	0
E	0.0003	0	0.0000	0
L	0.0001	0	0.0000	0
L	0.0001	0	0.0000	0
V	0.0003	0	0.0000	0
K	0.0014	0	0.0000	0
L	0.0002	0	0.0000	0
N	0.0005	0	0.0000	0
R	0.0018	0	0.0000	0
E	0.0020	0	0.0000	0
D	0.0085	0	0.0000	0
L	0.0059	0	0.0000	0
L	0.0062	0	0.0000	0
R	0.3309	0	0.0000	0
K	0.4890	1	0.0000	0
Q	0.0725	0	0.0000	0
R	0.6158	1	0.0000	0
T	0.4185	1	0.0000	0
F	0.6177	1	0.0000	0
D	0.1776	0	0.0000	0
N	0.3276	0	0.0000	0
G	0.0594	0	0.0000	0
S	0.0264	0	0.0000	0
I	0.0449	0	0.0000	0
P	0.0377	0	0.0000	0
H	0.0148	0	0.0000	0
Q	0.0085	0	0.0000	0
I	0.0005	0	0.0000	0
H	0.0009	0	0.0000	0
L	0.0005	0	0.0000	0
G	0.0002	0	0.0000	0
E	0.0002	0	0.0000	0
L	0.0001	0	0.0000	0
H	0.0007	0	0.0000	0
A	0.0003	0	0.0000	0
I	0.0001	0	0.0000	0
L	0.0001	0	0.0000	0
R	0.0125	0	0.0000	0
R	0.0936	0	0.0000	0
Q	0.0022	0	0.0000	0
E	0.0006	0	0.0000	0
D	0.0012	0	0.0000	0
F	0.0020	0	0.0000	0
Y	0.0016	0	0.0000	0
P	0.0007	0	0.0000	0
F	0.0080	0	0.0000	0
L	0.0001	0	0.0000	0
K	0.0008	0	0.0000	0
D	0.0007	0	0.0000	0
N	0.0011	0	0.0000	0
R	0.0016	0	0.0000	0
E	0.0009	0	0.0000	0
K	0.0093	0	0.0000	0
I	0.0001	0	0.0000	0
E	0.0002	0	0.0000	0
K	0.0002	0	0.0000	0
I	0.0001	0	0.0000	0
L	0.0001	0	0.0000	0
T	0.0003	0	0.0000	0
F	0.0003	0	0.0000	0
R	0.0023	0	0.0000	0
I	0.0002	0	0.0000	0
P	0.0005	0	0.0000	0
Y	0.0005	0	0.0000	0
Y	0.0003	0	0.0000	0
V	0.0004	0	0.0000	0
G	0.0002	0	0.0000	0
P	0.0001	0	0.0000	0
L	0.0003	0	0.0000	0
A	0.0013	0	0.0000	0
R	0.0073	0	0.0000	0
G	0.0035	0	0.0000	0
N	0.0144	0	0.0000	0
S	0.0099	0	0.0000	0
R	0.0150	0	0.0000	0
F	0.2137	0	0.0000	0
A	0.0045	0	0.0000	0
W	0.0122	0	0.0000	0
M	0.0007	0	0.0000	0
T	0.0012	0	0.0000	0
R	0.0186	0	0.0000	0
K	0.0018	0	0.0000	0
S	0.0027	0	0.0000	0
E	0.0011	0	0.0000	0
E	0.0013	0	0.0000	0
T	0.0043	0	0.0000	0
I	0.0125	0	0.0000	0
T	0.2090	0	0.0000	0
P	0.0050	0	0.0000	0
W	0.0030	0	0.0000	0
N	0.0007	0	0.0000	0
F	0.0004	0	0.0000	0
E	0.0003	0	0.0000	0
E	0.0004	0	0.0000	0
V	0.0004	0	0.0000	0
V	0.0002	0	0.0000	0
D	0.0007	0	0.0000	0
K	0.0028	0	0.0000	0
G	0.0035	0	0.0000	0
A	0.0035	0	0.0000	0
S	0.0160	0	0.0000	0
A	0.0050	0	0.0000	0
Q	0.0301	0	0.0000	0
S	0.0098	0	0.0000	0
F	0.0140	0	0.0000	0
I	0.0010	0	0.0000	0
E	0.1240	0	0.0000	0
R	0.4495	1	0.0000	0
M	0.0093	0	0.0000	0
T	0.0131	0	0.0000	0
N	0.3426	0	0.0000	0
F	0.0420	0	0.0000	0
D	0.0032	0	0.0000	0
K	0.0244	0	0.0000	0
N	0.0158	0	0.0000	0
L	0.0006	0	0.0000	0
P	0.0013	0	0.0000	0
N	0.0028	0	0.0000	0
E	0.0023	0	0.0000	0
K	0.0054	0	0.0000	0
V	0.0031	0	0.0000	0
L	0.0005	0	0.0000	0
P	0.0022	0	0.0000	0
K	0.0166	0	0.0000	0
H	0.0158	0	0.0000	0
S	0.0048	0	0.0000	0
L	0.0013	0	0.0000	0
L	0.0004	0	0.0000	0
Y	0.0047	0	0.0000	0
E	0.0414	0	0.0000	0
Y	0.0016	0	0.0000	0
F	0.0022	0	0.0000	0
T	0.0021	0	0.0000	0
V	0.0004	0	0.0000	0
Y	0.0084	0	0.0000	0
N	0.2889	0	0.0000	0
E	0.0020	0	0.0000	0
L	0.0003	0	0.0000	0
T	0.0038	0	0.0000	0
K	0.0117	0	0.0000	0
V	0.0008	0	0.0000	0
K	0.1146	0	0.0000	0
Y	0.0186	0	0.0000	0
V	0.1954	0	0.0000	0
T	0.1040	0	0.0000	0
E	0.0553	0	0.0000	0
G	0.0725	0	0.0000	0
M	0.0498	0	0.0000	0
R	0.0264	0	0.0000	0
K	0.0182	0	0.0000	0
P	0.0052	0	0.0000	0
A	0.0069	0	0.0000	0
F	0.0262	0	0.0000	0
L	0.0016	0	0.0000	0
S	0.0330	0	0.0000	0
G	0.3636	1	0.0000	0
E	0.0171	0	0.0000	0
Q	0.0015	0	0.0000	0
K	0.2370	0	0.0000	0
K	0.0042	0	0.0000	0
A	0.0007	0	0.0000	0
I	0.0001	0	0.0000	0
V	0.0001	0	0.0000	0
D	0.0010	0	0.0000	0
L	0.0002	0	0.0000	0
L	0.0001	0	0.0000	0
F	0.0003	0	0.0000	0
K	0.0053	0	0.0000	0
T	0.0019	0	0.0000	0
N	0.0103	0	0.0000	0
R	0.0108	0	0.0000	0
K	0.0105	0	0.0000	0
V	0.0045	0	0.0000	0
T	0.0282	0	0.0000	0
V	0.0307	0	0.0000	0
K	0.0216	0	0.0000	0
Q	0.0037	0	0.0000	0
L	0.0002	0	0.0000	0
K	0.0036	0	0.0000	0
E	0.0024	0	0.0000	0
D	0.0003	0	0.0000	0
Y	0.0002	0	0.0000	0
F	0.0004	0	0.0000	0
K	0.0104	0	0.0000	0
K	0.0011	0	0.0000	0
I	0.0010	0	0.0000	0
E	0.0022	0	0.0000	0
C	0.0011	0	0.0000	0
F	0.0026	0	0.0000	0
D	0.0021	0	0.0000	0
S	0.0016	0	0.0000	0
V	0.0006	0	0.0000	0
E	0.0020	0	0.0000	0
I	0.0024	0	0.0000	0
S	0.0082	0	0.0000	0
G	0.0107	0	0.0000	0
V	0.0418	0	0.0000	0
E	0.0214	0	0.0000	0
D	0.1310	0	0.0000	0
R	0.2764	0	0.0000	0
F	0.0765	0	0.0000	0
N	0.1883	0	0.0000	0
A	0.1483	0	0.0000	0
S	0.0606	0	0.0000	0
L	0.0015	0	0.0000	0
G	0.0038	0	0.0000	0
T	0.0021	0	0.0000	0
Y	0.0014	0	0.0000	0
H	0.0056	0	0.0000	0
D	0.0005	0	0.0000	0
L	0.0001	0	0.0000	0
L	0.0004	0	0.0000	0
K	0.0008	0	0.0000	0
I	0.0001	0	0.0000	0
I	0.0001	0	0.0000	0
K	0.0003	0	0.0000	0
D	0.0002	0	0.0000	0
K	0.0003	0	0.0000	0
D	0.0005	0	0.0000	0
F	0.0003	0	0.0000	0
L	0.0006	0	0.0000	0
D	0.0009	0	0.0000	0
N	0.0024	0	0.0000	0
E	0.0007	0	0.0000	0
E	0.0005	0	0.0000	0
N	0.0021	0	0.0000	0
E	0.0003	0	0.0000	0
D	0.0001	0	0.0000	0
I	0.0001	0	0.0000	0
L	0.0001	0	0.0000	0
E	0.0005	0	0.0000	0
D	0.0002	0	0.0000	0
I	0.0001	0	0.0000	0
V	0.0001	0	0.0000	0
L	0.0006	0	0.0000	0
T	0.0001	0	0.0000	0
L	0.0001	0	0.0000	0
T	0.0001	0	0.0000	0
L	0.0001	0	0.0000	0
F	0.0002	0	0.0000	0
E	0.0002	0	0.0000	0
D	0.0005	0	0.0000	0
R	0.0018	0	0.0000	0
E	0.0004	0	0.0000	0
M	0.0001	0	0.0000	0
I	0.0001	0	0.0000	0
E	0.0003	0	0.0000	0
E	0.0005	0	0.0000	0
R	0.0004	0	0.0000	0
L	0.0001	0	0.0000	0
K	0.0002	0	0.0000	0
T	0.0001	0	0.0000	0
Y	0.0001	0	0.0000	0
A	0.0001	0	0.0000	0
H	0.0001	0	0.0000	0
L	0.0001	0	0.0000	0
F	0.0002	0	0.0000	0
D	0.0007	0	0.0000	0
D	0.0010	0	0.0000	0
K	0.0008	0	0.0000	0
V	0.0003	0	0.0000	0
M	0.0002	0	0.0000	0
K	0.0037	0	0.0000	0
Q	0.0051	0	0.0000	0
L	0.0003	0	0.0000	0
K	0.0014	0	0.0000	0
R	0.0384	0	0.0000	0
R	0.0045	0	0.0000	0
R	0.0037	0	0.0000	0
Y	0.0124	0	0.0000	0
T	0.0352	0	0.0000	0
G	0.7370	1	0.0000	0
W	0.7356	1	0.0000	0
G	0.0638	0	0.0000	0
R	0.8921	1	0.0000	0
L	0.0120	0	0.0000	0
S	0.2103	0	0.0000	0
R	0.0894	0	0.0000	0
K	0.1350	0	0.0000	0
L	0.0017	0	0.0000	0
I	0.0005	0	0.0000	0
N	0.1063	0	0.0000	0
G	0.0170	0	0.0000	0
I	0.0007	0	0.0000	0
R	0.0250	0	0.0000	0
D	0.0113	0	0.0000	0
K	0.0455	0	0.0000	0
Q	0.0170	0	0.0000	0
S	0.0163	0	0.0000	0
G	0.0139	0	0.0000	0
K	0.0179	0	0.0000	0
T	0.0077	0	0.0000	0
I	0.0040	0	0.0000	0
L	0.0032	0	0.0000	0
D	0.0072	0	0.0000	0
F	0.0005	0	0.0000	0
L	0.0002	0	0.0000	0
K	0.0013	0	0.0000	0
S	0.0006	0	0.0000	0
D	0.0009	0	0.0000	0
G	0.0009	0	0.0000	0
F	0.0057	0	0.0000	0
A	0.0016	0	0.0000	0
N	0.0771	0	0.0000	0
R	0.5689	1	0.0000	0
N	0.0675	0	0.0000	0
F	0.0041	0	0.0000	0
M	0.0052	0	0.0000	0
Q	0.0119	0	0.0000	0
L	0.0003	0	0.0000	0
I	0.0002	0	0.0000	0
H	0.0004	0	0.0000	0
D	0.0004	0	0.0000	0
D	0.0004	0	0.0000	0
S	0.0007	0	0.0000	0
L	0.0004	0	0.0000	0
T	0.0010	0	0.0000	0
F	0.0095	0	0.0000	0
K	0.0030	0	0.0000	0
E	0.0002	0	0.0000	0
D	0.0002	0	0.0000	0
I	0.0001	0	0.0000	0
Q	0.0003	0	0.0000	0
K	0.0009	0	0.0000	0
A	0.0002	0	0.0000	0
Q	0.0002	0	0.0000	0
V	0.0002	0	0.0000	0
S	0.0007	0	0.0000	0
G	0.0009	0	0.0000	0
Q	0.0027	0	0.0000	0
G	0.0019	0	0.0000	0
D	0.0022	0	0.0000	0
S	0.0031	0	0.0000	0
L	0.0005	0	0.0000	0
H	0.0022	0	0.0000	0
E	0.0001	0	0.0000	0
H	0.0001	0	0.0000	0
I	0.0000	0	0.0000	0
A	0.0002	0	0.0000	0
N	0.0002	0	0.0000	0
L	0.0001	0	0.0000	0
A	0.0004	0	0.0000	0
G	0.0008	0	0.0000	0
S	0.0227	0	0.0000	0
P	0.0012	0	0.0000	0
A	0.0020	0	0.0000	0
I	0.0004	0	0.0000	0
K	0.0024	0	0.0000	0
K	0.0594	0	0.0000	0
G	0.0003	0	0.0000	0
I	0.0001	0	0.0000	0
L	0.0010	0	0.0000	0
Q	0.0018	0	0.0000	0
T	0.0003	0	0.0000	0
V	0.0004	0	0.0000	0
K	0.0114	0	0.0000	0
V	0.0002	0	0.0000	0
V	0.0003	0	0.0000	0
D	0.0157	0	0.0000	0
E	0.0006	0	0.0000	0
L	0.0001	0	0.0000	0
V	0.0002	0	0.0000	0
K	0.0133	0	0.0000	0
V	0.0006	0	0.0000	0
M	0.0004	0	0.0000	0
G	0.0008	0	0.0000	0
R	0.0008	0	0.0000	0
H	0.0015	0	0.0000	0
K	0.0032	0	0.0000	0
P	0.0011	0	0.0000	0
E	0.0020	0	0.0000	0
N	0.0117	0	0.0000	0
I	0.0008	0	0.0000	0
V	0.0203	0	0.0000	0
I	0.0012	0	0.0000	0
E	0.0732	0	0.0000	0
M	0.0260	0	0.0000	0
A	0.0398	0	0.0000	0
R	0.5063	1	0.0000	0
E	0.2401	0	0.0000	0
N	0.4172	1	0.0000	0
Q	0.5102	1	0.0000	0
T	0.3050	0	0.0000	0
T	0.8210	1	0.0000	0
Q	0.3590	1	0.0000	0
K	0.6361	1	0.0000	0
G	0.1687	0	0.0000	0
Q	0.1813	0	0.0000	0
K	0.4651	1	0.0000	0
N	0.2776	0	0.0000	0
S	0.1101	0	0.0000	0
R	0.4020	1	0.0000	0
E	0.0648	0	0.0000	0
R	0.1030	0	0.0000	0
M	0.0370	0	0.0000	0
K	0.1489	0	0.0000	0
R	0.1197	0	0.0000	0
I	0.0039	0	0.0000	0
E	0.0181	0	0.0000	0
E	0.0207	0	0.0000	0
G	0.0050	0	0.0000	0
I	0.0047	0	0.0000	0
K	0.0272	0	0.0000	0
E	0.0074	0	0.0000	0
L	0.0007	0	0.0000	0
G	0.0020	0	0.0000	0
S	0.0022	0	0.0000	0
Q	0.0010	0	0.0000	0
I	0.0003	0	0.0000	0
L	0.0004	0	0.0000	0
K	0.0019	0	0.0000	0
E	0.0003	0	0.0000	0
H	0.0004	0	0.0000	0
P	0.0003	0	0.0000	0
V	0.0011	0	0.0000	0
E	0.0013	0	0.0000	0
N	0.0072	0	0.0000	0
T	0.0092	0	0.0000	0
Q	0.0020	0	0.0000	0
L	0.0016	0	0.0000	0
Q	0.0262	0	0.0000	0
N	0.0079	0	0.0000	0
E	0.0015	0	0.0000	0
K	0.1384	0	0.0000	0
L	0.0009	0	0.0000	0
Y	0.0650	0	0.0000	0
L	0.0017	0	0.0000	0
Y	0.0269	0	0.0000	0
Y	0.0014	0	0.0000	0
L	0.0048	0	0.0000	0
Q	0.0134	0	0.0000	0
N	0.0127	0	0.0000	0
G	0.0097	0	0.0000	0
R	0.0136	0	0.0000	0
D	0.0018	0	0.0000	0
M	0.0035	0	0.0000	0
Y	0.0417	0	0.0000	0
V	0.0016	0	0.0000	0
D	0.0248	0	0.0000	0
Q	0.0097	0	0.0000	0
E	0.0176	0	0.0000	0
L	0.0061	0	0.0000	0
D	0.0396	0	0.0000	0
I	0.0252	0	0.0000	0
N	0.0102	0	0.0000	0
R	0.0063	0	0.0000	0
L	0.0010	0	0.0000	0
S	0.0012	0	0.0000	0
D	0.0023	0	0.0000	0
Y	0.0007	0	0.0000	0
D	0.0043	0	0.0000	0
V	0.0029	0	0.0000	0
D	0.0470	0	0.0000	0
A	0.0399	0	0.0000	0
I	0.0023	0	0.0000	0
V	0.0066	0	0.0000	0
P	0.0037	0	0.0000	0
Q	0.0041	0	0.0000	0
S	0.0147	0	0.0000	0
F	0.2393	0	0.0000	0
L	0.0290	0	0.0000	0
K	0.2477	0	0.0000	0
D	0.0653	0	0.0000	0
D	0.0878	0	0.0000	0
S	0.0640	0	0.0000	0
I	0.0077	0	0.0000	0
D	0.0141	0	0.0000	0
N	0.0108	0	0.0000	0
K	0.0013	0	0.0000	0
V	0.0002	0	0.0000	0
L	0.0012	0	0.0000	0
T	0.0003	0	0.0000	0
R	0.0029	0	0.0000	0
S	0.0721	0	0.0000	0
D	0.0043	0	0.0000	0
K	0.0034	0	0.0000	0
N	0.0344	0	0.0000	0
R	0.2602	0	0.0000	0
G	0.0234	0	0.0000	0
K	0.2556	0	0.0000	0
S	0.0124	0	0.0000	0
D	0.0500	0	0.0000	0
N	0.3065	0	0.0000	0
V	0.0066	0	0.0000	0
P	0.0017	0	0.0000	0
S	0.0032	0	0.0000	0
E	0.0006	0	0.0000	0
E	0.0004	0	0.0000	0
V	0.0001	0	0.0000	0
V	0.0002	0	0.0000	0
K	0.0032	0	0.0000	0
K	0.0063	0	0.0000	0
M	0.0015	0	0.0000	0
K	0.0740	0	0.0000	0
N	0.0686	0	0.0000	0
Y	0.0141	0	0.0000	0
W	0.0038	0	0.0000	0
R	0.0671	0	0.0000	0
Q	0.0140	0	0.0000	0
L	0.0003	0	0.0000	0
L	0.0005	0	0.0000	0
N	0.0011	0	0.0000	0
A	0.0009	0	0.0000	0
K	0.0019	0	0.0000	0
L	0.0010	0	0.0000	0
I	0.0025	0	0.0000	0
T	0.2543	0	0.0000	0
Q	0.5875	1	0.0000	0
R	0.6988	1	0.0000	0
K	0.3736	1	0.0000	0
F	0.1932	0	0.0000	0
D	0.0112	0	0.0000	0
N	0.1687	0	0.0000	0
L	0.0013	0	0.0000	0
T	0.0014	0	0.0000	0
K	0.4699	1	0.0000	0
A	0.0040	0	0.0000	0
E	0.0007	0	0.0000	0
R	0.0089	0	0.0000	0
G	0.0004	0	0.0000	0
G	0.0002	0	0.0000	0
L	0.0002	0	0.0000	0
S	0.0008	0	0.0000	0
E	0.0002	0	0.0000	0
L	0.0002	0	0.0000	0
D	0.0002	0	0.0000	0
K	0.0007	0	0.0000	0
A	0.0004	0	0.0000	0
G	0.0173	0	0.0000	0
F	0.0084	0	0.0000	0
I	0.0005	0	0.0000	0
K	0.0097	0	0.0000	0
R	0.2998	0	0.0000	0
Q	0.0074	0	0.0000	0
L	0.0004	0	0.0000	0
V	0.0323	0	0.0000	0
E	0.0618	0	0.0000	0
T	0.0083	0	0.0000	0
R	0.0328	0	0.0000	0
Q	0.0166	0	0.0000	0
I	0.0002	0	0.0000	0
T	0.0008	0	0.0000	0
K	0.0765	0	0.0000	0
H	0.0005	0	0.0000	0
V	0.0001	0	0.0000	0
A	0.0001	0	0.0000	0
Q	0.0013	0	0.0000	0
I	0.0002	0	0.0000	0
L	0.0001	0	0.0000	0
D	0.0004	0	0.0000	0
S	0.0004	0	0.0000	0
R	0.0003	0	0.0000	0
M	0.0002	0	0.0000	0
N	0.0006	0	0.0000	0
T	0.0003	0	0.0000	0
K	0.0002	0	0.0000	0
Y	0.0004	0	0.0000	0
D	0.0007	0	0.0000	0
E	0.0006	0	0.0000	0
N	0.0015	0	0.0000	0
D	0.0011	0	0.0000	0
K	0.0027	0	0.0000	0
L	0.0045	0	0.0000	0
I	0.0049	0	0.0000	0
R	0.0134	0	0.0000	0
E	0.0897	0	0.0000	0
V	0.0229	0	0.0000	0
K	0.2035	0	0.0000	0
V	0.0018	0	0.0000	0
I	0.0351	0	0.0000	0
T	0.0414	0	0.0000	0
L	0.0341	0	0.0000	0
K	0.4329	1	0.0000	0
S	0.0391	0	0.0000	0
K	0.0221	0	0.0000	0
L	0.0015	0	0.0000	0
V	0.1982	0	0.0000	0
S	0.0853	0	0.0000	0
D	0.0024	0	0.0000	0
F	0.0004	0	0.0000	0
R	0.3478	0	0.0000	0
K	0.0462	0	0.0000	0
D	0.0064	0	0.0000	0
F	0.0020	0	0.0000	0
Q	0.0056	0	0.0000	0
F	0.0026	0	0.0000	0
Y	0.1683	0	0.0000	0
K	0.3067	0	0.0000	0
V	0.0205	0	0.0000	0
R	0.0705	0	0.0000	0
E	0.0182	0	0.0000	0
I	0.0956	0	0.0000	0
N	0.1933	0	0.0000	0
N	0.1556	0	0.0000	0
Y	0.2862	0	0.0000	0
H	0.4532	1	0.0000	0
H	0.7151	1	0.0000	0
A	0.0066	0	0.0000	0
H	0.0050	0	0.0000	0
D	0.0333	0	0.0000	0
A	0.0014	0	0.0000	0
Y	0.0008	0	0.0000	0
L	0.0001	0	0.0000	0
N	0.0003	0	0.0000	0
A	0.0001	0	0.0000	0
V	0.0001	0	0.0000	0
V	0.0006	0	0.0000	0
G	0.0006	0	0.0000	0
T	0.0019	0	0.0000	0
A	0.0011	0	0.0000	0
L	0.0002	0	0.0000	0
I	0.0002	0	0.0000	0
K	0.0009	0	0.0000	0
K	0.0015	0	0.0000	0
Y	0.0002	0	0.0000	0
P	0.0003	0	0.0000	0
K	0.0009	0	0.0000	0
L	0.0005	0	0.0000	0
E	0.0090	0	0.0000	0
S	0.0032	0	0.0000	0
E	0.0035	0	0.0000	0
F	0.0017	0	0.0000	0
V	0.0006	0	0.0000	0
Y	0.0307	0	0.0000	0
G	0.0066	0	0.0000	0
D	0.0026	0	0.0000	0
Y	0.0068	0	0.0000	0
K	0.1022	0	0.0000	0
V	0.1951	0	0.0000	0
Y	0.0979	0	0.0000	0
D	0.0729	0	0.0000	0
V	0.0269	0	0.0000	0
R	0.0560	0	0.0000	0
K	0.0096	0	0.0000	0
M	0.0022	0	0.0000	0
I	0.0004	0	0.0000	0
A	0.0004	0	0.0000	0
K	0.0004	0	0.0000	0
S	0.0004	0	0.0000	0
E	0.0005	0	0.0000	0
Q	0.0008	0	0.0000	0
E	0.0005	0	0.0000	0
I	0.0002	0	0.0000	0
G	0.0011	0	0.0000	0
K	0.0028	0	0.0000	0
A	0.0013	0	0.0000	0
T	0.0030	0	0.0000	0
A	0.0032	0	0.0000	0
K	0.0039	0	0.0000	0
Y	0.0051	0	0.0000	0
F	0.0060	0	0.0000	0
F	0.0051	0	0.0000	0
Y	0.0046	0	0.0000	0
S	0.0038	0	0.0000	0
N	0.0112	0	0.0000	0
I	0.0008	0	0.0000	0
M	0.0009	0	0.0000	0
N	0.0007	0	0.0000	0
F	0.0003	0	0.0000	0
F	0.0001	0	0.0000	0
K	0.0002	0	0.0000	0
T	0.0001	0	0.0000	0
E	0.0001	0	0.0000	0
I	0.0001	0	0.0000	0
T	0.0001	0	0.0000	0
L	0.0002	0	0.0000	0
A	0.0002	0	0.0000	0
N	0.0003	0	0.0000	0
G	0.0004	0	0.0000	0
E	0.0003	0	0.0000	0
I	0.0003	0	0.0000	0
R	0.0006	0	0.0000	0
K	0.0006	0	0.0000	0
R	0.0015	0	0.0000	0
P	0.0011	0	0.0000	0
L	0.0004	0	0.0000	0
I	0.0002	0	0.0000	0
E	0.0003	0	0.0000	0
T	0.0002	0	0.0000	0
N	0.0002	0	0.0000	0
G	0.0003	0	0.0000	0
E	0.0003	0	0.0000	0
T	0.0004	0	0.0000	0
G	0.0002	0	0.0000	0
E	0.0004	0	0.0000	0
I	0.0002	0	0.0000	0
V	0.0003	0	0.0000	0
W	0.0017	0	0.0000	0
D	0.0011	0	0.0000	0
K	0.0061	0	0.0000	0
G	0.0034	0	0.0000	0
R	0.0144	0	0.0000	0
D	0.0017	0	0.0000	0
F	0.0003	0	0.0000	0
A	0.0004	0	0.0000	0
T	0.0016	0	0.0000	0
V	0.0002	0	0.0000	0
R	0.0722	0	0.0000	0
K	0.0381	0	0.0000	0
V	0.0008	0	0.0000	0
L	0.0071	0	0.0000	0
S	0.0077	0	0.0000	0
M	0.0331	0	0.0000	0
P	0.0417	0	0.0000	0
Q	0.0533	0	0.0000	0
V	0.0039	0	0.0000	0
N	0.0077	0	0.0000	0
I	0.0014	0	0.0000	0
V	0.0100	0	0.0000	0
K	0.1633	0	0.0000	0
K	0.0790	0	0.0000	0
T	0.0050	0	0.0000	0
E	0.0024	0	0.0000	0
V	0.0018	0	0.0000	0
Q	0.0072	0	0.0000	0
T	0.0060	0	0.0000	0
G	0.0097	0	0.0000	0
G	0.0292	0	0.0000	0
F	0.0446	0	0.0000	0
S	0.0782	0	0.0000	0
K	0.4518	1	0.0000	0
E	0.2873	0	0.0000	0
S	0.5759	1	0.0000	0
I	0.0148	0	0.0000	0
L	0.5565	1	0.0000	0
P	0.0431	0	0.0000	0
K	0.2049	0	0.0000	0
R	0.1059	0	0.0000	0
N	0.0886	0	0.0000	0
S	0.1621	0	0.0000	0
D	0.1481	0	0.0000	0
K	0.8148	1	0.0000	0
L	0.7523	1	0.0000	0
I	0.5303	1	0.0000	0
A	0.0663	0	0.0000	0
R	0.4525	1	0.0000	0
K	0.2115	0	0.0000	0
K	0.2638	0	0.0000	0
D	0.2171	0	0.0000	0
W	0.0182	0	0.0000	0
D	0.0031	0	0.0000	0
P	0.0072	0	0.0000	0
K	0.0574	0	0.0000	0
K	0.3233	0	0.0000	0
Y	0.5634	1	0.0000	0
G	0.4707	1	0.0000	0
G	0.6059	1	0.0000	0
F	0.2994	0	0.0000	0
D	0.6351	1	0.0000	0
S	0.3795	1	0.0000	0
P	0.0486	0	0.0000	0
T	0.0348	0	0.0000	0
V	0.0378	0	0.0000	0
A	0.0033	0	0.0000	0
Y	0.0031	0	0.0000	0
S	0.0006	0	0.0000	0
V	0.0001	0	0.0000	0
L	0.0001	0	0.0000	0
V	0.0000	0	0.0000	0
V	0.0001	0	0.0000	0
A	0.0001	0	0.0000	0
K	0.0003	0	0.0000	0
V	0.0002	0	0.0000	0
E	0.0007	0	0.0000	0
K	0.0054	0	0.0000	0
G	0.0110	0	0.0000	0
K	0.2201	0	0.0000	0
S	0.0248	0	0.0000	0
K	0.0324	0	0.0000	0
K	0.1183	0	0.0000	0
L	0.0009	0	0.0000	0
K	0.0053	0	0.0000	0
S	0.0168	0	0.0000	0
V	0.0024	0	0.0000	0
K	0.0319	0	0.0000	0
E	0.0022	0	0.0000	0
L	0.0001	0	0.0000	0
L	0.0001	0	0.0000	0
G	0.0018	0	0.0000	0
I	0.0013	0	0.0000	0
T	0.0021	0	0.0000	0
I	0.0026	0	0.0000	0
M	0.0942	0	0.0000	0
E	0.0180	0	0.0000	0
R	0.2821	0	0.0000	0
S	0.0903	0	0.0000	0
S	0.1026	0	0.0000	0
F	0.0042	0	0.0000	0
E	0.0019	0	0.0000	0
K	0.1982	0	0.0000	0
N	0.0112	0	0.0000	0
P	0.0007	0	0.0000	0
I	0.0014	0	0.0000	0
D	0.0003	0	0.0000	0
F	0.0008	0	0.0000	0
L	0.0003	0	0.0000	0
E	0.0045	0	0.0000	0
A	0.0182	0	0.0000	0
K	0.2142	0	0.0000	0
G	0.0788	0	0.0000	0
Y	0.6934	1	0.0000	0
K	0.4848	1	0.0000	0
E	0.1405	0	0.0000	0
V	0.0058	0	0.0000	0
K	0.0509	0	0.0000	0
K	0.0027	0	0.0000	0
D	0.0013	0	0.0000	0
L	0.0014	0	0.0000	0
I	0.0008	0	0.0000	0
I	0.0046	0	0.0000	0
K	0.1581	0	0.0000	0
L	0.0114	0	0.0000	0
P	0.0514	0	0.0000	0
K	0.0325	0	0.0000	0
Y	0.0154	0	0.0000	0
S	0.0035	0	0.0000	0
L	0.0028	0	0.0000	0
F	0.0007	0	0.0000	0
E	0.0014	0	0.0000	0
L	0.0006	0	0.0000	0
E	0.0012	0	0.0000	0
N	0.0009	0	0.0000	0
G	0.0003	0	0.0000	0
R	0.0038	0	0.0000	0
K	0.0018	0	0.0000	0
R	0.0080	0	0.0000	0
M	0.0014	0	0.0000	0
L	0.0008	0	0.0000	0
A	0.0025	0	0.0000	0
S	0.2203	0	0.0000	0
A	0.1631	0	0.0000	0
G	0.2786	0	0.0000	0
E	0.0693	0	0.0000	0
L	0.0027	0	0.0000	0
Q	0.1171	0	0.0000	0
K	0.3346	0	0.0000	0
G	0.1833	0	0.0000	0
N	0.3519	1	0.0000	0
E	0.0716	0	0.0000	0
L	0.0014	0	0.0000	0
A	0.0007	0	0.0000	0
L	0.0016	0	0.0000	0
P	0.0285	0	0.0000	0
S	0.0102	0	0.0000	0
K	0.0140	0	0.0000	0
Y	0.0010	0	0.0000	0
V	0.0019	0	0.0000	0
N	0.0686	0	0.0000	0
F	0.0021	0	0.0000	0
L	0.0002	0	0.0000	0
Y	0.0777	0	0.0000	0
L	0.0150	0	0.0000	0
A	0.0003	0	0.0000	0
S	0.0021	0	0.0000	0
H	0.0092	0	0.0000	0
Y	0.0003	0	0.0000	0
E	0.0004	0	0.0000	0
K	0.0005	0	0.0000	0
L	0.0002	0	0.0000	0
K	0.0004	0	0.0000	0
G	0.0002	0	0.0000	0
S	0.0008	0	0.0000	0
P	0.0004	0	0.0000	0
E	0.0007	0	0.0000	0
D	0.0004	0	0.0000	0
N	0.0006	0	0.0000	0
E	0.0009	0	0.0000	0
Q	0.0014	0	0.0000	0
K	0.0015	0	0.0000	0
Q	0.0006	0	0.0000	0
L	0.0001	0	0.0000	0
F	0.0002	0	0.0000	0
V	0.0002	0	0.0000	0
E	0.0002	0	0.0000	0
Q	0.0009	0	0.0000	0
H	0.0008	0	0.0000	0
K	0.0019	0	0.0000	0
H	0.0009	0	0.0000	0
Y	0.0001	0	0.0000	0
L	0.0002	0	0.0000	0
D	0.0004	0	0.0000	0
E	0.0003	0	0.0000	0
I	0.0001	0	0.0000	0
I	0.0001	0	0.0000	0
E	0.0001	0	0.0000	0
Q	0.0001	0	0.0000	0
I	0.0001	0	0.0000	0
S	0.0004	0	0.0000	0
E	0.0002	0	0.0000	0
F	0.0001	0	0.0000	0
S	0.0003	0	0.0000	0
K	0.0002	0	0.0000	0
R	0.0005	0	0.0000	0
V	0.0001	0	0.0000	0
I	0.0001	0	0.0000	0
L	0.0006	0	0.0000	0
A	0.0004	0	0.0000	0
D	0.0028	0	0.0000	0
A	0.0021	0	0.0000	0
N	0.0007	0	0.0000	0
L	0.0002	0	0.0000	0
D	0.0008	0	0.0000	0
K	0.0066	0	0.0000	0
V	0.0003	0	0.0000	0
L	0.0010	0	0.0000	0
S	0.0062	0	0.0000	0
A	0.0003	0	0.0000	0
Y	0.0015	0	0.0000	0
N	0.0005	0	0.0000	0
K	0.0041	0	0.0000	0
H	0.0015	0	0.0000	0
R	0.0048	0	0.0000	0
D	0.0013	0	0.0000	0
K	0.0014	0	0.0000	0
P	0.0008	0	0.0000	0
I	0.0006	0	0.0000	0
R	0.0074	0	0.0000	0
E	0.0004	0	0.0000	0
Q	0.0011	0	0.0000	0
A	0.0002	0	0.0000	0
E	0.0011	0	0.0000	0
N	0.0004	0	0.0000	0
I	0.0001	0	0.0000	0
I	0.0001	0	0.0000	0
H	0.0009	0	0.0000	0
L	0.0001	0	0.0000	0
F	0.0004	0	0.0000	0
T	0.0027	0	0.0000	0
L	0.0015	0	0.0000	0
T	0.0016	0	0.0000	0
N	0.0285	0	0.0000	0
L	0.0121	0	0.0000	0
G	0.0236	0	0.0000	0
A	0.0063	0	0.0000	0
P	0.0066	0	0.0000	0
A	0.0081	0	0.0000	0
A	0.0015	0	0.0000	0
F	0.0005	0	0.0000	0
K	0.0008	0	0.0000	0
Y	0.0023	0	0.0000	0
F	0.0003	0	0.0000	0
D	0.0030	0	0.0000	0
T	0.0398	0	0.0000	0
T	0.1222	0	0.0000	0
I	0.0584	0	0.0000	0
D	0.0312	0	0.0000	0
R	0.3702	1	0.0000	0
K	0.2746	0	0.0000	0
R	0.5902	1	0.0000	0
Y	0.0275	0	0.0000	0
T	0.1664	0	0.0000	0
S	0.0423	0	0.0000	0
T	0.0028	0	0.0000	0
K	0.0074	0	0.0000	0
E	0.0048	0	0.0000	0
V	0.0004	0	0.0000	0
L	0.0017	0	0.0000	0
D	0.0019	0	0.0000	0
A	0.0003	0	0.0000	0
T	0.0002	0	0.0000	0
L	0.0001	0	0.0000	0
I	0.0001	0	0.0000	0
H	0.0047	0	0.0000	0
Q	0.0107	0	0.0000	0
S	0.0223	0	0.0000	0
I	0.0027	0	0.0000	0
T	0.0134	0	0.0000	0
G	0.0020	0	0.0000	0
L	0.0006	0	0.0000	0
Y	0.0007	0	0.0000	0
E	0.0025	0	0.0000	0
T	0.0007	0	0.0000	0
R	0.0013	0	0.0000	0
I	0.0002	0	0.0000	0
D	0.0004	0	0.0000	0
L	0.0003	0	0.0000	0
S	0.0009	0	0.0000	0
Q	0.0010	0	0.0000	0
L	0.0003	0	0.0000	0
G	0.0015	0	0.0000	0
G	0.0033	0	0.0000	0
D	0.0345	0	0.0000	0
</pre></body></html>