<html><head></head><body><pre style="word-wrap: break-word; white-space: pre-wrap;">&gt;P52597
Amino Acid	probability_DNA	binary_DNA	probability_RNA	binary_RNA
M	0.3804	1	0.0010	0
M	0.2196	0	0.0002	0
L	0.0612	0	0.0000	0
G	0.0046	0	0.0000	0
P	0.0330	0	0.0000	0
E	0.0118	0	0.0000	0
G	0.0051	0	0.0000	0
G	0.0041	0	0.0000	0
E	0.0059	0	0.0000	0
G	0.0030	0	0.0000	0
F	0.0269	0	0.0001	0
V	0.0858	0	0.0004	0
V	0.0007	0	0.0000	0
K	0.3080	0	0.0067	0
L	0.0063	0	0.0000	0
R	0.5547	1	0.0479	0
G	0.4318	1	0.0555	0
L	0.0231	0	0.0003	0
P	0.0430	0	0.0003	0
W	0.1157	0	0.0008	0
S	0.0087	0	0.0000	0
C	0.0082	0	0.0000	0
S	0.0160	0	0.0000	0
V	0.0029	0	0.0000	0
E	0.0024	0	0.0000	0
D	0.0172	0	0.0000	0
V	0.0004	0	0.0000	0
Q	0.0082	0	0.0000	0
N	0.0005	0	0.0000	0
F	0.0002	0	0.0000	0
L	0.0002	0	0.0000	0
S	0.0014	0	0.0000	0
D	0.0016	0	0.0000	0
C	0.0004	0	0.0000	0
T	0.0018	0	0.0000	0
I	0.0021	0	0.0000	0
H	0.0215	0	0.0001	0
D	0.0168	0	0.0001	0
G	0.0152	0	0.0000	0
A	0.1036	0	0.0004	0
A	0.0919	0	0.0003	0
G	0.0106	0	0.0000	0
V	0.0020	0	0.0000	0
H	0.2685	0	0.0039	0
F	0.0096	0	0.0000	0
I	0.0142	0	0.0001	0
Y	0.3512	1	0.0063	0
T	0.1442	0	0.0010	0
R	0.1881	0	0.0019	0
E	0.0183	0	0.0001	0
G	0.0333	0	0.0001	0
R	0.0639	0	0.0002	0
Q	0.1535	0	0.0012	0
S	0.6363	1	0.0290	0
G	0.1816	0	0.0014	0
E	0.7443	1	0.0259	0
A	0.0070	0	0.0000	0
F	0.5675	1	0.0042	0
V	0.0021	0	0.0000	0
E	0.0123	0	0.0001	0
L	0.0020	0	0.0000	0
G	0.0004	0	0.0000	0
S	0.0003	0	0.0000	0
E	0.0004	0	0.0000	0
D	0.0001	0	0.0000	0
D	0.0001	0	0.0000	0
V	0.0001	0	0.0000	0
K	0.0001	0	0.0000	0
M	0.0003	0	0.0000	0
A	0.0004	0	0.0000	0
L	0.0023	0	0.0000	0
K	0.0018	0	0.0000	0
K	0.0007	0	0.0000	0
D	0.0009	0	0.0000	0
R	0.0015	0	0.0000	0
E	0.0019	0	0.0000	0
S	0.0024	0	0.0000	0
M	0.0017	0	0.0000	0
G	0.0090	0	0.0000	0
H	0.0331	0	0.0000	0
R	0.4358	1	0.0002	0
Y	0.1564	0	0.0000	0
I	0.0067	0	0.0000	0
E	0.3159	0	0.0004	0
V	0.0184	0	0.0000	0
F	0.1198	0	0.0001	0
K	0.1292	0	0.0001	0
S	0.0301	0	0.0000	0
H	0.0821	0	0.0001	0
R	0.1141	0	0.0001	0
T	0.0581	0	0.0000	0
E	0.0060	0	0.0000	0
M	0.0062	0	0.0000	0
D	0.0175	0	0.0000	0
W	0.0579	0	0.0000	0
V	0.0040	0	0.0000	0
L	0.0030	0	0.0000	0
K	0.0424	0	0.0000	0
H	0.0342	0	0.0000	0
S	0.0236	0	0.0000	0
G	0.0256	0	0.0000	0
P	0.0410	0	0.0000	0
N	0.0734	0	0.0000	0
S	0.0271	0	0.0000	0
A	0.0341	0	0.0000	0
D	0.0420	0	0.0000	0
S	0.0557	0	0.0001	0
A	0.0624	0	0.0001	0
N	0.0386	0	0.0001	0
D	0.0248	0	0.0000	0
G	0.0044	0	0.0000	0
F	0.0033	0	0.0000	0
V	0.0003	0	0.0000	0
R	0.1349	0	0.0013	0
L	0.0013	0	0.0000	0
R	0.0803	0	0.0006	0
G	0.2657	0	0.0071	0
L	0.0064	0	0.0000	0
P	0.0060	0	0.0000	0
F	0.0202	0	0.0001	0
G	0.0016	0	0.0000	0
C	0.0007	0	0.0000	0
T	0.0023	0	0.0000	0
K	0.0047	0	0.0000	0
E	0.0011	0	0.0000	0
E	0.0018	0	0.0000	0
I	0.0001	0	0.0000	0
V	0.0054	0	0.0000	0
Q	0.0002	0	0.0000	0
F	0.0001	0	0.0000	0
F	0.0001	0	0.0000	0
S	0.0001	0	0.0000	0
G	0.0004	0	0.0000	0
L	0.0007	0	0.0000	0
E	0.0002	0	0.0000	0
I	0.0004	0	0.0000	0
V	0.0006	0	0.0000	0
P	0.0017	0	0.0000	0
N	0.0211	0	0.0001	0
G	0.0041	0	0.0000	0
I	0.0014	0	0.0000	0
T	0.0135	0	0.0000	0
L	0.0020	0	0.0000	0
P	0.0055	0	0.0000	0
V	0.0493	0	0.0004	0
D	0.0492	0	0.0003	0
P	0.0241	0	0.0002	0
E	0.0056	0	0.0000	0
G	0.0220	0	0.0001	0
K	0.0636	0	0.0001	0
I	0.0037	0	0.0000	0
T	0.2875	0	0.0015	0
G	0.1352	0	0.0001	0
E	0.3896	1	0.0012	0
A	0.0021	0	0.0000	0
F	0.5492	1	0.0023	0
V	0.0020	0	0.0000	0
Q	0.0014	0	0.0000	0
F	0.0014	0	0.0000	0
A	0.0005	0	0.0000	0
S	0.0003	0	0.0000	0
Q	0.0008	0	0.0000	0
E	0.0001	0	0.0000	0
L	0.0001	0	0.0000	0
A	0.0001	0	0.0000	0
E	0.0001	0	0.0000	0
K	0.0002	0	0.0000	0
A	0.0002	0	0.0000	0
L	0.0009	0	0.0000	0
G	0.0005	0	0.0000	0
K	0.0006	0	0.0000	0
H	0.0006	0	0.0000	0
K	0.0009	0	0.0000	0
E	0.0007	0	0.0000	0
R	0.0013	0	0.0000	0
I	0.0013	0	0.0000	0
G	0.0035	0	0.0000	0
H	0.0075	0	0.0000	0
R	0.2089	0	0.0003	0
Y	0.0668	0	0.0001	0
I	0.0009	0	0.0000	0
E	0.3596	1	0.0028	0
V	0.0119	0	0.0000	0
F	0.4062	1	0.0055	0
K	0.4568	1	0.0060	0
S	0.2082	0	0.0010	0
S	0.4141	1	0.0030	0
Q	0.1733	0	0.0004	0
E	0.4103	1	0.0017	0
E	0.0355	0	0.0000	0
V	0.0106	0	0.0000	0
R	0.2772	0	0.0007	0
S	0.3008	0	0.0005	0
Y	0.3036	0	0.0006	0
S	0.2377	0	0.0004	0
D	0.0480	0	0.0000	0
P	0.1605	0	0.0001	0
P	0.2429	0	0.0005	0
L	0.2794	0	0.0006	0
K	0.3827	1	0.0010	0
F	0.2755	0	0.0003	0
M	0.2637	0	0.0004	0
S	0.3585	1	0.0011	0
V	0.1702	0	0.0002	0
Q	0.1896	0	0.0002	0
R	0.3538	1	0.0008	0
P	0.2852	0	0.0008	0
G	0.2697	0	0.0005	0
P	0.0973	0	0.0001	0
Y	0.1901	0	0.0002	0
D	0.0548	0	0.0000	0
R	0.1294	0	0.0001	0
P	0.1071	0	0.0001	0
G	0.2359	0	0.0003	0
T	0.0768	0	0.0001	0
A	0.0510	0	0.0001	0
R	0.2829	0	0.0004	0
R	0.1106	0	0.0001	0
Y	0.1890	0	0.0003	0
I	0.0683	0	0.0001	0
G	0.1014	0	0.0001	0
I	0.0276	0	0.0000	0
V	0.0127	0	0.0000	0
K	0.0265	0	0.0000	0
Q	0.0122	0	0.0000	0
A	0.0137	0	0.0000	0
G	0.0509	0	0.0001	0
L	0.0083	0	0.0000	0
E	0.0185	0	0.0000	0
R	0.0427	0	0.0000	0
M	0.0121	0	0.0000	0
R	0.0511	0	0.0001	0
P	0.0916	0	0.0002	0
G	0.0366	0	0.0000	0
A	0.0275	0	0.0000	0
Y	0.0593	0	0.0001	0
S	0.0228	0	0.0000	0
T	0.0346	0	0.0000	0
G	0.0121	0	0.0000	0
Y	0.0196	0	0.0000	0
G	0.0038	0	0.0000	0
G	0.0033	0	0.0000	0
Y	0.0077	0	0.0000	0
E	0.0077	0	0.0000	0
E	0.0073	0	0.0000	0
Y	0.0073	0	0.0000	0
S	0.0071	0	0.0000	0
G	0.0075	0	0.0000	0
L	0.0085	0	0.0000	0
S	0.0094	0	0.0000	0
D	0.0188	0	0.0000	0
G	0.0044	0	0.0000	0
Y	0.0071	0	0.0000	0
G	0.0054	0	0.0000	0
F	0.0045	0	0.0000	0
T	0.0036	0	0.0000	0
T	0.0046	0	0.0000	0
D	0.0037	0	0.0000	0
L	0.0061	0	0.0000	0
F	0.0105	0	0.0000	0
G	0.0079	0	0.0000	0
R	0.0078	0	0.0000	0
D	0.0067	0	0.0000	0
L	0.0074	0	0.0000	0
S	0.0162	0	0.0000	0
Y	0.0091	0	0.0000	0
C	0.0062	0	0.0000	0
L	0.0073	0	0.0000	0
S	0.0048	0	0.0000	0
G	0.0078	0	0.0000	0
M	0.0041	0	0.0000	0
Y	0.0045	0	0.0000	0
D	0.0180	0	0.0000	0
H	0.0150	0	0.0000	0
R	0.0252	0	0.0000	0
Y	0.0186	0	0.0000	0
G	0.0496	0	0.0001	0
D	0.0180	0	0.0000	0
S	0.0264	0	0.0000	0
E	0.0133	0	0.0000	0
F	0.0259	0	0.0000	0
T	0.0340	0	0.0000	0
V	0.0411	0	0.0000	0
Q	0.0259	0	0.0000	0
S	0.0431	0	0.0000	0
T	0.0612	0	0.0000	0
T	0.0375	0	0.0000	0
G	0.0091	0	0.0000	0
H	0.0074	0	0.0000	0
C	0.0073	0	0.0000	0
V	0.0033	0	0.0000	0
H	0.4584	1	0.0088	0
M	0.0095	0	0.0001	0
R	0.4574	1	0.0212	0
G	0.3524	1	0.0151	0
L	0.0106	0	0.0001	0
P	0.0078	0	0.0000	0
Y	0.1272	0	0.0012	0
K	0.0080	0	0.0000	0
A	0.0022	0	0.0000	0
T	0.0116	0	0.0000	0
E	0.0021	0	0.0000	0
N	0.0006	0	0.0000	0
D	0.0009	0	0.0000	0
I	0.0001	0	0.0000	0
Y	0.0044	0	0.0000	0
N	0.0006	0	0.0000	0
F	0.0001	0	0.0000	0
F	0.0002	0	0.0000	0
S	0.0001	0	0.0000	0
P	0.0005	0	0.0000	0
L	0.0003	0	0.0000	0
N	0.0007	0	0.0000	0
P	0.0009	0	0.0000	0
V	0.0021	0	0.0000	0
R	0.0154	0	0.0000	0
V	0.0009	0	0.0000	0
H	0.1483	0	0.0003	0
I	0.1609	0	0.0002	0
E	0.2373	0	0.0008	0
I	0.1360	0	0.0003	0
G	0.0142	0	0.0000	0
P	0.0767	0	0.0005	0
D	0.0276	0	0.0001	0
G	0.0113	0	0.0000	0
R	0.2593	0	0.0014	0
V	0.1437	0	0.0009	0
T	0.5747	1	0.0171	0
G	0.1602	0	0.0012	0
E	0.5528	1	0.0047	0
A	0.0072	0	0.0000	0
D	0.8917	1	0.0052	0
V	0.0060	0	0.0000	0
E	0.0070	0	0.0000	0
F	0.0114	0	0.0000	0
A	0.0012	0	0.0000	0
T	0.0009	0	0.0000	0
H	0.0020	0	0.0000	0
E	0.0002	0	0.0000	0
E	0.0001	0	0.0000	0
A	0.0001	0	0.0000	0
V	0.0002	0	0.0000	0
A	0.0004	0	0.0000	0
A	0.0003	0	0.0000	0
M	0.0005	0	0.0000	0
S	0.0011	0	0.0000	0
K	0.0034	0	0.0000	0
D	0.0030	0	0.0000	0
R	0.0077	0	0.0000	0
A	0.0038	0	0.0000	0
N	0.0062	0	0.0000	0
M	0.0054	0	0.0000	0
Q	0.0158	0	0.0000	0
H	0.0048	0	0.0000	0
R	0.1359	0	0.0000	0
Y	0.0458	0	0.0000	0
I	0.0008	0	0.0000	0
E	0.2157	0	0.0003	0
L	0.0036	0	0.0000	0
F	0.3735	1	0.0012	0
L	0.2950	0	0.0006	0
N	0.1695	0	0.0002	0
S	0.3997	1	0.0004	0
T	0.2409	0	0.0002	0
T	0.4219	1	0.0005	0
G	0.2764	0	0.0001	0
A	0.3698	1	0.0002	0
S	0.4891	1	0.0003	0
N	0.3916	1	0.0002	0
G	0.4297	1	0.0001	0
A	0.3535	1	0.0001	0
Y	0.4165	1	0.0001	0
S	0.4097	1	0.0002	0
S	0.2231	0	0.0000	0
Q	0.2964	0	0.0000	0
V	0.4591	1	0.0000	0
M	0.2627	0	0.0000	0
Q	0.4555	1	0.0000	0
G	0.3982	1	0.0000	0
M	0.7210	1	0.0001	0
G	0.4051	1	0.0001	0
V	0.0922	0	0.0000	0
S	0.1378	0	0.0000	0
A	0.1621	0	0.0000	0
A	0.0917	0	0.0000	0
Q	0.0652	0	0.0000	0
A	0.1901	0	0.0001	0
T	0.1537	0	0.0001	0
Y	0.1680	0	0.0001	0
S	0.1487	0	0.0000	0
G	0.0553	0	0.0000	0
L	0.1420	0	0.0001	0
E	0.2405	0	0.0002	0
S	0.2512	0	0.0001	0
Q	0.4118	1	0.0001	0
S	0.5920	1	0.0001	0
V	0.6910	1	0.0001	0
S	0.6619	1	0.0000	0
G	0.6653	1	0.0000	0
C	0.3774	1	0.0000	0
Y	0.7139	1	0.0000	0
G	0.3669	1	0.0000	0
A	0.4740	1	0.0000	0
G	0.3640	1	0.0000	0
Y	0.6107	1	0.0000	0
S	0.4646	1	0.0000	0
G	0.6817	1	0.0000	0
Q	0.7996	1	0.0001	0
N	0.7028	1	0.0000	0
S	0.7460	1	0.0001	0
M	0.5110	1	0.0001	0
G	0.2511	0	0.0000	0
G	0.0369	0	0.0000	0
Y	0.0420	0	0.0000	0
D	0.0835	0	0.0002	0
</pre></body></html>