<html><head></head><body><pre style="word-wrap: break-word; white-space: pre-wrap;">&gt;Q746M7
Amino Acid	probability_DNA	binary_DNA	probability_RNA	binary_RNA
M	0.0936	0	0.0017	0
N	0.0528	0	0.0005	0
H	0.0377	0	0.0004	0
L	0.0077	0	0.0001	0
G	0.0068	0	0.0001	0
K	0.1354	0	0.0017	0
T	0.0100	0	0.0001	0
E	0.0215	0	0.0003	0
V	0.0014	0	0.0000	0
F	0.0037	0	0.0000	0
L	0.0014	0	0.0000	0
N	0.0048	0	0.0000	0
R	0.1525	0	0.0018	0
F	0.0026	0	0.0000	0
A	0.0043	0	0.0000	0
L	0.0009	0	0.0000	0
R	0.0107	0	0.0000	0
P	0.0021	0	0.0000	0
L	0.0004	0	0.0000	0
N	0.0002	0	0.0000	0
P	0.0004	0	0.0000	0
E	0.0002	0	0.0000	0
E	0.0003	0	0.0000	0
L	0.0061	0	0.0000	0
R	0.0452	0	0.0002	0
P	0.0038	0	0.0000	0
W	0.0409	0	0.0001	0
R	0.1094	0	0.0004	0
L	0.0018	0	0.0000	0
E	0.0047	0	0.0000	0
V	0.0007	0	0.0000	0
V	0.0102	0	0.0001	0
L	0.0019	0	0.0000	0
D	0.0094	0	0.0002	0
P	0.0033	0	0.0000	0
P	0.0169	0	0.0001	0
P	0.0464	0	0.0002	0
G	0.0777	0	0.0004	0
R	0.2989	0	0.0015	0
E	0.1727	0	0.0004	0
E	0.1221	0	0.0002	0
V	0.0097	0	0.0000	0
Y	0.3686	1	0.0036	0
P	0.0374	0	0.0002	0
L	0.0003	0	0.0000	0
L	0.0002	0	0.0000	0
A	0.0029	0	0.0000	0
Q	0.0003	0	0.0000	0
V	0.0000	0	0.0000	0
A	0.0001	0	0.0000	0
R	0.0037	0	0.0000	0
R	0.0014	0	0.0000	0
A	0.0001	0	0.0000	0
G	0.0001	0	0.0000	0
G	0.0002	0	0.0000	0
V	0.0001	0	0.0000	0
T	0.0003	0	0.0000	0
V	0.0003	0	0.0000	0
R	0.1704	0	0.0015	0
M	0.0109	0	0.0000	0
G	0.0724	0	0.0004	0
D	0.0636	0	0.0002	0
G	0.0030	0	0.0000	0
L	0.0035	0	0.0000	0
A	0.0017	0	0.0000	0
S	0.0110	0	0.0000	0
W	0.0213	0	0.0001	0
S	0.0007	0	0.0000	0
P	0.0005	0	0.0000	0
P	0.0002	0	0.0000	0
E	0.0002	0	0.0000	0
V	0.0004	0	0.0000	0
L	0.0001	0	0.0000	0
V	0.0003	0	0.0000	0
L	0.0003	0	0.0000	0
E	0.0005	0	0.0000	0
G	0.0007	0	0.0000	0
T	0.0035	0	0.0000	0
L	0.0024	0	0.0000	0
A	0.0108	0	0.0000	0
R	0.0545	0	0.0000	0
M	0.0304	0	0.0000	0
G	0.0162	0	0.0000	0
Q	0.2197	0	0.0001	0
T	0.0675	0	0.0000	0
Y	0.2907	0	0.0001	0
A	0.0748	0	0.0000	0
Y	0.0216	0	0.0000	0
R	0.5078	1	0.0001	0
L	0.0166	0	0.0000	0
Y	0.4369	1	0.0002	0
P	0.3995	1	0.0001	0
K	0.4695	1	0.0001	0
G	0.3522	1	0.0000	0
R	0.4742	1	0.0000	0
R	0.4105	1	0.0000	0
P	0.0254	0	0.0000	0
L	0.0072	0	0.0000	0
D	0.0181	0	0.0000	0
P	0.0088	0	0.0000	0
K	0.2552	0	0.0004	0
D	0.1325	0	0.0001	0
P	0.3502	1	0.0004	0
G	0.3417	0	0.0006	0
E	0.0068	0	0.0000	0
R	0.0479	0	0.0000	0
S	0.0048	0	0.0000	0
V	0.0003	0	0.0000	0
L	0.0001	0	0.0000	0
S	0.0002	0	0.0000	0
A	0.0004	0	0.0000	0
L	0.0001	0	0.0000	0
A	0.0001	0	0.0000	0
R	0.0013	0	0.0000	0
R	0.0013	0	0.0000	0
L	0.0001	0	0.0000	0
L	0.0002	0	0.0000	0
Q	0.0010	0	0.0000	0
E	0.0005	0	0.0000	0
R	0.0051	0	0.0000	0
L	0.0003	0	0.0000	0
R	0.0029	0	0.0000	0
R	0.0003	0	0.0000	0
L	0.0001	0	0.0000	0
E	0.0002	0	0.0000	0
G	0.0008	0	0.0000	0
V	0.0003	0	0.0000	0
W	0.0029	0	0.0001	0
V	0.0025	0	0.0000	0
E	0.0066	0	0.0001	0
G	0.0247	0	0.0005	0
L	0.0324	0	0.0002	0
A	0.0047	0	0.0000	0
V	0.0033	0	0.0000	0
Y	0.0017	0	0.0000	0
R	0.0126	0	0.0001	0
R	0.0589	0	0.0009	0
E	0.0174	0	0.0003	0
H	0.0265	0	0.0006	0
A	0.0121	0	0.0004	0
R	0.0432	0	0.0038	0
G	0.0774	0	0.0069	0
P	0.0417	0	0.0020	0
G	0.0349	0	0.0008	0
W	0.0059	0	0.0001	0
R	0.0979	0	0.0026	0
V	0.0062	0	0.0001	0
L	0.0139	0	0.0002	0
G	0.0041	0	0.0001	0
G	0.0042	0	0.0000	0
A	0.0052	0	0.0000	0
V	0.4428	1	0.0198	0
L	0.0134	0	0.0002	0
D	0.5168	1	0.0360	0
L	0.0094	0	0.0001	0
W	0.0239	0	0.0004	0
V	0.0019	0	0.0000	0
S	0.0007	0	0.0000	0
D	0.0004	0	0.0000	0
S	0.0003	0	0.0000	0
G	0.0001	0	0.0000	0
A	0.0003	0	0.0000	0
F	0.0001	0	0.0000	0
L	0.0013	0	0.0000	0
L	0.0008	0	0.0000	0
E	0.0079	0	0.0002	0
V	0.0007	0	0.0000	0
D	0.0034	0	0.0001	0
P	0.0021	0	0.0000	0
A	0.0098	0	0.0002	0
Y	0.0053	0	0.0000	0
R	0.0108	0	0.0001	0
I	0.0007	0	0.0000	0
L	0.0014	0	0.0000	0
C	0.0005	0	0.0000	0
E	0.0010	0	0.0000	0
M	0.0007	0	0.0000	0
S	0.0015	0	0.0000	0
L	0.0007	0	0.0000	0
E	0.0014	0	0.0000	0
A	0.0006	0	0.0000	0
W	0.0011	0	0.0000	0
L	0.0006	0	0.0000	0
A	0.0081	0	0.0006	0
Q	0.0146	0	0.0009	0
G	0.0111	0	0.0007	0
H	0.0043	0	0.0001	0
P	0.0088	0	0.0003	0
L	0.0132	0	0.0006	0
P	0.0051	0	0.0002	0
K	0.0051	0	0.0002	0
R	0.2162	0	0.0066	0
V	0.0219	0	0.0005	0
R	0.2821	0	0.0118	0
N	0.1614	0	0.0029	0
A	0.6817	1	0.0177	0
Y	0.8162	1	0.0334	0
D	0.3877	1	0.0198	0
R	0.4822	1	0.0290	0
R	0.4809	1	0.0206	0
T	0.5467	1	0.0265	0
W	0.2399	0	0.0078	0
E	0.0130	0	0.0003	0
L	0.0007	0	0.0000	0
L	0.0004	0	0.0000	0
R	0.0007	0	0.0001	0
L	0.0002	0	0.0000	0
G	0.0003	0	0.0001	0
E	0.0112	0	0.0029	0
E	0.1653	0	0.0567	0
D	0.0902	0	0.0158	0
P	0.0189	0	0.0030	0
K	0.0957	0	0.0174	0
E	0.2065	0	0.0305	0
L	0.0022	0	0.0002	0
P	0.0068	0	0.0009	0
L	0.0050	0	0.0008	0
P	0.0245	0	0.0182	0
G	0.0030	0	0.0023	0
G	0.0012	0	0.0010	0
L	0.0021	0	0.0018	0
S	0.0006	0	0.0003	0
L	0.0007	0	0.0003	0
L	0.0006	0	0.0008	0
D	0.0007	0	0.0014	0
Y	0.0016	0	0.0025	0
H	0.0015	0	0.0019	0
A	0.0022	0	0.0023	0
S	0.0006	0	0.0003	0
K	0.0005	0	0.0001	0
G	0.0021	0	0.0003	0
R	0.0002	0	0.0000	0
L	0.0002	0	0.0000	0
Q	0.0003	0	0.0000	0
G	0.0002	0	0.0000	0
R	0.0002	0	0.0000	0
E	0.0001	0	0.0000	0
G	0.0001	0	0.0000	0
G	0.0000	0	0.0000	0
R	0.0002	0	0.0000	0
V	0.0000	0	0.0000	0
A	0.0000	0	0.0000	0
W	0.0001	0	0.0000	0
V	0.0001	0	0.0000	0
A	0.0006	0	0.0000	0
D	0.0303	0	0.0012	0
P	0.1313	0	0.0053	0
K	0.1405	0	0.0061	0
D	0.2547	0	0.0035	0
P	0.4648	1	0.0043	0
R	0.3788	1	0.0040	0
K	0.0769	0	0.0002	0
P	0.0852	0	0.0003	0
I	0.0103	0	0.0000	0
P	0.0009	0	0.0000	0
H	0.0010	0	0.0000	0
L	0.0002	0	0.0000	0
T	0.0001	0	0.0000	0
G	0.0001	0	0.0000	0
L	0.0002	0	0.0000	0
L	0.0001	0	0.0000	0
V	0.0003	0	0.0000	0
P	0.0003	0	0.0000	0
V	0.0008	0	0.0000	0
L	0.0012	0	0.0000	0
T	0.0162	0	0.0004	0
L	0.1505	0	0.0078	0
E	0.0122	0	0.0002	0
D	0.0009	0	0.0000	0
L	0.0010	0	0.0000	0
H	0.0007	0	0.0000	0
E	0.0007	0	0.0001	0
E	0.0009	0	0.0000	0
E	0.0013	0	0.0000	0
G	0.0028	0	0.0000	0
S	0.0039	0	0.0000	0
L	0.0012	0	0.0000	0
A	0.0183	0	0.0003	0
L	0.0371	0	0.0007	0
S	0.0203	0	0.0003	0
L	0.0542	0	0.0004	0
P	0.0558	0	0.0004	0
W	0.0032	0	0.0000	0
E	0.0307	0	0.0005	0
E	0.0149	0	0.0002	0
R	0.2357	0	0.0048	0
R	0.0030	0	0.0000	0
R	0.0602	0	0.0010	0
R	0.0063	0	0.0001	0
T	0.0005	0	0.0000	0
R	0.0053	0	0.0005	0
E	0.0019	0	0.0002	0
I	0.0003	0	0.0000	0
A	0.0001	0	0.0000	0
S	0.0008	0	0.0003	0
W	0.0044	0	0.0016	0
I	0.0001	0	0.0000	0
G	0.0002	0	0.0000	0
R	0.0033	0	0.0004	0
R	0.0006	0	0.0001	0
L	0.0001	0	0.0000	0
G	0.0002	0	0.0000	0
L	0.0001	0	0.0000	0
G	0.0002	0	0.0000	0
T	0.0004	0	0.0000	0
P	0.0001	0	0.0000	0
E	0.0001	0	0.0000	0
A	0.0002	0	0.0000	0
V	0.0001	0	0.0000	0
R	0.0009	0	0.0000	0
A	0.0003	0	0.0000	0
Q	0.0027	0	0.0002	0
A	0.0002	0	0.0000	0
Y	0.0025	0	0.0002	0
R	0.0005	0	0.0000	0
L	0.0004	0	0.0000	0
S	0.0004	0	0.0000	0
I	0.0004	0	0.0000	0
P	0.0002	0	0.0000	0
K	0.0008	0	0.0000	0
L	0.0001	0	0.0000	0
M	0.0004	0	0.0000	0
G	0.0003	0	0.0000	0
R	0.0098	0	0.0008	0
R	0.0293	0	0.0016	0
A	0.0195	0	0.0005	0
V	0.0059	0	0.0001	0
S	0.0095	0	0.0002	0
K	0.1221	0	0.0015	0
P	0.0272	0	0.0003	0
A	0.0009	0	0.0000	0
D	0.0013	0	0.0001	0
A	0.0002	0	0.0000	0
L	0.0003	0	0.0000	0
R	0.0043	0	0.0006	0
V	0.0021	0	0.0002	0
G	0.0008	0	0.0000	0
F	0.0032	0	0.0001	0
Y	0.0085	0	0.0002	0
R	0.0842	0	0.0036	0
A	0.0123	0	0.0002	0
Q	0.0018	0	0.0000	0
E	0.0014	0	0.0000	0
T	0.0003	0	0.0000	0
A	0.0007	0	0.0000	0
L	0.0002	0	0.0000	0
A	0.0001	0	0.0000	0
L	0.0002	0	0.0000	0
L	0.0002	0	0.0000	0
R	0.0018	0	0.0003	0
L	0.0018	0	0.0003	0
D	0.0067	0	0.0014	0
G	0.0056	0	0.0005	0
A	0.0016	0	0.0002	0
Q	0.0006	0	0.0000	0
G	0.0001	0	0.0000	0
W	0.0000	0	0.0000	0
P	0.0000	0	0.0000	0
E	0.0001	0	0.0000	0
F	0.0000	0	0.0000	0
L	0.0000	0	0.0000	0
R	0.0002	0	0.0000	0
R	0.0001	0	0.0000	0
A	0.0000	0	0.0000	0
L	0.0000	0	0.0000	0
L	0.0006	0	0.0000	0
R	0.0029	0	0.0002	0
A	0.0002	0	0.0000	0
F	0.0003	0	0.0000	0
G	0.0188	0	0.0021	0
A	0.0009	0	0.0000	0
S	0.0005	0	0.0000	0
G	0.0008	0	0.0000	0
A	0.0001	0	0.0000	0
S	0.0005	0	0.0000	0
L	0.0002	0	0.0000	0
R	0.0051	0	0.0002	0
L	0.0020	0	0.0000	0
H	0.0016	0	0.0000	0
T	0.0052	0	0.0005	0
L	0.0007	0	0.0002	0
H	0.0183	0	0.0057	0
A	0.0010	0	0.0002	0
H	0.0015	0	0.0005	0
P	0.0004	0	0.0001	0
S	0.0009	0	0.0003	0
Q	0.0093	0	0.0037	0
G	0.0033	0	0.0006	0
L	0.0035	0	0.0006	0
A	0.0141	0	0.0068	0
F	0.0026	0	0.0015	0
R	0.0012	0	0.0007	0
E	0.0019	0	0.0022	0
A	0.0003	0	0.0003	0
L	0.0003	0	0.0005	0
R	0.0034	0	0.0082	0
K	0.0385	0	0.0900	0
A	0.0013	0	0.0014	0
K	0.0176	0	0.0342	0
E	0.0023	0	0.0027	0
E	0.0003	0	0.0003	0
G	0.0002	0	0.0003	0
V	0.0002	0	0.0002	0
Q	0.0013	0	0.0013	0
A	0.0001	0	0.0002	0
V	0.0001	0	0.0001	0
L	0.0001	0	0.0001	0
V	0.0001	0	0.0000	0
L	0.0020	0	0.0011	0
T	0.0305	0	0.0188	0
P	0.0611	0	0.0354	0
P	0.2623	0	0.1831	1
M	0.3907	1	0.2404	1
A	0.2679	0	0.2044	1
W	0.2896	0	0.2364	1
E	0.0175	0	0.0112	0
D	0.0281	0	0.0175	0
R	0.3547	1	0.4307	1
N	0.0509	0	0.0874	0
R	0.0192	0	0.0359	0
L	0.0015	0	0.0021	0
K	0.1257	0	0.2523	1
A	0.0040	0	0.0045	0
L	0.0004	0	0.0003	0
L	0.0001	0	0.0001	0
L	0.0003	0	0.0003	0
R	0.0010	0	0.0017	0
E	0.0003	0	0.0004	0
G	0.0002	0	0.0003	0
L	0.0004	0	0.0005	0
P	0.0014	0	0.0027	0
S	0.0067	0	0.0156	0
Q	0.1486	0	0.2682	1
I	0.0169	0	0.0319	0
L	0.1732	0	0.2334	1
N	0.2849	0	0.3398	1
V	0.0466	0	0.0472	0
P	0.3474	0	0.3682	1
L	0.1765	0	0.1570	1
R	0.3066	0	0.2921	1
E	0.2293	0	0.2901	1
E	0.1571	0	0.2875	1
E	0.3890	1	0.4105	1
R	0.1843	0	0.2758	1
H	0.2590	0	0.3181	1
R	0.4992	1	0.5096	1
W	0.0069	0	0.0259	0
E	0.0216	0	0.1314	0
N	0.4128	1	0.7034	1
A	0.0033	0	0.0233	0
L	0.0014	0	0.0078	0
L	0.0090	0	0.0545	0
G	0.1290	0	0.4129	1
L	0.0008	0	0.0052	0
L	0.0002	0	0.0009	0
A	0.0002	0	0.0004	0
K	0.0044	0	0.0192	0
A	0.0001	0	0.0004	0
G	0.0003	0	0.0012	0
L	0.0001	0	0.0002	0
Q	0.0013	0	0.0012	0
V	0.0005	0	0.0003	0
V	0.0003	0	0.0002	0
A	0.0001	0	0.0001	0
L	0.0001	0	0.0001	0
S	0.0001	0	0.0001	0
G	0.0005	0	0.0004	0
A	0.0005	0	0.0007	0
Y	0.0001	0	0.0001	0
P	0.0003	0	0.0002	0
A	0.0000	0	0.0000	0
E	0.0001	0	0.0001	0
L	0.0000	0	0.0000	0
A	0.0001	0	0.0002	0
V	0.0001	0	0.0001	0
G	0.0003	0	0.0005	0
F	0.0007	0	0.0013	0
D	0.0206	0	0.0277	0
A	0.0036	0	0.0031	0
G	0.0192	0	0.0205	0
G	0.1229	0	0.1584	1
R	0.0599	0	0.0647	0
E	0.0244	0	0.0227	0
S	0.0126	0	0.0128	0
F	0.0057	0	0.0050	0
R	0.0831	0	0.0556	0
F	0.0151	0	0.0070	0
G	0.0016	0	0.0006	0
G	0.0002	0	0.0000	0
A	0.0001	0	0.0000	0
A	0.0001	0	0.0000	0
C	0.0001	0	0.0000	0
A	0.0002	0	0.0000	0
V	0.0004	0	0.0001	0
G	0.0026	0	0.0005	0
G	0.0134	0	0.0044	0
D	0.0142	0	0.0031	0
G	0.0028	0	0.0004	0
G	0.0039	0	0.0007	0
H	0.0212	0	0.0092	0
L	0.0682	0	0.0189	0
L	0.2079	0	0.0541	0
W	0.2613	0	0.0936	0
T	0.0118	0	0.0023	0
L	0.0063	0	0.0023	0
P	0.0003	0	0.0001	0
E	0.0007	0	0.0003	0
A	0.0003	0	0.0001	0
Q	0.0004	0	0.0001	0
A	0.0008	0	0.0002	0
G	0.0030	0	0.0010	0
E	0.0007	0	0.0001	0
R	0.0011	0	0.0001	0
I	0.0004	0	0.0000	0
P	0.0003	0	0.0001	0
Q	0.0002	0	0.0000	0
E	0.0001	0	0.0000	0
V	0.0000	0	0.0000	0
V	0.0000	0	0.0000	0
W	0.0001	0	0.0000	0
D	0.0000	0	0.0000	0
L	0.0000	0	0.0000	0
L	0.0000	0	0.0000	0
E	0.0000	0	0.0000	0
E	0.0000	0	0.0000	0
T	0.0000	0	0.0000	0
L	0.0000	0	0.0000	0
W	0.0000	0	0.0000	0
A	0.0000	0	0.0000	0
F	0.0001	0	0.0000	0
R	0.0011	0	0.0014	0
R	0.0002	0	0.0003	0
K	0.0003	0	0.0002	0
A	0.0022	0	0.0016	0
G	0.0013	0	0.0008	0
R	0.0008	0	0.0002	0
L	0.0076	0	0.0029	0
P	0.0007	0	0.0005	0
S	0.0004	0	0.0003	0
R	0.0033	0	0.0047	0
V	0.0001	0	0.0000	0
L	0.0008	0	0.0002	0
L	0.0005	0	0.0001	0
L	0.0024	0	0.0013	0
R	0.2934	0	0.2590	1
D	0.0235	0	0.0070	0
G	0.0403	0	0.0066	0
R	0.0450	0	0.0067	0
V	0.0062	0	0.0004	0
P	0.0069	0	0.0003	0
Q	0.0042	0	0.0003	0
D	0.0086	0	0.0006	0
E	0.0021	0	0.0002	0
F	0.0002	0	0.0000	0
A	0.0003	0	0.0001	0
L	0.0005	0	0.0002	0
A	0.0000	0	0.0000	0
L	0.0001	0	0.0001	0
E	0.0005	0	0.0002	0
A	0.0001	0	0.0000	0
L	0.0001	0	0.0000	0
A	0.0002	0	0.0001	0
R	0.0013	0	0.0011	0
E	0.0002	0	0.0001	0
G	0.0004	0	0.0004	0
I	0.0001	0	0.0001	0
A	0.0051	0	0.0026	0
Y	0.0012	0	0.0003	0
D	0.0003	0	0.0001	0
L	0.0002	0	0.0001	0
V	0.0002	0	0.0001	0
S	0.0004	0	0.0003	0
V	0.0005	0	0.0002	0
R	0.1331	0	0.0727	0
K	0.5442	1	0.1842	1
S	0.8063	1	0.0972	0
G	0.7128	1	0.0747	0
G	0.2460	0	0.0431	0
G	0.0133	0	0.0010	0
R	0.3824	1	0.0831	0
V	0.0752	0	0.0190	0
Y	0.2734	0	0.2173	1
P	0.0758	0	0.0582	0
V	0.0606	0	0.0339	0
Q	0.0114	0	0.0055	0
G	0.0185	0	0.0046	0
R	0.0413	0	0.0048	0
L	0.0026	0	0.0001	0
A	0.0036	0	0.0004	0
D	0.0007	0	0.0001	0
G	0.0004	0	0.0001	0
L	0.0002	0	0.0000	0
Y	0.0006	0	0.0000	0
V	0.0002	0	0.0000	0
P	0.0017	0	0.0005	0
L	0.0008	0	0.0002	0
E	0.0021	0	0.0011	0
D	0.0006	0	0.0002	0
K	0.0006	0	0.0002	0
T	0.0002	0	0.0000	0
F	0.0001	0	0.0000	0
L	0.0002	0	0.0001	0
L	0.0001	0	0.0000	0
L	0.0004	0	0.0001	0
T	0.0036	0	0.0007	0
V	0.0270	0	0.0092	0
H	0.2713	0	0.1396	0
R	0.7019	1	0.3799	1
D	0.5139	1	0.1310	0
F	0.2858	0	0.0559	0
R	0.2591	0	0.1894	1
G	0.0975	0	0.0621	0
T	0.1425	0	0.0494	0
P	0.0209	0	0.0013	0
R	0.2634	0	0.0181	0
P	0.0086	0	0.0001	0
L	0.0004	0	0.0000	0
K	0.0022	0	0.0000	0
L	0.0002	0	0.0000	0
V	0.0001	0	0.0000	0
H	0.0001	0	0.0000	0
E	0.0001	0	0.0000	0
A	0.0001	0	0.0000	0
G	0.0001	0	0.0000	0
D	0.0001	0	0.0000	0
T	0.0001	0	0.0000	0
P	0.0001	0	0.0000	0
L	0.0001	0	0.0000	0
E	0.0002	0	0.0000	0
A	0.0001	0	0.0000	0
L	0.0001	0	0.0000	0
A	0.0001	0	0.0000	0
H	0.0002	0	0.0000	0
Q	0.0001	0	0.0000	0
I	0.0001	0	0.0000	0
F	0.0003	0	0.0001	0
H	0.0012	0	0.0008	0
L	0.0002	0	0.0001	0
T	0.0005	0	0.0004	0
R	0.0150	0	0.0334	0
L	0.0016	0	0.0039	0
Y	0.0300	0	0.0974	0
P	0.0307	0	0.1200	0
A	0.0481	0	0.1390	0
S	0.2281	0	0.5285	1
G	0.0075	0	0.0373	0
F	0.0881	0	0.3033	1
A	0.2272	0	0.6331	1
F	0.1977	0	0.4533	1
P	0.0401	0	0.1624	1
R	0.2953	0	0.5984	1
L	0.0431	0	0.1498	0
P	0.0092	0	0.0474	0
A	0.0010	0	0.0059	0
P	0.0006	0	0.0045	0
L	0.0000	0	0.0002	0
H	0.0002	0	0.0036	0
L	0.0002	0	0.0017	0
A	0.0001	0	0.0011	0
D	0.0075	0	0.0856	0
R	0.0578	0	0.2390	1
L	0.0026	0	0.0049	0
V	0.0006	0	0.0007	0
K	0.1462	0	0.2874	1
E	0.0006	0	0.0004	0
V	0.0007	0	0.0007	0
G	0.1084	0	0.1689	1
R	0.0850	0	0.0463	0
L	0.0007	0	0.0001	0
G	0.0001	0	0.0000	0
I	0.0001	0	0.0000	0
R	0.0001	0	0.0000	0
H	0.0001	0	0.0000	0
L	0.0000	0	0.0000	0
K	0.0000	0	0.0000	0
E	0.0000	0	0.0000	0
V	0.0000	0	0.0000	0
D	0.0000	0	0.0000	0
R	0.0001	0	0.0000	0
E	0.0003	0	0.0000	0
K	0.0003	0	0.0000	0
L	0.0000	0	0.0000	0
F	0.0001	0	0.0000	0
F	0.0001	0	0.0000	0
V	0.0003	0	0.0001	0
</pre></body></html>