<html><head></head><body><pre style="word-wrap: break-word; white-space: pre-wrap;">&gt;Q3YN09
Amino Acid	probability_DNA	binary_DNA	probability_RNA	binary_RNA
M	0.3211	0	0.0012	0
T	0.1826	0	0.0005	0
N	0.0903	0	0.0002	0
K	0.0795	0	0.0003	0
D	0.0084	0	0.0000	0
N	0.0634	0	0.0003	0
P	0.0020	0	0.0000	0
K	0.2433	0	0.0040	0
F	0.0015	0	0.0000	0
H	0.0040	0	0.0001	0
T	0.0197	0	0.0015	0
I	0.0010	0	0.0000	0
S	0.0110	0	0.0001	0
T	0.0269	0	0.0002	0
E	0.1349	0	0.0023	0
Y	0.0265	0	0.0005	0
I	0.0004	0	0.0000	0
D	0.0220	0	0.0014	0
Y	0.0037	0	0.0003	0
L	0.0003	0	0.0000	0
R	0.0538	0	0.0013	0
E	0.0104	0	0.0001	0
A	0.0003	0	0.0000	0
D	0.0008	0	0.0000	0
S	0.0026	0	0.0000	0
K	0.0054	0	0.0000	0
V	0.0007	0	0.0000	0
P	0.0011	0	0.0000	0
F	0.0225	0	0.0001	0
N	0.0038	0	0.0000	0
K	0.0116	0	0.0000	0
D	0.0119	0	0.0000	0
E	0.0159	0	0.0000	0
Q	0.0545	0	0.0000	0
H	0.0396	0	0.0000	0
S	0.0084	0	0.0000	0
R	0.0404	0	0.0000	0
P	0.0017	0	0.0000	0
Y	0.0007	0	0.0000	0
V	0.0001	0	0.0000	0
G	0.0001	0	0.0000	0
V	0.0001	0	0.0000	0
L	0.0004	0	0.0000	0
E	0.0010	0	0.0000	0
K	0.0020	0	0.0000	0
I	0.0006	0	0.0000	0
N	0.0020	0	0.0000	0
G	0.0011	0	0.0000	0
H	0.0006	0	0.0000	0
D	0.0167	0	0.0000	0
Y	0.0112	0	0.0000	0
F	0.0005	0	0.0000	0
V	0.0005	0	0.0000	0
P	0.0025	0	0.0000	0
L	0.0016	0	0.0000	0
T	0.1252	0	0.0000	0
S	0.4598	1	0.0002	0
R	0.7780	1	0.0001	0
N	0.7798	1	0.0000	0
D	0.8368	1	0.0000	0
K	0.9049	1	0.0000	0
N	0.8168	1	0.0000	0
F	0.3387	0	0.0000	0
N	0.7672	1	0.0000	0
S	0.4977	1	0.0001	0
Q	0.5265	1	0.0001	0
V	0.0056	0	0.0000	0
S	0.0562	0	0.0000	0
V	0.0008	0	0.0000	0
K	0.0129	0	0.0000	0
L	0.0006	0	0.0000	0
F	0.0121	0	0.0000	0
D	0.0005	0	0.0000	0
N	0.0049	0	0.0000	0
D	0.0024	0	0.0000	0
E	0.0014	0	0.0000	0
K	0.0043	0	0.0000	0
R	0.0010	0	0.0000	0
I	0.0001	0	0.0000	0
G	0.0001	0	0.0000	0
V	0.0000	0	0.0000	0
L	0.0001	0	0.0000	0
L	0.0001	0	0.0000	0
V	0.0001	0	0.0000	0
N	0.0002	0	0.0000	0
N	0.0002	0	0.0000	0
M	0.0001	0	0.0000	0
I	0.0000	0	0.0000	0
P	0.0000	0	0.0000	0
V	0.0001	0	0.0000	0
P	0.0001	0	0.0000	0
E	0.0004	0	0.0000	0
K	0.0003	0	0.0000	0
E	0.0002	0	0.0000	0
C	0.0001	0	0.0000	0
K	0.0014	0	0.0000	0
E	0.0007	0	0.0000	0
I	0.0002	0	0.0000	0
D	0.0011	0	0.0000	0
I	0.0101	0	0.0000	0
A	0.0086	0	0.0000	0
E	0.0022	0	0.0000	0
K	0.0053	0	0.0000	0
T	0.0012	0	0.0000	0
A	0.0019	0	0.0000	0
A	0.0007	0	0.0000	0
D	0.0013	0	0.0000	0
P	0.0012	0	0.0000	0
Q	0.1151	0	0.0013	0
Y	0.0193	0	0.0001	0
G	0.0067	0	0.0001	0
N	0.0075	0	0.0000	0
L	0.0023	0	0.0000	0
M	0.0001	0	0.0000	0
L	0.0013	0	0.0000	0
K	0.0118	0	0.0000	0
Q	0.0039	0	0.0000	0
Y	0.0004	0	0.0000	0
L	0.0047	0	0.0000	0
F	0.0023	0	0.0000	0
L	0.0002	0	0.0000	0
K	0.0831	0	0.0000	0
E	0.0384	0	0.0000	0
N	0.0050	0	0.0000	0
M	0.0101	0	0.0000	0
D	0.0354	0	0.0000	0
R	0.3333	0	0.0001	0
V	0.0012	0	0.0000	0
T	0.0071	0	0.0000	0
N	0.1808	0	0.0002	0
K	0.0840	0	0.0000	0
V	0.0011	0	0.0000	0
E	0.0035	0	0.0000	0
K	0.0558	0	0.0004	0
V	0.0005	0	0.0000	0
Y	0.0477	0	0.0003	0
K	0.5208	1	0.0072	0
D	0.0125	0	0.0000	0
V	0.0028	0	0.0000	0
T	0.0152	0	0.0001	0
V	0.0184	0	0.0001	0
Q	0.0317	0	0.0003	0
G	0.0065	0	0.0001	0
K	0.0126	0	0.0001	0
P	0.0046	0	0.0001	0
S	0.0442	0	0.0014	0
H	0.3439	0	0.0162	0
K	0.3471	0	0.0151	0
Q	0.2270	0	0.0016	0
K	0.2223	0	0.0012	0
F	0.4944	1	0.0037	0
L	0.0297	0	0.0002	0
K	0.0670	0	0.0006	0
G	0.6654	1	0.0029	0
V	0.1194	0	0.0006	0
C	0.0244	0	0.0003	0
C	0.0015	0	0.0000	0
D	0.1145	0	0.0023	0
F	0.0089	0	0.0001	0
P	0.0060	0	0.0000	0
K	0.0220	0	0.0001	0
L	0.0003	0	0.0000	0
E	0.0008	0	0.0000	0
E	0.0005	0	0.0000	0
K	0.0002	0	0.0000	0
C	0.0001	0	0.0000	0
Q	0.0048	0	0.0002	0
E	0.0005	0	0.0000	0
Y	0.0181	0	0.0004	0
K	0.0261	0	0.0005	0
E	0.0046	0	0.0000	0
R	0.0875	0	0.0002	0
D	0.0355	0	0.0000	0
Q	0.1199	0	0.0000	0
A	0.0802	0	0.0000	0
K	0.1763	0	0.0001	0
E	0.0746	0	0.0000	0
R	0.2887	0	0.0000	0
D	0.0520	0	0.0000	0
K	0.3818	1	0.0000	0
A	0.0021	0	0.0000	0
R	0.1227	0	0.0000	0
R	0.3128	0	0.0000	0
I	0.0242	0	0.0000	0
A	0.0070	0	0.0000	0
Y	0.2383	0	0.0001	0
M	0.0283	0	0.0000	0
R	0.5319	1	0.0003	0
Q	0.2443	0	0.0000	0
M	0.0814	0	0.0000	0
G	0.0212	0	0.0000	0
R	0.1045	0	0.0000	0
E	0.1068	0	0.0000	0
R	0.4901	1	0.0000	0
</pre></body></html>