<html><head></head><body><pre style="word-wrap: break-word; white-space: pre-wrap;">&gt;P42641
Amino Acid	probability_DNA	binary_DNA	probability_RNA	binary_RNA
M	0.0394	0	0.1831	1
K	0.0734	0	0.2364	1
F	0.0258	0	0.0192	0
V	0.0032	0	0.0024	0
D	0.2159	0	0.1359	0
E	0.0539	0	0.0213	0
A	0.0012	0	0.0003	0
S	0.1342	0	0.1765	1
I	0.0009	0	0.0017	0
L	0.1208	0	0.2834	1
V	0.0010	0	0.0021	0
V	0.0986	0	0.2757	1
A	0.0358	0	0.1346	0
G	0.1460	0	0.3299	1
D	0.3309	0	0.8322	1
G	0.2515	0	0.6142	1
G	0.0379	0	0.1682	1
N	0.1260	0	0.6158	1
G	0.1943	0	0.4198	1
C	0.1792	0	0.3474	1
V	0.0729	0	0.1087	0
S	0.6429	1	0.4735	1
F	0.1056	0	0.0669	0
R	0.0894	0	0.0411	0
R	0.5361	1	0.2152	1
E	0.0131	0	0.0026	0
K	0.1464	0	0.0360	0
Y	0.0292	0	0.0067	0
I	0.0038	0	0.0011	0
P	0.0015	0	0.0005	0
K	0.0165	0	0.0147	0
G	0.0036	0	0.0039	0
G	0.0036	0	0.0049	0
P	0.0048	0	0.0065	0
D	0.0471	0	0.1306	0
G	0.0561	0	0.1544	1
G	0.0215	0	0.0475	0
D	0.2309	0	0.3004	1
G	0.1992	0	0.2342	1
G	0.0404	0	0.0483	0
D	0.3437	0	0.2268	1
G	0.2538	0	0.1463	0
G	0.0059	0	0.0014	0
D	0.1131	0	0.0108	0
V	0.0005	0	0.0000	0
W	0.0007	0	0.0000	0
M	0.0000	0	0.0000	0
E	0.0001	0	0.0000	0
A	0.0000	0	0.0000	0
D	0.0005	0	0.0000	0
E	0.0008	0	0.0000	0
N	0.0017	0	0.0000	0
L	0.0007	0	0.0000	0
N	0.0034	0	0.0002	0
T	0.0119	0	0.0012	0
L	0.0001	0	0.0000	0
I	0.0001	0	0.0000	0
D	0.0001	0	0.0000	0
Y	0.0001	0	0.0000	0
R	0.0011	0	0.0001	0
F	0.0001	0	0.0000	0
E	0.0001	0	0.0000	0
K	0.0002	0	0.0000	0
S	0.0002	0	0.0000	0
F	0.0001	0	0.0000	0
R	0.0010	0	0.0001	0
A	0.0002	0	0.0000	0
E	0.0011	0	0.0006	0
R	0.0076	0	0.0079	0
G	0.0132	0	0.0111	0
Q	0.0030	0	0.0032	0
N	0.0079	0	0.0053	0
G	0.0054	0	0.0034	0
A	0.1332	0	0.0689	0
S	0.1912	0	0.0746	0
R	0.1533	0	0.0474	0
D	0.0267	0	0.0030	0
C	0.0299	0	0.0062	0
T	0.4371	1	0.1643	1
G	0.3646	1	0.1421	0
K	0.2372	0	0.1446	0
R	0.2547	0	0.1135	0
G	0.0397	0	0.0230	0
K	0.0668	0	0.0399	0
D	0.0975	0	0.0263	0
V	0.0005	0	0.0001	0
T	0.0038	0	0.0008	0
I	0.0001	0	0.0000	0
K	0.0010	0	0.0012	0
V	0.0005	0	0.0003	0
P	0.0006	0	0.0004	0
V	0.0003	0	0.0004	0
G	0.0007	0	0.0011	0
T	0.0049	0	0.0076	0
R	0.0006	0	0.0002	0
V	0.0002	0	0.0000	0
I	0.0003	0	0.0001	0
D	0.0000	0	0.0000	0
Q	0.0001	0	0.0000	0
G	0.0000	0	0.0000	0
T	0.0001	0	0.0000	0
G	0.0001	0	0.0000	0
E	0.0001	0	0.0000	0
T	0.0001	0	0.0000	0
M	0.0001	0	0.0000	0
G	0.0000	0	0.0000	0
D	0.0000	0	0.0000	0
M	0.0000	0	0.0000	0
T	0.0000	0	0.0000	0
K	0.0000	0	0.0000	0
H	0.0000	0	0.0000	0
G	0.0001	0	0.0001	0
Q	0.0001	0	0.0001	0
R	0.0003	0	0.0002	0
L	0.0002	0	0.0001	0
L	0.0007	0	0.0002	0
V	0.0006	0	0.0001	0
A	0.0029	0	0.0003	0
K	0.1443	0	0.0654	0
G	0.1067	0	0.0382	0
G	0.0376	0	0.0141	0
W	0.0981	0	0.0426	0
H	0.3402	0	0.0978	0
G	0.1884	0	0.1004	0
L	0.2008	0	0.1159	0
G	0.1968	0	0.0913	0
N	0.4643	1	0.2199	1
T	0.0399	0	0.0081	0
R	0.4687	1	0.1891	1
F	0.1828	0	0.0463	0
K	0.4575	1	0.1972	1
S	0.3998	1	0.0467	0
S	0.3692	1	0.0188	0
V	0.4617	1	0.0350	0
N	0.3367	0	0.0137	0
R	0.5527	1	0.0315	0
T	0.0163	0	0.0002	0
P	0.0197	0	0.0004	0
R	0.1003	0	0.0032	0
Q	0.0269	0	0.0006	0
K	0.0087	0	0.0003	0
T	0.0005	0	0.0000	0
N	0.0003	0	0.0000	0
G	0.0015	0	0.0000	0
T	0.0021	0	0.0001	0
P	0.0010	0	0.0000	0
G	0.0025	0	0.0001	0
D	0.0036	0	0.0001	0
K	0.0060	0	0.0001	0
R	0.0177	0	0.0002	0
E	0.0102	0	0.0001	0
L	0.0026	0	0.0001	0
L	0.0095	0	0.0006	0
L	0.0005	0	0.0000	0
E	0.0088	0	0.0004	0
L	0.0030	0	0.0001	0
M	0.1098	0	0.0040	0
L	0.0033	0	0.0000	0
L	0.0005	0	0.0000	0
A	0.0005	0	0.0000	0
D	0.0046	0	0.0001	0
V	0.0002	0	0.0000	0
G	0.0001	0	0.0000	0
M	0.0001	0	0.0000	0
L	0.0001	0	0.0000	0
G	0.0118	0	0.0002	0
M	0.0157	0	0.0001	0
P	0.0101	0	0.0000	0
N	0.0157	0	0.0000	0
A	0.0039	0	0.0000	0
G	0.0022	0	0.0000	0
K	0.0557	0	0.0001	0
S	0.1638	0	0.0000	0
T	0.0557	0	0.0000	0
F	0.0004	0	0.0000	0
I	0.0006	0	0.0000	0
R	0.0819	0	0.0006	0
A	0.0004	0	0.0000	0
V	0.0001	0	0.0000	0
S	0.0001	0	0.0000	0
A	0.0006	0	0.0000	0
A	0.0003	0	0.0000	0
K	0.0007	0	0.0000	0
P	0.0002	0	0.0000	0
K	0.0005	0	0.0000	0
V	0.0009	0	0.0000	0
A	0.0009	0	0.0000	0
D	0.0008	0	0.0000	0
Y	0.0019	0	0.0000	0
P	0.0013	0	0.0000	0
F	0.0018	0	0.0000	0
T	0.0008	0	0.0000	0
T	0.0073	0	0.0000	0
L	0.0033	0	0.0000	0
V	0.0010	0	0.0000	0
P	0.0004	0	0.0000	0
S	0.0003	0	0.0000	0
L	0.0001	0	0.0000	0
G	0.0001	0	0.0000	0
V	0.0001	0	0.0000	0
V	0.0000	0	0.0000	0
R	0.0000	0	0.0000	0
M	0.0000	0	0.0000	0
D	0.0000	0	0.0000	0
N	0.0001	0	0.0000	0
E	0.0001	0	0.0000	0
K	0.0001	0	0.0000	0
S	0.0006	0	0.0000	0
F	0.0000	0	0.0000	0
V	0.0001	0	0.0000	0
V	0.0001	0	0.0000	0
A	0.0001	0	0.0000	0
D	0.0081	0	0.0045	0
I	0.0095	0	0.0048	0
P	0.0317	0	0.0145	0
G	0.0176	0	0.0072	0
L	0.0003	0	0.0001	0
I	0.0015	0	0.0004	0
E	0.0114	0	0.0029	0
G	0.0083	0	0.0007	0
A	0.0069	0	0.0003	0
A	0.0087	0	0.0002	0
E	0.0131	0	0.0002	0
G	0.0034	0	0.0000	0
A	0.0026	0	0.0000	0
G	0.0017	0	0.0000	0
L	0.0013	0	0.0000	0
G	0.0003	0	0.0000	0
I	0.0003	0	0.0000	0
R	0.0005	0	0.0000	0
F	0.0002	0	0.0000	0
L	0.0003	0	0.0000	0
K	0.0012	0	0.0001	0
H	0.0001	0	0.0000	0
L	0.0001	0	0.0000	0
E	0.0003	0	0.0000	0
R	0.0004	0	0.0001	0
C	0.0001	0	0.0000	0
R	0.0002	0	0.0000	0
V	0.0000	0	0.0000	0
L	0.0000	0	0.0000	0
L	0.0000	0	0.0000	0
H	0.0000	0	0.0000	0
L	0.0000	0	0.0000	0
I	0.0001	0	0.0000	0
D	0.0025	0	0.0001	0
I	0.0006	0	0.0000	0
D	0.0070	0	0.0001	0
P	0.0080	0	0.0001	0
I	0.0181	0	0.0002	0
D	0.0040	0	0.0000	0
G	0.0076	0	0.0000	0
T	0.0097	0	0.0001	0
D	0.0036	0	0.0000	0
P	0.0020	0	0.0000	0
V	0.0016	0	0.0000	0
E	0.0079	0	0.0001	0
N	0.0030	0	0.0000	0
A	0.0003	0	0.0000	0
R	0.0008	0	0.0000	0
I	0.0005	0	0.0000	0
I	0.0003	0	0.0000	0
I	0.0005	0	0.0000	0
S	0.0008	0	0.0000	0
E	0.0004	0	0.0000	0
L	0.0004	0	0.0000	0
E	0.0151	0	0.0007	0
K	0.0035	0	0.0001	0
Y	0.0047	0	0.0001	0
S	0.0042	0	0.0001	0
Q	0.0032	0	0.0000	0
D	0.0037	0	0.0000	0
L	0.0026	0	0.0000	0
A	0.0054	0	0.0001	0
T	0.0043	0	0.0002	0
K	0.0098	0	0.0004	0
P	0.0026	0	0.0001	0
R	0.0003	0	0.0000	0
W	0.0001	0	0.0000	0
L	0.0000	0	0.0000	0
V	0.0000	0	0.0000	0
F	0.0001	0	0.0000	0
N	0.0041	0	0.0000	0
K	0.1640	0	0.0041	0
I	0.0057	0	0.0001	0
D	0.0814	0	0.0020	0
L	0.0096	0	0.0001	0
L	0.0014	0	0.0000	0
D	0.0013	0	0.0000	0
K	0.0020	0	0.0000	0
V	0.0008	0	0.0000	0
E	0.0007	0	0.0000	0
A	0.0003	0	0.0000	0
E	0.0004	0	0.0000	0
E	0.0002	0	0.0000	0
K	0.0002	0	0.0000	0
A	0.0001	0	0.0000	0
K	0.0003	0	0.0000	0
A	0.0002	0	0.0000	0
I	0.0001	0	0.0000	0
A	0.0003	0	0.0000	0
E	0.0006	0	0.0000	0
A	0.0004	0	0.0000	0
L	0.0002	0	0.0000	0
G	0.0005	0	0.0000	0
W	0.0007	0	0.0000	0
E	0.0007	0	0.0000	0
D	0.0006	0	0.0000	0
K	0.0017	0	0.0000	0
Y	0.0003	0	0.0000	0
Y	0.0004	0	0.0000	0
L	0.0008	0	0.0000	0
I	0.0009	0	0.0000	0
S	0.1596	0	0.0094	0
A	0.0726	0	0.0012	0
A	0.1174	0	0.0022	0
S	0.0608	0	0.0009	0
G	0.0419	0	0.0005	0
L	0.0019	0	0.0000	0
G	0.0036	0	0.0001	0
V	0.0012	0	0.0000	0
K	0.0002	0	0.0000	0
D	0.0001	0	0.0000	0
L	0.0000	0	0.0000	0
C	0.0001	0	0.0000	0
W	0.0000	0	0.0000	0
D	0.0000	0	0.0000	0
V	0.0000	0	0.0000	0
M	0.0000	0	0.0000	0
T	0.0000	0	0.0000	0
F	0.0000	0	0.0000	0
I	0.0000	0	0.0000	0
I	0.0001	0	0.0000	0
E	0.0001	0	0.0000	0
N	0.0001	0	0.0000	0
P	0.0002	0	0.0000	0
V	0.0003	0	0.0000	0
V	0.0002	0	0.0000	0
Q	0.0018	0	0.0001	0
A	0.0007	0	0.0000	0
E	0.0005	0	0.0000	0
E	0.0007	0	0.0000	0
A	0.0008	0	0.0000	0
K	0.0013	0	0.0000	0
Q	0.0057	0	0.0001	0
P	0.0027	0	0.0000	0
E	0.0119	0	0.0002	0
K	0.0038	0	0.0001	0
V	0.0032	0	0.0001	0
E	0.0200	0	0.0006	0
F	0.0022	0	0.0000	0
M	0.0010	0	0.0000	0
W	0.0003	0	0.0000	0
D	0.0007	0	0.0001	0
D	0.0008	0	0.0001	0
Y	0.0004	0	0.0000	0
H	0.0006	0	0.0000	0
R	0.0051	0	0.0003	0
Q	0.0003	0	0.0000	0
Q	0.0010	0	0.0000	0
L	0.0001	0	0.0000	0
E	0.0001	0	0.0000	0
E	0.0007	0	0.0001	0
I	0.0004	0	0.0000	0
A	0.0009	0	0.0001	0
E	0.0011	0	0.0002	0
E	0.0009	0	0.0001	0
D	0.0008	0	0.0001	0
D	0.0013	0	0.0003	0
E	0.0016	0	0.0003	0
D	0.0012	0	0.0002	0
W	0.0002	0	0.0000	0
D	0.0001	0	0.0000	0
D	0.0002	0	0.0000	0
D	0.0002	0	0.0000	0
W	0.0001	0	0.0000	0
D	0.0001	0	0.0000	0
E	0.0001	0	0.0000	0
D	0.0001	0	0.0000	0
D	0.0003	0	0.0001	0
E	0.0006	0	0.0001	0
E	0.0003	0	0.0000	0
G	0.0003	0	0.0000	0
V	0.0001	0	0.0000	0
E	0.0003	0	0.0001	0
F	0.0003	0	0.0000	0
I	0.0001	0	0.0000	0
Y	0.0013	0	0.0001	0
K	0.0028	0	0.0003	0
R	0.1020	0	0.0175	0
</pre></body></html>