<html><head></head><body><pre style="word-wrap: break-word; white-space: pre-wrap;">&gt;Q96AY2
Amino Acid	probability_DNA	binary_DNA	probability_RNA	binary_RNA
M	0.3509	1	0.0002	0
A	0.0653	0	0.0000	0
L	0.0139	0	0.0000	0
K	0.1680	0	0.0000	0
K	0.3802	1	0.0000	0
S	0.5744	1	0.0000	0
S	0.4753	1	0.0000	0
P	0.0788	0	0.0000	0
S	0.1570	0	0.0000	0
L	0.0186	0	0.0000	0
D	0.0152	0	0.0000	0
S	0.0145	0	0.0000	0
G	0.0055	0	0.0000	0
D	0.0038	0	0.0000	0
S	0.0047	0	0.0000	0
D	0.0012	0	0.0000	0
S	0.0010	0	0.0000	0
E	0.0009	0	0.0000	0
E	0.0015	0	0.0000	0
L	0.0005	0	0.0000	0
P	0.0011	0	0.0000	0
T	0.0026	0	0.0000	0
F	0.0012	0	0.0000	0
A	0.0023	0	0.0000	0
F	0.0032	0	0.0000	0
L	0.0006	0	0.0000	0
K	0.0139	0	0.0000	0
K	0.0597	0	0.0000	0
E	0.0059	0	0.0000	0
P	0.0068	0	0.0000	0
S	0.0406	0	0.0000	0
S	0.1326	0	0.0000	0
T	0.3545	1	0.0000	0
K	0.3252	0	0.0000	0
R	0.7481	1	0.0000	0
R	0.8375	1	0.0000	0
Q	0.5663	1	0.0000	0
P	0.4236	1	0.0000	0
E	0.1140	0	0.0000	0
R	0.2883	0	0.0000	0
E	0.0160	0	0.0000	0
E	0.0033	0	0.0000	0
K	0.0053	0	0.0000	0
I	0.0003	0	0.0000	0
V	0.0002	0	0.0000	0
V	0.0004	0	0.0000	0
V	0.0002	0	0.0000	0
D	0.0004	0	0.0000	0
I	0.0012	0	0.0000	0
S	0.0008	0	0.0000	0
D	0.0006	0	0.0000	0
C	0.0005	0	0.0000	0
E	0.0012	0	0.0000	0
A	0.0005	0	0.0000	0
S	0.0005	0	0.0000	0
C	0.0005	0	0.0000	0
P	0.0019	0	0.0000	0
P	0.0023	0	0.0000	0
A	0.0023	0	0.0000	0
P	0.0017	0	0.0000	0
E	0.0045	0	0.0000	0
L	0.0008	0	0.0000	0
F	0.0026	0	0.0000	0
S	0.0004	0	0.0000	0
P	0.0002	0	0.0000	0
P	0.0004	0	0.0000	0
V	0.0004	0	0.0000	0
P	0.0005	0	0.0000	0
E	0.0004	0	0.0000	0
I	0.0002	0	0.0000	0
A	0.0001	0	0.0000	0
E	0.0004	0	0.0000	0
T	0.0012	0	0.0000	0
V	0.0009	0	0.0000	0
T	0.0039	0	0.0000	0
Q	0.0040	0	0.0000	0
T	0.0026	0	0.0000	0
Q	0.0021	0	0.0000	0
P	0.0010	0	0.0000	0
V	0.0003	0	0.0000	0
R	0.0025	0	0.0000	0
L	0.0005	0	0.0000	0
L	0.0018	0	0.0000	0
S	0.0027	0	0.0000	0
S	0.0030	0	0.0000	0
E	0.0018	0	0.0000	0
S	0.0013	0	0.0000	0
E	0.0008	0	0.0000	0
D	0.0006	0	0.0000	0
E	0.0006	0	0.0000	0
E	0.0003	0	0.0000	0
E	0.0004	0	0.0000	0
F	0.0001	0	0.0000	0
I	0.0002	0	0.0000	0
P	0.0003	0	0.0000	0
L	0.0043	0	0.0000	0
A	0.0017	0	0.0000	0
Q	0.0259	0	0.0000	0
R	0.8504	1	0.0000	0
L	0.0615	0	0.0000	0
T	0.0244	0	0.0000	0
C	0.0092	0	0.0000	0
K	0.0318	0	0.0000	0
F	0.0053	0	0.0000	0
L	0.0012	0	0.0000	0
T	0.0072	0	0.0000	0
H	0.0342	0	0.0000	0
K	0.0129	0	0.0000	0
Q	0.0058	0	0.0000	0
L	0.0020	0	0.0000	0
S	0.0014	0	0.0000	0
P	0.0031	0	0.0000	0
E	0.0009	0	0.0000	0
D	0.0005	0	0.0000	0
S	0.0005	0	0.0000	0
S	0.0004	0	0.0000	0
S	0.0005	0	0.0000	0
P	0.0003	0	0.0000	0
V	0.0002	0	0.0000	0
K	0.0014	0	0.0000	0
S	0.0029	0	0.0000	0
V	0.0032	0	0.0000	0
L	0.0049	0	0.0000	0
D	0.0024	0	0.0000	0
H	0.0241	0	0.0000	0
Q	0.0075	0	0.0000	0
N	0.0017	0	0.0000	0
N	0.0008	0	0.0000	0
E	0.0004	0	0.0000	0
G	0.0002	0	0.0000	0
A	0.0002	0	0.0000	0
S	0.0004	0	0.0000	0
C	0.0002	0	0.0000	0
D	0.0002	0	0.0000	0
W	0.0014	0	0.0000	0
K	0.0011	0	0.0000	0
K	0.0010	0	0.0000	0
P	0.0002	0	0.0000	0
F	0.0004	0	0.0000	0
P	0.0003	0	0.0000	0
K	0.0010	0	0.0000	0
I	0.0007	0	0.0000	0
P	0.0010	0	0.0000	0
E	0.0012	0	0.0000	0
V	0.0004	0	0.0000	0
P	0.0013	0	0.0000	0
L	0.0010	0	0.0000	0
H	0.0024	0	0.0000	0
D	0.0039	0	0.0000	0
T	0.0025	0	0.0000	0
P	0.0011	0	0.0000	0
E	0.0008	0	0.0000	0
R	0.0115	0	0.0000	0
S	0.0100	0	0.0000	0
A	0.0090	0	0.0000	0
A	0.0390	0	0.0000	0
D	0.0159	0	0.0000	0
N	0.0327	0	0.0000	0
K	0.0066	0	0.0000	0
D	0.0068	0	0.0000	0
L	0.0034	0	0.0000	0
I	0.0121	0	0.0000	0
L	0.0007	0	0.0000	0
D	0.0014	0	0.0000	0
P	0.0009	0	0.0000	0
C	0.0004	0	0.0000	0
C	0.0002	0	0.0000	0
Q	0.0004	0	0.0000	0
L	0.0002	0	0.0000	0
P	0.0004	0	0.0000	0
A	0.0011	0	0.0000	0
Y	0.0059	0	0.0000	0
L	0.0042	0	0.0000	0
S	0.0172	0	0.0000	0
T	0.0322	0	0.0000	0
C	0.0259	0	0.0000	0
P	0.0266	0	0.0000	0
G	0.0054	0	0.0000	0
Q	0.0595	0	0.0000	0
S	0.0405	0	0.0000	0
S	0.0426	0	0.0000	0
S	0.0563	0	0.0000	0
L	0.0038	0	0.0000	0
A	0.0084	0	0.0000	0
V	0.0119	0	0.0000	0
T	0.0147	0	0.0000	0
K	0.0068	0	0.0000	0
T	0.0013	0	0.0000	0
N	0.0024	0	0.0000	0
S	0.0029	0	0.0000	0
D	0.0198	0	0.0000	0
I	0.0075	0	0.0000	0
L	0.0057	0	0.0000	0
P	0.0027	0	0.0000	0
P	0.0020	0	0.0000	0
Q	0.0281	0	0.0000	0
K	0.0546	0	0.0000	0
K	0.0535	0	0.0000	0
T	0.0928	0	0.0000	0
K	0.2309	0	0.0000	0
P	0.1489	0	0.0000	0
S	0.0698	0	0.0000	0
Q	0.0491	0	0.0000	0
K	0.0683	0	0.0000	0
V	0.0113	0	0.0000	0
Q	0.0888	0	0.0000	0
G	0.0033	0	0.0000	0
R	0.0512	0	0.0000	0
G	0.0031	0	0.0000	0
S	0.0275	0	0.0000	0
H	0.0299	0	0.0000	0
G	0.0149	0	0.0000	0
C	0.0038	0	0.0000	0
R	0.1651	0	0.0000	0
Q	0.0503	0	0.0000	0
Q	0.0700	0	0.0000	0
R	0.4708	1	0.0000	0
Q	0.0349	0	0.0000	0
A	0.0016	0	0.0000	0
R	0.0377	0	0.0000	0
Q	0.0030	0	0.0000	0
K	0.0234	0	0.0000	0
E	0.0111	0	0.0000	0
S	0.2315	0	0.0000	0
T	0.0267	0	0.0000	0
L	0.0058	0	0.0000	0
R	0.3005	0	0.0000	0
R	0.0673	0	0.0000	0
Q	0.0255	0	0.0000	0
E	0.0028	0	0.0000	0
R	0.1052	0	0.0000	0
K	0.0111	0	0.0000	0
N	0.0610	0	0.0000	0
A	0.0148	0	0.0000	0
A	0.0234	0	0.0000	0
L	0.0015	0	0.0000	0
V	0.0038	0	0.0000	0
T	0.0537	0	0.0000	0
R	0.1849	0	0.0000	0
M	0.0029	0	0.0000	0
K	0.2343	0	0.0000	0
A	0.1021	0	0.0000	0
Q	0.0085	0	0.0000	0
R	0.3934	1	0.0000	0
P	0.0032	0	0.0000	0
E	0.0024	0	0.0000	0
E	0.0013	0	0.0000	0
C	0.0002	0	0.0000	0
L	0.0007	0	0.0000	0
K	0.0051	0	0.0000	0
H	0.0004	0	0.0000	0
I	0.0001	0	0.0000	0
I	0.0002	0	0.0000	0
V	0.0001	0	0.0000	0
V	0.0003	0	0.0000	0
L	0.0003	0	0.0000	0
D	0.0012	0	0.0000	0
P	0.0017	0	0.0000	0
V	0.0008	0	0.0000	0
L	0.0005	0	0.0000	0
L	0.0006	0	0.0000	0
Q	0.0028	0	0.0000	0
M	0.0022	0	0.0000	0
E	0.0031	0	0.0000	0
G	0.0052	0	0.0000	0
G	0.0031	0	0.0000	0
G	0.0034	0	0.0000	0
Q	0.0016	0	0.0000	0
L	0.0003	0	0.0000	0
L	0.0117	0	0.0000	0
G	0.0110	0	0.0000	0
A	0.0019	0	0.0000	0
L	0.0009	0	0.0000	0
Q	0.0043	0	0.0000	0
T	0.0037	0	0.0000	0
M	0.0102	0	0.0000	0
E	0.0017	0	0.0000	0
C	0.0004	0	0.0000	0
R	0.0103	0	0.0000	0
C	0.0013	0	0.0000	0
V	0.0046	0	0.0000	0
I	0.0008	0	0.0000	0
E	0.0080	0	0.0000	0
A	0.0028	0	0.0000	0
Q	0.0025	0	0.0000	0
A	0.0116	0	0.0000	0
V	0.0052	0	0.0000	0
P	0.0162	0	0.0000	0
C	0.1833	0	0.0000	0
S	0.1291	0	0.0000	0
V	0.0120	0	0.0000	0
T	0.0620	0	0.0000	0
W	0.2490	0	0.0000	0
R	0.4897	1	0.0000	0
R	0.6096	1	0.0000	0
R	0.1564	0	0.0000	0
A	0.0193	0	0.0000	0
G	0.1374	0	0.0000	0
P	0.0124	0	0.0000	0
S	0.0095	0	0.0000	0
E	0.0028	0	0.0000	0
D	0.0022	0	0.0000	0
R	0.0049	0	0.0000	0
E	0.0035	0	0.0000	0
D	0.0017	0	0.0000	0
W	0.0016	0	0.0000	0
V	0.0005	0	0.0000	0
E	0.0003	0	0.0000	0
E	0.0003	0	0.0000	0
P	0.0005	0	0.0000	0
T	0.0002	0	0.0000	0
V	0.0001	0	0.0000	0
L	0.0001	0	0.0000	0
V	0.0002	0	0.0000	0
L	0.0003	0	0.0000	0
L	0.0002	0	0.0000	0
R	0.0004	0	0.0000	0
A	0.0003	0	0.0000	0
E	0.0005	0	0.0000	0
A	0.0003	0	0.0000	0
F	0.0003	0	0.0000	0
V	0.0009	0	0.0000	0
S	0.0074	0	0.0000	0
M	0.0015	0	0.0000	0
I	0.0007	0	0.0000	0
D	0.0037	0	0.0000	0
N	0.0021	0	0.0000	0
G	0.0018	0	0.0000	0
K	0.0095	0	0.0000	0
Q	0.0032	0	0.0000	0
G	0.0027	0	0.0000	0
S	0.0058	0	0.0000	0
L	0.0029	0	0.0000	0
D	0.0065	0	0.0000	0
S	0.0112	0	0.0000	0
T	0.0103	0	0.0000	0
M	0.0032	0	0.0000	0
K	0.0040	0	0.0000	0
G	0.0034	0	0.0000	0
K	0.0085	0	0.0000	0
E	0.0052	0	0.0000	0
T	0.0635	0	0.0000	0
L	0.0026	0	0.0000	0
Q	0.0094	0	0.0000	0
G	0.0030	0	0.0000	0
F	0.0011	0	0.0000	0
V	0.0003	0	0.0000	0
T	0.0101	0	0.0000	0
D	0.0192	0	0.0000	0
I	0.0023	0	0.0000	0
T	0.1916	0	0.0000	0
A	0.1615	0	0.0000	0
K	0.1545	0	0.0000	0
T	0.0411	0	0.0000	0
A	0.0064	0	0.0000	0
G	0.0114	0	0.0000	0
K	0.0022	0	0.0000	0
A	0.0142	0	0.0000	0
L	0.0007	0	0.0000	0
S	0.0004	0	0.0000	0
L	0.0003	0	0.0000	0
V	0.0001	0	0.0000	0
I	0.0002	0	0.0000	0
V	0.0003	0	0.0000	0
D	0.0019	0	0.0000	0
Q	0.0157	0	0.0000	0
E	0.0513	0	0.0000	0
K	0.5490	1	0.0000	0
C	0.0160	0	0.0000	0
F	0.0189	0	0.0000	0
S	0.6765	1	0.0000	0
A	0.3505	1	0.0000	0
Q	0.1196	0	0.0000	0
N	0.1883	0	0.0000	0
P	0.5682	1	0.0000	0
P	0.0139	0	0.0000	0
R	0.2779	0	0.0000	0
R	0.0094	0	0.0000	0
G	0.1099	0	0.0000	0
K	0.1484	0	0.0000	0
Q	0.0970	0	0.0000	0
G	0.0868	0	0.0000	0
A	0.2211	0	0.0000	0
N	0.1358	0	0.0000	0
K	0.5433	1	0.0000	0
Q	0.4291	1	0.0000	0
T	0.4689	1	0.0000	0
K	0.4470	1	0.0000	0
K	0.5902	1	0.0000	0
Q	0.7919	1	0.0000	0
Q	0.6232	1	0.0000	0
Q	0.8845	1	0.0000	0
R	0.8580	1	0.0000	0
Q	0.5564	1	0.0000	0
P	0.4543	1	0.0000	0
E	0.1337	0	0.0000	0
A	0.0513	0	0.0000	0
S	0.1464	0	0.0000	0
I	0.0138	0	0.0000	0
G	0.0149	0	0.0000	0
S	0.0053	0	0.0000	0
M	0.0130	0	0.0000	0
V	0.0082	0	0.0000	0
S	0.0297	0	0.0000	0
R	0.0711	0	0.0000	0
V	0.0006	0	0.0000	0
D	0.0004	0	0.0000	0
A	0.0002	0	0.0000	0
E	0.0007	0	0.0000	0
E	0.0003	0	0.0000	0
A	0.0001	0	0.0000	0
L	0.0001	0	0.0000	0
V	0.0001	0	0.0000	0
D	0.0004	0	0.0000	0
L	0.0001	0	0.0000	0
Q	0.0002	0	0.0000	0
L	0.0001	0	0.0000	0
H	0.0004	0	0.0000	0
T	0.0006	0	0.0000	0
E	0.0004	0	0.0000	0
A	0.0001	0	0.0000	0
Q	0.0003	0	0.0000	0
A	0.0001	0	0.0000	0
Q	0.0009	0	0.0000	0
I	0.0018	0	0.0000	0
V	0.0267	0	0.0000	0
Q	0.1134	0	0.0000	0
S	0.0161	0	0.0000	0
W	0.0042	0	0.0000	0
K	0.0176	0	0.0000	0
E	0.0014	0	0.0000	0
L	0.0004	0	0.0000	0
A	0.0002	0	0.0000	0
D	0.0017	0	0.0000	0
F	0.0036	0	0.0000	0
T	0.0002	0	0.0000	0
C	0.0002	0	0.0000	0
A	0.0014	0	0.0000	0
F	0.0003	0	0.0000	0
T	0.0026	0	0.0000	0
K	0.0184	0	0.0000	0
A	0.0005	0	0.0000	0
V	0.0001	0	0.0000	0
A	0.0006	0	0.0000	0
E	0.0023	0	0.0000	0
A	0.0005	0	0.0000	0
P	0.0007	0	0.0000	0
F	0.0022	0	0.0000	0
K	0.1518	0	0.0000	0
K	0.1896	0	0.0000	0
L	0.0097	0	0.0000	0
R	0.1654	0	0.0000	0
D	0.0141	0	0.0000	0
E	0.0110	0	0.0000	0
T	0.0044	0	0.0000	0
T	0.0113	0	0.0000	0
F	0.0028	0	0.0000	0
S	0.0081	0	0.0000	0
F	0.0068	0	0.0000	0
C	0.0130	0	0.0000	0
L	0.0238	0	0.0000	0
E	0.0076	0	0.0000	0
S	0.0063	0	0.0000	0
D	0.0129	0	0.0000	0
W	0.0395	0	0.0000	0
A	0.0485	0	0.0000	0
G	0.0716	0	0.0000	0
G	0.0234	0	0.0000	0
V	0.0090	0	0.0000	0
K	0.4977	1	0.0000	0
V	0.0378	0	0.0000	0
D	0.2625	0	0.0000	0
L	0.5105	1	0.0000	0
A	0.6073	1	0.0000	0
G	0.3646	1	0.0000	0
R	0.6271	1	0.0000	0
G	0.3185	0	0.0000	0
L	0.1340	0	0.0000	0
A	0.4369	1	0.0000	0
L	0.1663	0	0.0000	0
V	0.0091	0	0.0000	0
W	0.3152	0	0.0000	0
R	0.0929	0	0.0000	0
R	0.4539	1	0.0000	0
Q	0.1086	0	0.0000	0
I	0.0014	0	0.0000	0
Q	0.5111	1	0.0000	0
Q	0.3629	1	0.0000	0
L	0.0013	0	0.0000	0
N	0.0018	0	0.0000	0
R	0.0151	0	0.0000	0
V	0.0026	0	0.0000	0
S	0.1905	0	0.0000	0
L	0.3612	1	0.0000	0
E	0.0491	0	0.0000	0
M	0.0118	0	0.0000	0
A	0.0020	0	0.0000	0
S	0.0010	0	0.0000	0
A	0.0004	0	0.0000	0
V	0.0003	0	0.0000	0
V	0.0003	0	0.0000	0
N	0.0025	0	0.0000	0
A	0.0067	0	0.0000	0
Y	0.0419	0	0.0000	0
P	0.0010	0	0.0000	0
S	0.0034	0	0.0000	0
P	0.0010	0	0.0000	0
Q	0.0028	0	0.0000	0
L	0.0011	0	0.0000	0
L	0.0001	0	0.0000	0
V	0.0015	0	0.0000	0
Q	0.0063	0	0.0000	0
A	0.0005	0	0.0000	0
Y	0.0004	0	0.0000	0
Q	0.0005	0	0.0000	0
Q	0.0004	0	0.0000	0
C	0.0003	0	0.0000	0
F	0.0008	0	0.0000	0
S	0.0016	0	0.0000	0
D	0.0020	0	0.0000	0
K	0.0106	0	0.0000	0
E	0.0027	0	0.0000	0
R	0.0023	0	0.0000	0
Q	0.0006	0	0.0000	0
N	0.0002	0	0.0000	0
L	0.0001	0	0.0000	0
L	0.0001	0	0.0000	0
A	0.0003	0	0.0000	0
D	0.0003	0	0.0000	0
I	0.0002	0	0.0000	0
Q	0.0177	0	0.0000	0
V	0.0030	0	0.0000	0
R	0.0576	0	0.0000	0
R	0.4202	1	0.0000	0
G	0.2959	0	0.0000	0
E	0.1774	0	0.0000	0
G	0.0191	0	0.0000	0
V	0.0116	0	0.0000	0
T	0.0169	0	0.0000	0
S	0.0809	0	0.0000	0
T	0.2060	0	0.0000	0
S	0.0763	0	0.0000	0
R	0.7779	1	0.0000	0
R	0.8771	1	0.0000	0
I	0.4885	1	0.0000	0
G	0.4876	1	0.0000	0
P	0.7336	1	0.0000	0
E	0.3522	1	0.0000	0
L	0.0845	0	0.0000	0
S	0.2081	0	0.0000	0
R	0.3138	0	0.0000	0
R	0.1831	0	0.0000	0
I	0.0004	0	0.0000	0
Y	0.0516	0	0.0000	0
L	0.0054	0	0.0000	0
Q	0.0007	0	0.0000	0
M	0.0009	0	0.0000	0
T	0.0027	0	0.0000	0
T	0.0023	0	0.0000	0
L	0.0189	0	0.0000	0
Q	0.0123	0	0.0000	0
P	0.0011	0	0.0000	0
H	0.0033	0	0.0000	0
L	0.0007	0	0.0000	0
S	0.0003	0	0.0000	0
L	0.0004	0	0.0000	0
D	0.0055	0	0.0000	0
S	0.0123	0	0.0000	0
A	0.0109	0	0.0000	0
D	0.0179	0	0.0000	0
</pre></body></html>