<html><head></head><body><pre style="word-wrap: break-word; white-space: pre-wrap;">&gt;P23511
Amino Acid	probability_DNA	binary_DNA	probability_RNA	binary_RNA
M	0.0001	0	0.0817	0
E	0.0000	0	0.0103	0
Q	0.0000	0	0.0047	0
Y	0.0000	0	0.0043	0
T	0.0000	0	0.0073	0
A	0.0000	0	0.0009	0
N	0.0000	0	0.0030	0
S	0.0000	0	0.0026	0
N	0.0000	0	0.0041	0
S	0.0000	0	0.0060	0
S	0.0000	0	0.0050	0
T	0.0000	0	0.0137	0
E	0.0000	0	0.0100	0
Q	0.0000	0	0.0164	0
I	0.0000	0	0.0003	0
V	0.0000	0	0.0002	0
V	0.0000	0	0.0001	0
Q	0.0000	0	0.0007	0
A	0.0000	0	0.0006	0
G	0.0000	0	0.0008	0
Q	0.0000	0	0.0009	0
I	0.0000	0	0.0004	0
Q	0.0000	0	0.0008	0
Q	0.0000	0	0.0014	0
Q	0.0000	0	0.0018	0
Q	0.0000	0	0.0021	0
Q	0.0000	0	0.0026	0
G	0.0000	0	0.0016	0
G	0.0000	0	0.0023	0
V	0.0000	0	0.0020	0
T	0.0000	0	0.0062	0
A	0.0000	0	0.0033	0
V	0.0000	0	0.0045	0
Q	0.0000	0	0.0029	0
L	0.0000	0	0.0010	0
Q	0.0000	0	0.0015	0
T	0.0000	0	0.0015	0
E	0.0000	0	0.0008	0
A	0.0000	0	0.0006	0
Q	0.0000	0	0.0006	0
V	0.0000	0	0.0006	0
A	0.0000	0	0.0006	0
S	0.0000	0	0.0008	0
A	0.0000	0	0.0008	0
S	0.0000	0	0.0014	0
G	0.0000	0	0.0011	0
Q	0.0000	0	0.0017	0
Q	0.0000	0	0.0055	0
V	0.0000	0	0.0013	0
Q	0.0000	0	0.0024	0
T	0.0000	0	0.0013	0
L	0.0000	0	0.0007	0
Q	0.0000	0	0.0007	0
V	0.0000	0	0.0005	0
V	0.0000	0	0.0003	0
Q	0.0000	0	0.0011	0
G	0.0000	0	0.0019	0
Q	0.0000	0	0.0012	0
P	0.0000	0	0.0014	0
L	0.0000	0	0.0007	0
M	0.0000	0	0.0011	0
V	0.0000	0	0.0004	0
Q	0.0000	0	0.0017	0
V	0.0000	0	0.0008	0
S	0.0000	0	0.0044	0
G	0.0000	0	0.0050	0
G	0.0000	0	0.0010	0
Q	0.0000	0	0.0015	0
L	0.0000	0	0.0003	0
I	0.0000	0	0.0007	0
T	0.0000	0	0.0007	0
S	0.0000	0	0.0005	0
T	0.0000	0	0.0005	0
G	0.0000	0	0.0005	0
Q	0.0000	0	0.0006	0
P	0.0000	0	0.0018	0
I	0.0000	0	0.0006	0
M	0.0000	0	0.0021	0
V	0.0000	0	0.0009	0
Q	0.0000	0	0.0048	0
A	0.0000	0	0.0038	0
V	0.0000	0	0.0084	0
P	0.0000	0	0.0430	0
G	0.0000	0	0.0468	0
G	0.0000	0	0.0172	0
Q	0.0000	0	0.0121	0
G	0.0000	0	0.0071	0
Q	0.0000	0	0.0031	0
T	0.0000	0	0.0019	0
I	0.0000	0	0.0006	0
M	0.0000	0	0.0027	0
Q	0.0000	0	0.0048	0
V	0.0000	0	0.0005	0
P	0.0000	0	0.0007	0
V	0.0000	0	0.0006	0
S	0.0000	0	0.0016	0
G	0.0000	0	0.0049	0
T	0.0004	0	0.1043	0
Q	0.0012	0	0.1555	1
G	0.0001	0	0.0184	0
L	0.0000	0	0.0064	0
Q	0.0003	0	0.0976	0
Q	0.0001	0	0.0167	0
I	0.0000	0	0.0005	0
Q	0.0000	0	0.0029	0
L	0.0000	0	0.0029	0
V	0.0000	0	0.0287	0
P	0.0000	0	0.0256	0
P	0.0000	0	0.0037	0
G	0.0000	0	0.0053	0
Q	0.0001	0	0.0047	0
I	0.0000	0	0.0003	0
Q	0.0000	0	0.0015	0
I	0.0000	0	0.0001	0
Q	0.0000	0	0.0012	0
G	0.0000	0	0.0014	0
G	0.0000	0	0.0002	0
Q	0.0000	0	0.0002	0
A	0.0000	0	0.0003	0
V	0.0000	0	0.0004	0
Q	0.0000	0	0.0015	0
V	0.0000	0	0.0007	0
Q	0.0000	0	0.0109	0
G	0.0001	0	0.0562	0
Q	0.0003	0	0.1354	0
Q	0.0002	0	0.0714	0
G	0.0000	0	0.0055	0
Q	0.0000	0	0.0097	0
T	0.0000	0	0.0060	0
Q	0.0000	0	0.0052	0
Q	0.0000	0	0.0044	0
I	0.0000	0	0.0001	0
I	0.0000	0	0.0001	0
I	0.0000	0	0.0004	0
Q	0.0001	0	0.0154	0
Q	0.0001	0	0.0081	0
P	0.0000	0	0.0018	0
Q	0.0000	0	0.0042	0
T	0.0000	0	0.0032	0
A	0.0000	0	0.0020	0
V	0.0000	0	0.0011	0
T	0.0000	0	0.0054	0
A	0.0000	0	0.0033	0
G	0.0001	0	0.0129	0
Q	0.0001	0	0.0186	0
T	0.0002	0	0.0252	0
Q	0.0000	0	0.0057	0
T	0.0000	0	0.0013	0
Q	0.0000	0	0.0020	0
Q	0.0000	0	0.0005	0
Q	0.0000	0	0.0005	0
I	0.0000	0	0.0001	0
A	0.0000	0	0.0001	0
V	0.0000	0	0.0001	0
Q	0.0000	0	0.0001	0
G	0.0000	0	0.0001	0
Q	0.0000	0	0.0001	0
Q	0.0000	0	0.0001	0
V	0.0000	0	0.0001	0
A	0.0000	0	0.0002	0
Q	0.0000	0	0.0013	0
T	0.0003	0	0.0060	0
A	0.0000	0	0.0009	0
E	0.0000	0	0.0024	0
G	0.0000	0	0.0015	0
Q	0.0001	0	0.0018	0
T	0.0001	0	0.0016	0
I	0.0000	0	0.0001	0
V	0.0000	0	0.0001	0
Y	0.0000	0	0.0003	0
Q	0.0000	0	0.0009	0
P	0.0000	0	0.0007	0
V	0.0000	0	0.0003	0
N	0.0000	0	0.0020	0
A	0.0000	0	0.0007	0
D	0.0000	0	0.0032	0
G	0.0000	0	0.0035	0
T	0.0000	0	0.0013	0
I	0.0000	0	0.0009	0
L	0.0000	0	0.0017	0
Q	0.0000	0	0.0066	0
Q	0.0000	0	0.0132	0
V	0.0000	0	0.0026	0
T	0.0000	0	0.0021	0
V	0.0000	0	0.0009	0
P	0.0000	0	0.0013	0
V	0.0000	0	0.0031	0
S	0.0000	0	0.0027	0
G	0.0000	0	0.0021	0
M	0.0000	0	0.0044	0
I	0.0000	0	0.0021	0
T	0.0000	0	0.0312	0
I	0.0001	0	0.0469	0
P	0.0000	0	0.0116	0
A	0.0000	0	0.0023	0
A	0.0000	0	0.0009	0
S	0.0000	0	0.0010	0
L	0.0000	0	0.0009	0
A	0.0000	0	0.0008	0
G	0.0000	0	0.0016	0
A	0.0000	0	0.0006	0
Q	0.0000	0	0.0008	0
I	0.0000	0	0.0002	0
V	0.0000	0	0.0009	0
Q	0.0000	0	0.0038	0
T	0.0000	0	0.0021	0
G	0.0000	0	0.0027	0
A	0.0000	0	0.0019	0
N	0.0000	0	0.0068	0
T	0.0001	0	0.0108	0
N	0.0001	0	0.0100	0
T	0.0001	0	0.0052	0
T	0.0000	0	0.0044	0
S	0.0000	0	0.0098	0
S	0.0001	0	0.0156	0
G	0.0000	0	0.0060	0
Q	0.0000	0	0.0097	0
G	0.0000	0	0.0053	0
T	0.0000	0	0.0038	0
V	0.0000	0	0.0018	0
T	0.0000	0	0.0044	0
V	0.0000	0	0.0006	0
T	0.0000	0	0.0007	0
L	0.0000	0	0.0002	0
P	0.0000	0	0.0003	0
V	0.0000	0	0.0002	0
A	0.0000	0	0.0002	0
G	0.0000	0	0.0006	0
N	0.0000	0	0.0012	0
V	0.0000	0	0.0009	0
V	0.0000	0	0.0015	0
N	0.0000	0	0.0032	0
S	0.0000	0	0.0278	0
G	0.0000	0	0.0140	0
G	0.0000	0	0.0267	0
M	0.0000	0	0.0196	0
V	0.0001	0	0.0378	0
M	0.0001	0	0.0573	0
M	0.0000	0	0.0129	0
V	0.0002	0	0.1201	0
P	0.0001	0	0.0187	0
G	0.0001	0	0.0285	0
A	0.0000	0	0.0106	0
G	0.0001	0	0.0131	0
S	0.0000	0	0.0046	0
V	0.0000	0	0.0036	0
P	0.0000	0	0.0030	0
A	0.0000	0	0.0047	0
I	0.0000	0	0.0011	0
Q	0.0000	0	0.0017	0
R	0.0002	0	0.0482	0
I	0.0001	0	0.0092	0
P	0.0000	0	0.0052	0
L	0.0000	0	0.0025	0
P	0.0000	0	0.0017	0
G	0.0000	0	0.0098	0
A	0.0000	0	0.0026	0
E	0.0000	0	0.0011	0
M	0.0000	0	0.0007	0
L	0.0000	0	0.0010	0
E	0.0000	0	0.0025	0
E	0.0000	0	0.0048	0
E	0.0000	0	0.0154	0
P	0.0000	0	0.0258	0
L	0.0001	0	0.2296	1
Y	0.0004	0	0.9248	1
V	0.0002	0	0.2104	1
N	0.0005	0	0.6753	1
A	0.0010	0	0.3761	1
K	0.0019	0	0.5157	1
Q	0.0018	0	0.2898	1
Y	0.0367	0	0.5192	1
H	0.0172	0	0.4955	1
R	0.0064	0	0.4458	1
I	0.0004	0	0.0696	0
L	0.0000	0	0.0061	0
K	0.0004	0	0.2976	1
R	0.0006	0	0.1599	1
R	0.0029	0	0.3365	1
Q	0.0001	0	0.0047	0
A	0.0001	0	0.0079	0
R	0.0052	0	0.3922	1
A	0.0002	0	0.0386	0
K	0.0003	0	0.0697	0
L	0.0000	0	0.0022	0
E	0.0000	0	0.0005	0
A	0.0000	0	0.0006	0
E	0.0000	0	0.0008	0
G	0.0000	0	0.0006	0
K	0.0000	0	0.0036	0
I	0.0000	0	0.0003	0
P	0.0001	0	0.0039	0
K	0.0003	0	0.0779	0
E	0.0000	0	0.0043	0
R	0.0009	0	0.1288	0
R	0.0024	0	0.1485	0
K	0.0028	0	0.2026	1
Y	0.0878	0	0.5334	1
L	0.0015	0	0.0502	0
H	0.0324	0	0.3154	1
E	0.0105	0	0.1562	1
S	0.0349	0	0.2136	1
R	0.5533	1	0.4361	1
H	0.4246	1	0.5159	1
R	0.1617	0	0.1783	1
H	0.4384	1	0.4573	1
A	0.0103	0	0.1244	0
M	0.0022	0	0.0617	0
A	0.0509	0	0.2089	1
R	0.1098	0	0.1700	1
K	0.0006	0	0.0030	0
R	0.0986	0	0.2205	1
G	0.0518	0	0.1035	0
E	0.1622	0	0.2861	1
G	0.6761	1	0.5579	1
G	0.5611	1	0.6056	1
R	0.6031	1	0.7069	1
F	0.2065	0	0.4837	1
F	0.0099	0	0.2814	1
S	0.0153	0	0.3419	1
P	0.0112	0	0.1214	0
K	0.0015	0	0.0149	0
E	0.0001	0	0.0004	0
K	0.0002	0	0.0029	0
D	0.0000	0	0.0009	0
S	0.0000	0	0.0007	0
P	0.0000	0	0.0006	0
H	0.0000	0	0.0008	0
M	0.0000	0	0.0003	0
Q	0.0000	0	0.0003	0
D	0.0000	0	0.0000	0
P	0.0000	0	0.0000	0
N	0.0000	0	0.0000	0
Q	0.0000	0	0.0000	0
A	0.0000	0	0.0000	0
D	0.0000	0	0.0000	0
E	0.0000	0	0.0000	0
E	0.0000	0	0.0000	0
A	0.0000	0	0.0000	0
M	0.0001	0	0.0001	0
T	0.0001	0	0.0001	0
Q	0.0001	0	0.0002	0
I	0.0000	0	0.0000	0
I	0.0000	0	0.0000	0
R	0.0000	0	0.0001	0
V	0.0000	0	0.0001	0
S	0.0009	0	0.0021	0
</pre></body></html>