<html><head></head><body><pre style="word-wrap: break-word; white-space: pre-wrap;">&gt;P82413
Amino Acid	probability_DNA	binary_DNA	probability_RNA	binary_RNA
M	0.0002	0	0.7948	1
A	0.0001	0	0.2765	1
S	0.0001	0	0.1806	1
K	0.0000	0	0.0499	0
V	0.0000	0	0.0007	0
L	0.0000	0	0.0007	0
P	0.0000	0	0.0107	0
Q	0.0000	0	0.0088	0
A	0.0000	0	0.0009	0
L	0.0000	0	0.0012	0
L	0.0000	0	0.0050	0
V	0.0000	0	0.0007	0
I	0.0000	0	0.0009	0
P	0.0000	0	0.0094	0
S	0.0000	0	0.2434	1
N	0.0000	0	0.0383	0
H	0.0000	0	0.0374	0
S	0.0000	0	0.0434	0
L	0.0000	0	0.2213	1
Q	0.0000	0	0.0902	0
C	0.0000	0	0.0164	0
P	0.0000	0	0.0278	0
P	0.0000	0	0.0198	0
L	0.0000	0	0.0079	0
K	0.0000	0	0.1575	1
K	0.0000	0	0.2840	1
Q	0.0000	0	0.5452	1
L	0.0000	0	0.0092	0
G	0.0000	0	0.1472	0
F	0.0000	0	0.0963	0
P	0.0000	0	0.1083	0
I	0.0000	0	0.0811	0
D	0.0000	0	0.1359	0
S	0.0000	0	0.0690	0
N	0.0000	0	0.2596	1
R	0.0001	0	0.2744	1
R	0.0001	0	0.3612	1
F	0.0001	0	0.2525	1
S	0.0000	0	0.0995	0
L	0.0000	0	0.0452	0
S	0.0000	0	0.1590	1
S	0.0000	0	0.0485	0
N	0.0000	0	0.0429	0
C	0.0000	0	0.0038	0
R	0.0000	0	0.0393	0
S	0.0000	0	0.1124	0
N	0.0000	0	0.1776	1
L	0.0000	0	0.0055	0
M	0.0000	0	0.2479	1
V	0.0000	0	0.0829	0
S	0.0002	0	0.4221	1
R	0.0005	0	0.6890	1
A	0.0000	0	0.0750	0
S	0.0001	0	0.2762	1
S	0.0000	0	0.1071	0
N	0.0003	0	0.4583	1
L	0.0005	0	0.4906	1
F	0.0003	0	0.2999	1
S	0.0003	0	0.3970	1
S	0.0002	0	0.2883	1
N	0.0004	0	0.3155	1
F	0.0000	0	0.0670	0
S	0.0000	0	0.0151	0
S	0.0000	0	0.0238	0
I	0.0000	0	0.0017	0
F	0.0000	0	0.0039	0
S	0.0000	0	0.0103	0
F	0.0000	0	0.0084	0
P	0.0000	0	0.1089	0
A	0.0000	0	0.1125	0
R	0.0000	0	0.2625	1
N	0.0000	0	0.0819	0
S	0.0000	0	0.0105	0
F	0.0000	0	0.0037	0
V	0.0000	0	0.0010	0
V	0.0000	0	0.0004	0
R	0.0000	0	0.0080	0
S	0.0000	0	0.0016	0
E	0.0000	0	0.0014	0
A	0.0000	0	0.0010	0
E	0.0000	0	0.0006	0
D	0.0000	0	0.0004	0
S	0.0000	0	0.0003	0
S	0.0000	0	0.0004	0
D	0.0000	0	0.0003	0
A	0.0000	0	0.0003	0
P	0.0000	0	0.0002	0
A	0.0000	0	0.0002	0
E	0.0000	0	0.0002	0
S	0.0000	0	0.0002	0
V	0.0000	0	0.0004	0
A	0.0000	0	0.0003	0
V	0.0000	0	0.0003	0
V	0.0000	0	0.0004	0
A	0.0000	0	0.0003	0
E	0.0000	0	0.0003	0
E	0.0000	0	0.0003	0
E	0.0000	0	0.0002	0
L	0.0000	0	0.0003	0
P	0.0000	0	0.0002	0
V	0.0000	0	0.0003	0
E	0.0000	0	0.0004	0
S	0.0000	0	0.0007	0
E	0.0000	0	0.0010	0
A	0.0000	0	0.0006	0
E	0.0000	0	0.0009	0
A	0.0000	0	0.0006	0
E	0.0000	0	0.0010	0
E	0.0000	0	0.0023	0
R	0.0000	0	0.0161	0
P	0.0000	0	0.0067	0
P	0.0000	0	0.0074	0
R	0.0000	0	0.0711	0
Q	0.0000	0	0.0284	0
Q	0.0000	0	0.0429	0
R	0.0004	0	0.3939	1
V	0.0005	0	0.3179	1
K	0.0004	0	0.3341	1
L	0.0000	0	0.0234	0
G	0.0004	0	0.3999	1
D	0.0000	0	0.0568	0
I	0.0000	0	0.0037	0
M	0.0000	0	0.0466	0
G	0.0000	0	0.0236	0
I	0.0000	0	0.0050	0
L	0.0000	0	0.0011	0
N	0.0000	0	0.0017	0
K	0.0000	0	0.0027	0
K	0.0000	0	0.0018	0
A	0.0000	0	0.0007	0
V	0.0000	0	0.0023	0
H	0.0000	0	0.0024	0
A	0.0000	0	0.0020	0
A	0.0000	0	0.0067	0
E	0.0000	0	0.0066	0
E	0.0000	0	0.0056	0
L	0.0000	0	0.2094	1
R	0.0000	0	0.0763	0
P	0.0000	0	0.0092	0
V	0.0000	0	0.0076	0
P	0.0000	0	0.0020	0
G	0.0000	0	0.0041	0
I	0.0000	0	0.0074	0
R	0.0001	0	0.3491	1
T	0.0001	0	0.1851	1
G	0.0000	0	0.0423	0
D	0.0000	0	0.0520	0
I	0.0000	0	0.0441	0
V	0.0000	0	0.0014	0
Q	0.0000	0	0.0678	0
I	0.0000	0	0.0007	0
R	0.0000	0	0.0028	0
L	0.0000	0	0.0028	0
E	0.0000	0	0.0053	0
V	0.0000	0	0.0014	0
P	0.0000	0	0.0276	0
E	0.0000	0	0.0118	0
N	0.0000	0	0.0153	0
K	0.0000	0	0.0219	0
R	0.0000	0	0.0126	0
R	0.0002	0	0.3215	1
L	0.0000	0	0.0081	0
S	0.0000	0	0.0163	0
V	0.0000	0	0.0257	0
Y	0.0000	0	0.0015	0
K	0.0000	0	0.0064	0
G	0.0000	0	0.0011	0
I	0.0000	0	0.0014	0
V	0.0000	0	0.0006	0
I	0.0000	0	0.0024	0
S	0.0000	0	0.0089	0
R	0.0001	0	0.2265	1
Q	0.0010	0	0.3546	1
N	0.0005	0	0.2672	1
A	0.0003	0	0.1812	1
G	0.0001	0	0.1025	0
I	0.0000	0	0.0108	0
H	0.0000	0	0.0326	0
T	0.0000	0	0.0143	0
T	0.0000	0	0.0249	0
I	0.0000	0	0.0091	0
R	0.0000	0	0.0158	0
I	0.0000	0	0.0013	0
R	0.0000	0	0.0257	0
R	0.0000	0	0.0049	0
I	0.0000	0	0.0010	0
I	0.0000	0	0.0016	0
A	0.0000	0	0.0044	0
G	0.0000	0	0.0278	0
V	0.0000	0	0.0027	0
G	0.0000	0	0.0019	0
V	0.0000	0	0.0208	0
E	0.0001	0	0.3141	1
I	0.0000	0	0.0714	0
V	0.0000	0	0.0321	0
F	0.0000	0	0.0031	0
P	0.0000	0	0.0170	0
L	0.0000	0	0.0034	0
Y	0.0000	0	0.1203	0
S	0.0000	0	0.0530	0
P	0.0000	0	0.0174	0
N	0.0000	0	0.1196	0
I	0.0000	0	0.0193	0
K	0.0000	0	0.0416	0
E	0.0000	0	0.0532	0
I	0.0000	0	0.0038	0
K	0.0000	0	0.0149	0
V	0.0000	0	0.0060	0
V	0.0000	0	0.0411	0
S	0.0001	0	0.3152	1
H	0.0003	0	0.3794	1
R	0.0006	0	0.4120	1
K	0.0015	0	0.6907	1
V	0.0001	0	0.1242	0
R	0.0043	0	0.7058	1
K	0.0122	0	0.4646	1
A	0.0005	0	0.1300	0
R	0.0762	0	0.5717	1
L	0.0103	0	0.1914	1
Y	0.2874	0	0.5126	1
Y	0.1529	0	0.5030	1
L	0.0001	0	0.0024	0
R	0.2085	0	0.6376	1
D	0.0085	0	0.0841	0
K	0.0080	0	0.1643	1
L	0.0054	0	0.2100	1
P	0.0032	0	0.1122	0
R	0.0082	0	0.3133	1
L	0.0018	0	0.0858	0
S	0.0011	0	0.0905	0
T	0.0078	0	0.4855	1
F	0.0002	0	0.0421	0
K	0.0019	0	0.3575	1
</pre></body></html>