<html><head></head><body><pre style="word-wrap: break-word; white-space: pre-wrap;">&gt;Q8TVD2
Amino Acid	probability_DNA	binary_DNA	probability_RNA	binary_RNA
M	0.0469	0	0.5021	1
E	0.0737	0	0.6223	1
L	0.0016	0	0.0143	0
K	0.1199	0	0.5077	1
F	0.0711	0	0.1787	1
S	0.0796	0	0.1732	1
A	0.0018	0	0.0036	0
E	0.0205	0	0.1598	1
V	0.0003	0	0.0015	0
E	0.0043	0	0.0314	0
L	0.0001	0	0.0006	0
T	0.0198	0	0.1779	1
L	0.0013	0	0.0036	0
S	0.0394	0	0.0912	0
R	0.0250	0	0.0173	0
E	0.0004	0	0.0002	0
V	0.0001	0	0.0001	0
D	0.0000	0	0.0001	0
P	0.0000	0	0.0000	0
A	0.0000	0	0.0000	0
E	0.0000	0	0.0000	0
I	0.0000	0	0.0001	0
E	0.0001	0	0.0018	0
P	0.0001	0	0.0010	0
T	0.0000	0	0.0001	0
V	0.0000	0	0.0001	0
E	0.0000	0	0.0004	0
E	0.0000	0	0.0001	0
F	0.0000	0	0.0000	0
V	0.0000	0	0.0000	0
K	0.0000	0	0.0003	0
E	0.0000	0	0.0001	0
A	0.0000	0	0.0001	0
N	0.0001	0	0.0022	0
E	0.0002	0	0.0022	0
D	0.0004	0	0.0066	0
L	0.0000	0	0.0003	0
L	0.0000	0	0.0003	0
Q	0.0003	0	0.0101	0
R	0.0002	0	0.0058	0
G	0.0000	0	0.0002	0
V	0.0000	0	0.0001	0
P	0.0000	0	0.0001	0
T	0.0000	0	0.0001	0
G	0.0000	0	0.0000	0
K	0.0000	0	0.0000	0
E	0.0001	0	0.0000	0
G	0.0001	0	0.0001	0
A	0.0001	0	0.0001	0
K	0.0011	0	0.0027	0
I	0.0003	0	0.0005	0
E	0.0683	0	0.1327	0
S	0.2523	0	0.1582	1
Y	0.1008	0	0.0441	0
Y	0.1009	0	0.0557	0
V	0.0015	0	0.0003	0
L	0.0035	0	0.0038	0
Y	0.0007	0	0.0006	0
D	0.0009	0	0.0011	0
T	0.0031	0	0.0072	0
I	0.0002	0	0.0004	0
Y	0.0292	0	0.1647	1
M	0.0003	0	0.0011	0
E	0.0315	0	0.1627	1
I	0.0013	0	0.0063	0
T	0.0969	0	0.3068	1
G	0.1136	0	0.4827	1
T	0.0892	0	0.5505	1
R	0.1959	0	0.6544	1
Y	0.2991	0	0.7157	1
L	0.0301	0	0.3923	1
R	0.0545	0	0.5813	1
P	0.0034	0	0.1904	1
H	0.0039	0	0.3719	1
E	0.0007	0	0.1397	0
A	0.0001	0	0.0225	0
A	0.0000	0	0.0025	0
M	0.0000	0	0.0056	0
R	0.0012	0	0.5242	1
V	0.0000	0	0.0030	0
R	0.0002	0	0.1344	0
K	0.0009	0	0.4804	1
R	0.0001	0	0.0496	0
L	0.0000	0	0.0099	0
A	0.0000	0	0.0210	0
E	0.0000	0	0.0464	0
R	0.0002	0	0.1951	1
L	0.0000	0	0.0135	0
G	0.0000	0	0.0510	0
R	0.0001	0	0.1944	1
K	0.0002	0	0.1005	0
H	0.0002	0	0.0509	0
R	0.0009	0	0.1912	1
V	0.0003	0	0.0444	0
G	0.0001	0	0.0157	0
V	0.0001	0	0.0100	0
R	0.0046	0	0.2507	1
D	0.0043	0	0.2345	1
L	0.0009	0	0.0214	0
K	0.0014	0	0.0400	0
I	0.0002	0	0.0035	0
P	0.0007	0	0.0153	0
R	0.0010	0	0.0189	0
Y	0.0003	0	0.0031	0
E	0.0002	0	0.0029	0
V	0.0000	0	0.0004	0
V	0.0006	0	0.0119	0
L	0.0001	0	0.0003	0
R	0.0001	0	0.0008	0
F	0.0000	0	0.0001	0
D	0.0000	0	0.0002	0
R	0.0000	0	0.0004	0
E	0.0000	0	0.0001	0
V	0.0000	0	0.0001	0
T	0.0000	0	0.0002	0
Y	0.0000	0	0.0001	0
D	0.0000	0	0.0001	0
Y	0.0000	0	0.0001	0
V	0.0000	0	0.0003	0
G	0.0000	0	0.0006	0
Y	0.0000	0	0.0003	0
V	0.0000	0	0.0003	0
P	0.0000	0	0.0002	0
V	0.0000	0	0.0004	0
A	0.0000	0	0.0001	0
D	0.0000	0	0.0002	0
D	0.0000	0	0.0006	0
V	0.0000	0	0.0000	0
V	0.0000	0	0.0002	0
V	0.0000	0	0.0001	0
E	0.0000	0	0.0002	0
D	0.0000	0	0.0001	0
G	0.0000	0	0.0001	0
T	0.0000	0	0.0001	0
V	0.0000	0	0.0001	0
R	0.0000	0	0.0007	0
L	0.0000	0	0.0001	0
T	0.0000	0	0.0003	0
F	0.0000	0	0.0001	0
Q	0.0000	0	0.0002	0
D	0.0000	0	0.0003	0
V	0.0000	0	0.0001	0
D	0.0000	0	0.0003	0
E	0.0000	0	0.0002	0
E	0.0001	0	0.0012	0
M	0.0000	0	0.0006	0
L	0.0000	0	0.0001	0
R	0.0002	0	0.0182	0
R	0.0007	0	0.0433	0
H	0.0000	0	0.0011	0
V	0.0000	0	0.0002	0
I	0.0000	0	0.0003	0
D	0.0000	0	0.0145	0
R	0.0003	0	0.3030	1
V	0.0000	0	0.0026	0
I	0.0000	0	0.0083	0
R	0.0016	0	0.4666	1
L	0.0000	0	0.0025	0
V	0.0000	0	0.0001	0
A	0.0000	0	0.0002	0
W	0.0000	0	0.0001	0
A	0.0000	0	0.0001	0
V	0.0000	0	0.0001	0
E	0.0000	0	0.0001	0
E	0.0000	0	0.0000	0
R	0.0000	0	0.0001	0
S	0.0000	0	0.0001	0
E	0.0000	0	0.0001	0
L	0.0000	0	0.0002	0
V	0.0000	0	0.0003	0
E	0.0000	0	0.0001	0
R	0.0001	0	0.0013	0
V	0.0000	0	0.0000	0
T	0.0000	0	0.0002	0
K	0.0000	0	0.0023	0
V	0.0000	0	0.0026	0
E	0.0000	0	0.0059	0
P	0.0003	0	0.0405	0
G	0.0001	0	0.0072	0
T	0.0001	0	0.0093	0
V	0.0000	0	0.0009	0
V	0.0000	0	0.0006	0
D	0.0001	0	0.0037	0
E	0.0002	0	0.0044	0
S	0.0003	0	0.0111	0
G	0.0001	0	0.0028	0
P	0.0005	0	0.0096	0
R	0.0031	0	0.0680	0
R	0.0007	0	0.0100	0
I	0.0001	0	0.0017	0
R	0.0002	0	0.0050	0
F	0.0001	0	0.0010	0
R	0.0001	0	0.0018	0
G	0.0000	0	0.0008	0
D	0.0000	0	0.0007	0
V	0.0000	0	0.0005	0
T	0.0000	0	0.0004	0
E	0.0000	0	0.0030	0
E	0.0000	0	0.0005	0
A	0.0000	0	0.0005	0
R	0.0000	0	0.0026	0
R	0.0001	0	0.0221	0
R	0.0000	0	0.0039	0
G	0.0000	0	0.0021	0
W	0.0000	0	0.0011	0
V	0.0000	0	0.0008	0
K	0.0000	0	0.0049	0
E	0.0009	0	0.0976	0
F	0.0010	0	0.0441	0
P	0.0053	0	0.2507	1
G	0.0048	0	0.2030	1
R	0.0228	0	0.3137	1
G	0.0344	0	0.3593	1
Q	0.0019	0	0.0332	0
W	0.0005	0	0.0085	0
I	0.0006	0	0.0106	0
Y	0.0004	0	0.0134	0
T	0.0021	0	0.0436	0
P	0.0015	0	0.0359	0
P	0.0005	0	0.0130	0
M	0.0001	0	0.0025	0
A	0.0000	0	0.0013	0
A	0.0001	0	0.0035	0
L	0.0000	0	0.0002	0
F	0.0000	0	0.0010	0
E	0.0005	0	0.0385	0
V	0.0001	0	0.0015	0
L	0.0000	0	0.0004	0
R	0.0001	0	0.0054	0
D	0.0057	0	0.1960	1
F	0.0001	0	0.0031	0
L	0.0000	0	0.0007	0
L	0.0020	0	0.0684	0
E	0.0021	0	0.0511	0
R	0.0001	0	0.0013	0
V	0.0000	0	0.0007	0
T	0.0000	0	0.0003	0
R	0.0001	0	0.0007	0
K	0.0001	0	0.0019	0
L	0.0000	0	0.0001	0
G	0.0000	0	0.0002	0
F	0.0000	0	0.0001	0
E	0.0000	0	0.0001	0
P	0.0001	0	0.0003	0
A	0.0000	0	0.0002	0
L	0.0003	0	0.0025	0
F	0.0001	0	0.0011	0
P	0.0001	0	0.0012	0
K	0.0001	0	0.0009	0
L	0.0000	0	0.0004	0
I	0.0001	0	0.0010	0
P	0.0013	0	0.0104	0
L	0.0005	0	0.0016	0
E	0.0001	0	0.0003	0
T	0.0001	0	0.0001	0
M	0.0000	0	0.0002	0
F	0.0007	0	0.0050	0
R	0.0002	0	0.0017	0
M	0.0000	0	0.0001	0
R	0.0000	0	0.0001	0
Y	0.0001	0	0.0004	0
L	0.0000	0	0.0001	0
H	0.0005	0	0.0015	0
G	0.0028	0	0.0041	0
L	0.0006	0	0.0008	0
P	0.0001	0	0.0002	0
D	0.0001	0	0.0002	0
G	0.0001	0	0.0001	0
M	0.0001	0	0.0001	0
Y	0.0001	0	0.0001	0
Y	0.0001	0	0.0001	0
V	0.0001	0	0.0000	0
C	0.0001	0	0.0001	0
P	0.0005	0	0.0002	0
P	0.0004	0	0.0001	0
K	0.0011	0	0.0003	0
R	0.0015	0	0.0003	0
D	0.0003	0	0.0001	0
P	0.0001	0	0.0000	0
E	0.0001	0	0.0000	0
L	0.0001	0	0.0000	0
F	0.0000	0	0.0000	0
D	0.0001	0	0.0000	0
D	0.0000	0	0.0000	0
F	0.0000	0	0.0000	0
K	0.0000	0	0.0000	0
R	0.0001	0	0.0000	0
E	0.0000	0	0.0000	0
L	0.0000	0	0.0000	0
Y	0.0001	0	0.0001	0
V	0.0001	0	0.0001	0
W	0.0000	0	0.0000	0
G	0.0001	0	0.0001	0
E	0.0000	0	0.0000	0
L	0.0000	0	0.0000	0
N	0.0001	0	0.0000	0
E	0.0000	0	0.0000	0
R	0.0000	0	0.0000	0
T	0.0000	0	0.0000	0
L	0.0000	0	0.0000	0
G	0.0000	0	0.0000	0
S	0.0000	0	0.0000	0
L	0.0000	0	0.0000	0
K	0.0000	0	0.0000	0
E	0.0000	0	0.0000	0
K	0.0000	0	0.0000	0
L	0.0000	0	0.0000	0
R	0.0000	0	0.0000	0
D	0.0000	0	0.0000	0
P	0.0000	0	0.0000	0
G	0.0000	0	0.0000	0
Y	0.0000	0	0.0000	0
V	0.0000	0	0.0000	0
L	0.0001	0	0.0001	0
A	0.0002	0	0.0000	0
P	0.0001	0	0.0000	0
A	0.0005	0	0.0003	0
Q	0.0001	0	0.0001	0
C	0.0004	0	0.0003	0
E	0.0002	0	0.0001	0
P	0.0001	0	0.0000	0
F	0.0000	0	0.0000	0
Y	0.0001	0	0.0001	0
E	0.0003	0	0.0007	0
L	0.0002	0	0.0003	0
L	0.0001	0	0.0001	0
R	0.0339	0	0.0640	0
D	0.0033	0	0.0041	0
E	0.0006	0	0.0005	0
V	0.0002	0	0.0001	0
V	0.0011	0	0.0007	0
D	0.0013	0	0.0005	0
P	0.0010	0	0.0005	0
E	0.0007	0	0.0006	0
R	0.0005	0	0.0005	0
L	0.0002	0	0.0002	0
P	0.0873	0	0.1324	0
I	0.0030	0	0.0040	0
K	0.0009	0	0.0022	0
L	0.0001	0	0.0003	0
Y	0.0000	0	0.0000	0
D	0.0000	0	0.0001	0
C	0.0000	0	0.0001	0
S	0.0036	0	0.0056	0
G	0.0063	0	0.0097	0
W	0.0033	0	0.0040	0
T	0.0043	0	0.0074	0
Y	0.0587	0	0.0619	0
R	0.3724	1	0.0740	0
W	0.0034	0	0.0009	0
E	0.0044	0	0.0026	0
G	0.0002	0	0.0001	0
G	0.0004	0	0.0006	0
A	0.0002	0	0.0002	0
A	0.0004	0	0.0008	0
K	0.0034	0	0.0112	0
G	0.0014	0	0.0049	0
L	0.0004	0	0.0010	0
E	0.0011	0	0.0033	0
R	0.0678	0	0.1528	1
V	0.0009	0	0.0010	0
N	0.0025	0	0.0076	0
E	0.0001	0	0.0003	0
F	0.0000	0	0.0001	0
Q	0.0000	0	0.0000	0
R	0.0000	0	0.0000	0
I	0.0000	0	0.0000	0
E	0.0000	0	0.0000	0
H	0.0000	0	0.0000	0
V	0.0001	0	0.0000	0
W	0.0001	0	0.0000	0
I	0.0002	0	0.0001	0
A	0.0007	0	0.0002	0
E	0.0064	0	0.0056	0
P	0.0074	0	0.0064	0
E	0.0016	0	0.0013	0
E	0.0010	0	0.0006	0
A	0.0001	0	0.0001	0
Y	0.0002	0	0.0002	0
R	0.0002	0	0.0008	0
I	0.0000	0	0.0000	0
R	0.0001	0	0.0003	0
R	0.0002	0	0.0007	0
E	0.0002	0	0.0006	0
L	0.0000	0	0.0001	0
L	0.0000	0	0.0001	0
E	0.0000	0	0.0001	0
A	0.0000	0	0.0000	0
T	0.0000	0	0.0000	0
K	0.0000	0	0.0000	0
R	0.0000	0	0.0000	0
V	0.0000	0	0.0000	0
A	0.0000	0	0.0000	0
E	0.0000	0	0.0000	0
E	0.0000	0	0.0000	0
L	0.0000	0	0.0000	0
E	0.0000	0	0.0000	0
L	0.0000	0	0.0000	0
E	0.0000	0	0.0000	0
W	0.0000	0	0.0000	0
K	0.0000	0	0.0000	0
V	0.0000	0	0.0000	0
V	0.0000	0	0.0000	0
V	0.0000	0	0.0000	0
S	0.0001	0	0.0001	0
D	0.0003	0	0.0006	0
D	0.0003	0	0.0004	0
P	0.0001	0	0.0001	0
F	0.0003	0	0.0002	0
Y	0.0002	0	0.0001	0
L	0.0002	0	0.0001	0
E	0.0001	0	0.0001	0
G	0.0002	0	0.0001	0
R	0.0001	0	0.0001	0
L	0.0001	0	0.0001	0
L	0.0001	0	0.0001	0
E	0.0000	0	0.0000	0
D	0.0001	0	0.0003	0
R	0.0004	0	0.0013	0
D	0.0000	0	0.0001	0
I	0.0000	0	0.0001	0
E	0.0002	0	0.0009	0
L	0.0001	0	0.0002	0
P	0.0002	0	0.0004	0
D	0.0001	0	0.0001	0
V	0.0002	0	0.0004	0
P	0.0002	0	0.0002	0
S	0.0018	0	0.0022	0
Y	0.0003	0	0.0002	0
E	0.0001	0	0.0001	0
F	0.0000	0	0.0000	0
E	0.0002	0	0.0003	0
V	0.0000	0	0.0000	0
Y	0.0000	0	0.0000	0
L	0.0000	0	0.0000	0
P	0.0001	0	0.0001	0
F	0.0001	0	0.0002	0
K	0.0001	0	0.0002	0
G	0.0002	0	0.0002	0
E	0.0001	0	0.0001	0
R	0.0009	0	0.0007	0
S	0.0007	0	0.0005	0
S	0.0002	0	0.0001	0
E	0.0007	0	0.0004	0
E	0.0008	0	0.0003	0
A	0.0020	0	0.0010	0
W	0.0004	0	0.0002	0
I	0.0003	0	0.0003	0
S	0.0007	0	0.0004	0
V	0.0002	0	0.0001	0
G	0.0043	0	0.0038	0
S	0.1147	0	0.1458	0
F	0.0312	0	0.0143	0
N	0.0720	0	0.0259	0
V	0.0930	0	0.0243	0
H	0.0837	0	0.0244	0
G	0.1094	0	0.0355	0
E	0.0088	0	0.0016	0
H	0.0327	0	0.0102	0
F	0.0014	0	0.0002	0
V	0.0002	0	0.0000	0
D	0.0003	0	0.0000	0
G	0.0005	0	0.0001	0
F	0.0001	0	0.0000	0
N	0.0004	0	0.0001	0
V	0.0001	0	0.0000	0
K	0.0004	0	0.0002	0
E	0.0004	0	0.0002	0
K	0.0005	0	0.0005	0
S	0.0003	0	0.0003	0
G	0.0004	0	0.0003	0
R	0.0006	0	0.0004	0
T	0.0010	0	0.0016	0
L	0.0003	0	0.0003	0
F	0.0003	0	0.0003	0
T	0.0004	0	0.0005	0
G	0.0001	0	0.0001	0
C	0.0000	0	0.0001	0
A	0.0000	0	0.0001	0
G	0.0000	0	0.0001	0
L	0.0000	0	0.0000	0
G	0.0001	0	0.0001	0
V	0.0001	0	0.0002	0
T	0.0002	0	0.0008	0
R	0.0069	0	0.0629	0
W	0.0000	0	0.0001	0
V	0.0000	0	0.0000	0
V	0.0000	0	0.0002	0
G	0.0000	0	0.0000	0
L	0.0000	0	0.0001	0
L	0.0000	0	0.0001	0
A	0.0031	0	0.0040	0
Q	0.0376	0	0.0146	0
H	0.0242	0	0.0028	0
G	0.0007	0	0.0000	0
F	0.0003	0	0.0000	0
Y	0.0003	0	0.0000	0
P	0.0007	0	0.0000	0
Y	0.0002	0	0.0000	0
E	0.0001	0	0.0000	0
W	0.0001	0	0.0000	0
P	0.0001	0	0.0000	0
E	0.0002	0	0.0000	0
P	0.0001	0	0.0000	0
I	0.0000	0	0.0000	0
L	0.0000	0	0.0000	0
E	0.0000	0	0.0000	0
R	0.0000	0	0.0000	0
I	0.0000	0	0.0000	0
D	0.0000	0	0.0000	0
E	0.0000	0	0.0000	0
K	0.0001	0	0.0000	0
F	0.0000	0	0.0000	0
G	0.0000	0	0.0000	0
G	0.0000	0	0.0000	0
L	0.0001	0	0.0001	0
P	0.0000	0	0.0000	0
E	0.0000	0	0.0000	0
V	0.0000	0	0.0000	0
P	0.0000	0	0.0001	0
K	0.0001	0	0.0012	0
T	0.0001	0	0.0022	0
L	0.0000	0	0.0013	0
T	0.0002	0	0.0128	0
W	0.0002	0	0.0074	0
P	0.0002	0	0.0031	0
E	0.0006	0	0.0094	0
</pre></body></html>