<html><head></head><body><pre style="word-wrap: break-word; white-space: pre-wrap;">&gt;Q8EFJ3
Amino Acid	probability_DNA	binary_DNA	probability_RNA	binary_RNA
M	0.2459	0	0.0117	0
T	0.0824	0	0.0028	0
E	0.1021	0	0.0032	0
A	0.0392	0	0.0007	0
E	0.0147	0	0.0004	0
Y	0.0010	0	0.0000	0
L	0.0128	0	0.0011	0
A	0.0173	0	0.0013	0
N	0.0088	0	0.0007	0
Y	0.0015	0	0.0002	0
D	0.0074	0	0.0017	0
P	0.0220	0	0.0057	0
K	0.0068	0	0.0022	0
A	0.0015	0	0.0008	0
F	0.0122	0	0.0156	0
K	0.0075	0	0.0099	0
A	0.0040	0	0.0036	0
Q	0.0008	0	0.0003	0
L	0.0010	0	0.0002	0
L	0.0003	0	0.0000	0
T	0.0057	0	0.0011	0
V	0.0008	0	0.0001	0
D	0.0007	0	0.0001	0
A	0.0001	0	0.0000	0
V	0.0000	0	0.0000	0
L	0.0000	0	0.0000	0
F	0.0000	0	0.0000	0
T	0.0000	0	0.0000	0
Y	0.0001	0	0.0000	0
H	0.0002	0	0.0001	0
D	0.0002	0	0.0000	0
Q	0.0005	0	0.0001	0
Q	0.0005	0	0.0001	0
L	0.0001	0	0.0000	0
K	0.0003	0	0.0001	0
V	0.0002	0	0.0000	0
L	0.0004	0	0.0000	0
L	0.0002	0	0.0000	0
V	0.0068	0	0.0009	0
Q	0.6245	1	0.3912	1
R	0.5433	1	0.2835	1
S	0.5200	1	0.2182	1
N	0.3327	0	0.2561	1
H	0.1807	0	0.0885	0
P	0.1005	0	0.0339	0
F	0.0878	0	0.0507	0
L	0.0855	0	0.0286	0
G	0.0947	0	0.0350	0
L	0.1711	0	0.0389	0
W	0.1591	0	0.0412	0
G	0.0548	0	0.0076	0
L	0.0188	0	0.0003	0
P	0.0019	0	0.0001	0
G	0.0058	0	0.0004	0
G	0.0042	0	0.0002	0
F	0.0028	0	0.0002	0
I	0.0001	0	0.0000	0
D	0.0004	0	0.0001	0
E	0.0006	0	0.0001	0
T	0.0029	0	0.0007	0
C	0.0007	0	0.0001	0
D	0.0003	0	0.0000	0
E	0.0052	0	0.0004	0
S	0.0023	0	0.0001	0
L	0.0006	0	0.0000	0
E	0.0002	0	0.0000	0
Q	0.0008	0	0.0000	0
T	0.0122	0	0.0003	0
V	0.0002	0	0.0000	0
L	0.0004	0	0.0000	0
R	0.1266	0	0.0212	0
K	0.0005	0	0.0000	0
L	0.0001	0	0.0000	0
A	0.0006	0	0.0000	0
E	0.0004	0	0.0000	0
K	0.0018	0	0.0000	0
T	0.0001	0	0.0000	0
A	0.0001	0	0.0000	0
V	0.0001	0	0.0000	0
V	0.0004	0	0.0000	0
P	0.0002	0	0.0000	0
P	0.0004	0	0.0000	0
Y	0.0013	0	0.0000	0
I	0.0004	0	0.0000	0
E	0.0008	0	0.0000	0
Q	0.0012	0	0.0000	0
L	0.0002	0	0.0000	0
C	0.0004	0	0.0000	0
T	0.0019	0	0.0000	0
V	0.0039	0	0.0001	0
G	0.0116	0	0.0003	0
N	0.0920	0	0.0024	0
N	0.2587	0	0.0153	0
S	0.3001	0	0.0131	0
R	0.1997	0	0.0080	0
D	0.0326	0	0.0015	0
A	0.1952	0	0.0090	0
R	0.4142	1	0.0143	0
G	0.0928	0	0.0006	0
W	0.0533	0	0.0003	0
S	0.0098	0	0.0000	0
V	0.0013	0	0.0000	0
T	0.0023	0	0.0000	0
V	0.0004	0	0.0000	0
C	0.0002	0	0.0000	0
Y	0.0004	0	0.0000	0
T	0.0002	0	0.0000	0
A	0.0001	0	0.0000	0
L	0.0002	0	0.0000	0
M	0.0001	0	0.0000	0
S	0.0004	0	0.0000	0
Y	0.0003	0	0.0000	0
Q	0.0002	0	0.0000	0
A	0.0001	0	0.0000	0
C	0.0001	0	0.0000	0
Q	0.0002	0	0.0000	0
I	0.0003	0	0.0000	0
Q	0.0003	0	0.0000	0
I	0.0004	0	0.0000	0
A	0.0004	0	0.0000	0
S	0.0011	0	0.0000	0
V	0.0007	0	0.0000	0
S	0.0023	0	0.0000	0
D	0.0037	0	0.0000	0
V	0.0001	0	0.0000	0
K	0.0005	0	0.0000	0
W	0.0068	0	0.0001	0
W	0.0003	0	0.0000	0
P	0.0001	0	0.0000	0
L	0.0002	0	0.0000	0
A	0.0003	0	0.0000	0
D	0.0003	0	0.0000	0
V	0.0001	0	0.0000	0
L	0.0006	0	0.0000	0
Q	0.0007	0	0.0000	0
M	0.0008	0	0.0000	0
P	0.0025	0	0.0000	0
L	0.0039	0	0.0000	0
A	0.0082	0	0.0000	0
F	0.0210	0	0.0002	0
D	0.0059	0	0.0001	0
H	0.1466	0	0.0042	0
L	0.0596	0	0.0015	0
Q	0.0377	0	0.0010	0
L	0.0010	0	0.0000	0
I	0.0004	0	0.0000	0
E	0.0021	0	0.0001	0
Q	0.0013	0	0.0000	0
A	0.0011	0	0.0000	0
R	0.0009	0	0.0000	0
E	0.0017	0	0.0000	0
R	0.0995	0	0.0038	0
L	0.0009	0	0.0000	0
T	0.0946	0	0.0021	0
Q	0.2248	0	0.0020	0
K	0.1337	0	0.0010	0
A	0.0017	0	0.0000	0
L	0.0017	0	0.0001	0
Y	0.0353	0	0.0027	0
S	0.0047	0	0.0001	0
L	0.0006	0	0.0000	0
V	0.0002	0	0.0000	0
P	0.0001	0	0.0000	0
G	0.0002	0	0.0000	0
F	0.0001	0	0.0000	0
A	0.0000	0	0.0000	0
L	0.0001	0	0.0000	0
S	0.0002	0	0.0000	0
E	0.0002	0	0.0000	0
P	0.0002	0	0.0000	0
F	0.0003	0	0.0000	0
T	0.0005	0	0.0000	0
L	0.0004	0	0.0000	0
P	0.0020	0	0.0000	0
E	0.0006	0	0.0000	0
L	0.0001	0	0.0000	0
Q	0.0025	0	0.0000	0
H	0.0062	0	0.0002	0
V	0.0001	0	0.0000	0
H	0.0005	0	0.0000	0
E	0.0012	0	0.0000	0
V	0.0004	0	0.0000	0
L	0.0002	0	0.0000	0
L	0.0003	0	0.0000	0
G	0.0047	0	0.0000	0
K	0.0031	0	0.0000	0
P	0.0023	0	0.0000	0
I	0.0058	0	0.0000	0
Q	0.1045	0	0.0002	0
G	0.1156	0	0.0004	0
K	0.4827	1	0.0046	0
S	0.8923	1	0.0078	0
F	0.1187	0	0.0004	0
R	0.8310	1	0.0035	0
R	0.8342	1	0.0016	0
R	0.4531	1	0.0008	0
V	0.0027	0	0.0000	0
E	0.0096	0	0.0000	0
Q	0.0763	0	0.0002	0
A	0.0007	0	0.0000	0
D	0.0003	0	0.0000	0
L	0.0001	0	0.0000	0
L	0.0005	0	0.0000	0
I	0.0051	0	0.0000	0
D	0.0235	0	0.0001	0
T	0.0134	0	0.0000	0
G	0.0078	0	0.0000	0
L	0.0355	0	0.0001	0
K	0.5780	1	0.0042	0
R	0.5046	1	0.0013	0
T	0.4275	1	0.0003	0
E	0.3091	0	0.0002	0
R	0.5936	1	0.0001	0
G	0.4431	1	0.0004	0
R	0.9093	1	0.0003	0
P	0.1691	0	0.0001	0
A	0.2906	0	0.0001	0
N	0.6686	1	0.0001	0
L	0.0500	0	0.0000	0
Y	0.1819	0	0.0001	0
C	0.5787	1	0.0003	0
L	0.0098	0	0.0000	0
K	0.0860	0	0.0000	0
P	0.1407	0	0.0000	0
D	0.0339	0	0.0000	0
T	0.0097	0	0.0000	0
A	0.0096	0	0.0000	0
S	0.0111	0	0.0000	0
Y	0.0015	0	0.0000	0
R	0.0027	0	0.0000	0
F	0.0010	0	0.0000	0
L	0.0033	0	0.0000	0
R	0.0066	0	0.0000	0
N	0.0009	0	0.0000	0
L	0.0005	0	0.0000	0
E	0.0069	0	0.0000	0
C	0.0415	0	0.0001	0
</pre></body></html>