<html><head></head><body><pre style="word-wrap: break-word; white-space: pre-wrap;">&gt;P48589
Amino Acid	probability_DNA	binary_DNA	probability_RNA	binary_RNA
M	0.0010	0	0.3831	1
S	0.0001	0	0.1238	0
D	0.0000	0	0.0227	0
V	0.0000	0	0.0048	0
E	0.0000	0	0.0017	0
E	0.0000	0	0.0013	0
V	0.0000	0	0.0007	0
V	0.0000	0	0.0007	0
E	0.0000	0	0.0006	0
V	0.0000	0	0.0005	0
Q	0.0000	0	0.0013	0
E	0.0000	0	0.0011	0
E	0.0000	0	0.0013	0
T	0.0000	0	0.0021	0
V	0.0000	0	0.0058	0
V	0.0000	0	0.0031	0
E	0.0000	0	0.0282	0
Q	0.0001	0	0.0548	0
T	0.0002	0	0.1494	0
A	0.0001	0	0.0279	0
E	0.0000	0	0.0103	0
V	0.0000	0	0.0061	0
T	0.0000	0	0.0101	0
I	0.0000	0	0.0059	0
E	0.0002	0	0.0843	0
D	0.0001	0	0.0583	0
A	0.0001	0	0.0587	0
L	0.0000	0	0.0033	0
K	0.0000	0	0.0388	0
V	0.0000	0	0.0108	0
V	0.0000	0	0.0004	0
L	0.0000	0	0.0011	0
R	0.0001	0	0.0571	0
T	0.0002	0	0.0674	0
A	0.0000	0	0.0011	0
L	0.0000	0	0.0311	0
V	0.0000	0	0.0010	0
H	0.0000	0	0.0160	0
D	0.0000	0	0.0187	0
G	0.0000	0	0.0099	0
L	0.0000	0	0.0048	0
A	0.0002	0	0.1920	1
R	0.0055	0	0.8782	1
G	0.0040	0	0.7067	1
L	0.0008	0	0.3363	1
R	0.0019	0	0.9434	1
E	0.0038	0	0.6198	1
S	0.0000	0	0.0094	0
T	0.0002	0	0.1290	0
K	0.0023	0	0.8242	1
A	0.0001	0	0.0565	0
L	0.0000	0	0.0131	0
T	0.0001	0	0.0506	0
R	0.0005	0	0.3760	1
G	0.0001	0	0.0549	0
E	0.0001	0	0.0350	0
A	0.0000	0	0.0129	0
L	0.0000	0	0.0122	0
L	0.0000	0	0.0013	0
V	0.0000	0	0.0006	0
V	0.0000	0	0.0004	0
L	0.0000	0	0.0002	0
V	0.0000	0	0.0003	0
S	0.0000	0	0.0008	0
S	0.0000	0	0.0007	0
V	0.0000	0	0.0009	0
T	0.0000	0	0.0056	0
E	0.0000	0	0.0078	0
A	0.0000	0	0.0057	0
N	0.0000	0	0.0092	0
I	0.0000	0	0.0039	0
I	0.0001	0	0.0575	0
K	0.0001	0	0.0292	0
L	0.0000	0	0.0013	0
V	0.0000	0	0.0003	0
E	0.0000	0	0.0005	0
G	0.0000	0	0.0002	0
L	0.0000	0	0.0002	0
A	0.0000	0	0.0001	0
N	0.0000	0	0.0002	0
D	0.0000	0	0.0001	0
P	0.0000	0	0.0001	0
E	0.0000	0	0.0002	0
N	0.0000	0	0.0016	0
K	0.0000	0	0.0013	0
V	0.0000	0	0.0006	0
P	0.0000	0	0.0104	0
L	0.0000	0	0.0015	0
I	0.0000	0	0.0006	0
K	0.0000	0	0.0148	0
V	0.0000	0	0.0085	0
A	0.0004	0	0.2670	1
D	0.0006	0	0.4103	1
A	0.0034	0	0.7806	1
K	0.0006	0	0.2028	1
Q	0.0000	0	0.0283	0
L	0.0000	0	0.0277	0
G	0.0003	0	0.1964	1
E	0.0000	0	0.0570	0
W	0.0000	0	0.0063	0
A	0.0000	0	0.0071	0
G	0.0001	0	0.0709	0
L	0.0000	0	0.0325	0
G	0.0000	0	0.0290	0
K	0.0003	0	0.5176	1
I	0.0005	0	0.2955	1
D	0.0004	0	0.2224	1
R	0.0011	0	0.4569	1
E	0.0007	0	0.2266	1
G	0.0016	0	0.2773	1
N	0.0022	0	0.3367	1
A	0.0002	0	0.0428	0
R	0.0064	0	0.5511	1
K	0.0103	0	0.4765	1
V	0.0059	0	0.3099	1
V	0.0203	0	0.5000	1
G	0.0279	0	0.5108	1
A	0.0003	0	0.0128	0
S	0.0001	0	0.0048	0
V	0.0000	0	0.0011	0
V	0.0000	0	0.0002	0
V	0.0000	0	0.0002	0
V	0.0000	0	0.0004	0
K	0.0000	0	0.0028	0
N	0.0000	0	0.0022	0
W	0.0005	0	0.0475	0
G	0.0000	0	0.0050	0
A	0.0000	0	0.0030	0
E	0.0000	0	0.0030	0
T	0.0000	0	0.0076	0
D	0.0000	0	0.0068	0
E	0.0000	0	0.0010	0
L	0.0000	0	0.0015	0
S	0.0000	0	0.0025	0
M	0.0000	0	0.0003	0
I	0.0000	0	0.0002	0
M	0.0000	0	0.0012	0
E	0.0000	0	0.0030	0
H	0.0000	0	0.0006	0
F	0.0000	0	0.0003	0
S	0.0001	0	0.0264	0
Q	0.0001	0	0.0368	0
Q	0.0006	0	0.1024	0
</pre></body></html>