<html><head></head><body><pre style="word-wrap: break-word; white-space: pre-wrap;">&gt;C5E1V0
Amino Acid	probability_DNA	binary_DNA	probability_RNA	binary_RNA
M	0.1510	0	0.0000	0
D	0.0742	0	0.0000	0
W	0.0063	0	0.0000	0
Y	0.0065	0	0.0000	0
Y	0.0094	0	0.0000	0
V	0.0032	0	0.0000	0
D	0.0151	0	0.0000	0
R	0.1816	0	0.0000	0
P	0.0087	0	0.0000	0
V	0.0024	0	0.0000	0
R	0.0076	0	0.0000	0
T	0.0033	0	0.0000	0
I	0.0014	0	0.0000	0
E	0.0048	0	0.0000	0
D	0.0024	0	0.0000	0
S	0.0009	0	0.0000	0
F	0.0005	0	0.0000	0
K	0.0031	0	0.0000	0
D	0.0004	0	0.0000	0
L	0.0002	0	0.0000	0
E	0.0022	0	0.0000	0
S	0.0014	0	0.0000	0
I	0.0005	0	0.0000	0
F	0.0009	0	0.0000	0
K	0.0057	0	0.0000	0
D	0.0023	0	0.0000	0
K	0.0046	0	0.0000	0
N	0.0036	0	0.0000	0
N	0.0031	0	0.0000	0
N	0.0028	0	0.0000	0
D	0.0038	0	0.0000	0
T	0.0023	0	0.0000	0
P	0.0016	0	0.0000	0
R	0.0044	0	0.0000	0
I	0.0007	0	0.0000	0
P	0.0005	0	0.0000	0
L	0.0011	0	0.0000	0
T	0.0004	0	0.0000	0
D	0.0006	0	0.0000	0
E	0.0008	0	0.0000	0
L	0.0004	0	0.0000	0
Y	0.0014	0	0.0000	0
K	0.0021	0	0.0000	0
P	0.0014	0	0.0000	0
F	0.0026	0	0.0000	0
G	0.0153	0	0.0000	0
D	0.0683	0	0.0000	0
T	0.0095	0	0.0000	0
N	0.0523	0	0.0000	0
I	0.0011	0	0.0000	0
N	0.0053	0	0.0000	0
L	0.0014	0	0.0000	0
N	0.0041	0	0.0000	0
S	0.0028	0	0.0000	0
S	0.0011	0	0.0000	0
I	0.0005	0	0.0000	0
S	0.0006	0	0.0000	0
A	0.0005	0	0.0000	0
E	0.0012	0	0.0000	0
N	0.0011	0	0.0000	0
N	0.0017	0	0.0000	0
N	0.0016	0	0.0000	0
Y	0.0017	0	0.0000	0
V	0.0003	0	0.0000	0
A	0.0009	0	0.0000	0
T	0.0009	0	0.0000	0
P	0.0009	0	0.0000	0
R	0.0040	0	0.0000	0
L	0.0002	0	0.0000	0
P	0.0004	0	0.0000	0
L	0.0002	0	0.0000	0
A	0.0001	0	0.0000	0
S	0.0003	0	0.0000	0
A	0.0002	0	0.0000	0
T	0.0002	0	0.0000	0
L	0.0002	0	0.0000	0
E	0.0004	0	0.0000	0
D	0.0003	0	0.0000	0
S	0.0002	0	0.0000	0
S	0.0001	0	0.0000	0
A	0.0001	0	0.0000	0
V	0.0001	0	0.0000	0
C	0.0001	0	0.0000	0
S	0.0002	0	0.0000	0
P	0.0002	0	0.0000	0
V	0.0002	0	0.0000	0
Q	0.0002	0	0.0000	0
P	0.0002	0	0.0000	0
V	0.0002	0	0.0000	0
Q	0.0003	0	0.0000	0
S	0.0004	0	0.0000	0
P	0.0004	0	0.0000	0
L	0.0006	0	0.0000	0
N	0.0017	0	0.0000	0
T	0.0083	0	0.0000	0
L	0.0020	0	0.0000	0
Q	0.0107	0	0.0000	0
T	0.0051	0	0.0000	0
L	0.0037	0	0.0000	0
E	0.0129	0	0.0000	0
A	0.0121	0	0.0000	0
H	0.0069	0	0.0000	0
A	0.0020	0	0.0000	0
F	0.0082	0	0.0000	0
R	0.0085	0	0.0000	0
S	0.0024	0	0.0000	0
V	0.0010	0	0.0000	0
V	0.0008	0	0.0000	0
P	0.0008	0	0.0000	0
K	0.0014	0	0.0000	0
Q	0.0019	0	0.0000	0
I	0.0015	0	0.0000	0
V	0.0011	0	0.0000	0
S	0.0009	0	0.0000	0
P	0.0006	0	0.0000	0
Q	0.0006	0	0.0000	0
P	0.0004	0	0.0000	0
Q	0.0005	0	0.0000	0
P	0.0003	0	0.0000	0
Q	0.0003	0	0.0000	0
P	0.0003	0	0.0000	0
P	0.0004	0	0.0000	0
L	0.0006	0	0.0000	0
Q	0.0017	0	0.0000	0
V	0.0013	0	0.0000	0
D	0.0012	0	0.0000	0
F	0.0021	0	0.0000	0
Q	0.0034	0	0.0000	0
S	0.0031	0	0.0000	0
Q	0.0021	0	0.0000	0
V	0.0005	0	0.0000	0
H	0.0004	0	0.0000	0
R	0.0012	0	0.0000	0
A	0.0002	0	0.0000	0
A	0.0003	0	0.0000	0
A	0.0002	0	0.0000	0
A	0.0004	0	0.0000	0
A	0.0004	0	0.0000	0
T	0.0011	0	0.0000	0
S	0.0012	0	0.0000	0
V	0.0011	0	0.0000	0
T	0.0018	0	0.0000	0
S	0.0007	0	0.0000	0
P	0.0004	0	0.0000	0
I	0.0003	0	0.0000	0
G	0.0005	0	0.0000	0
G	0.0006	0	0.0000	0
I	0.0006	0	0.0000	0
S	0.0026	0	0.0000	0
T	0.0043	0	0.0000	0
N	0.0032	0	0.0000	0
A	0.0042	0	0.0000	0
N	0.0059	0	0.0000	0
H	0.0102	0	0.0000	0
S	0.0333	0	0.0000	0
N	0.0064	0	0.0000	0
W	0.0057	0	0.0000	0
K	0.0171	0	0.0000	0
P	0.0025	0	0.0000	0
P	0.0027	0	0.0000	0
Q	0.0022	0	0.0000	0
K	0.0075	0	0.0000	0
K	0.0282	0	0.0000	0
S	0.0809	0	0.0000	0
S	0.1046	0	0.0000	0
A	0.0253	0	0.0000	0
I	0.0050	0	0.0000	0
I	0.0220	0	0.0000	0
P	0.0063	0	0.0000	0
P	0.0024	0	0.0000	0
W	0.0017	0	0.0000	0
I	0.0003	0	0.0000	0
H	0.0010	0	0.0000	0
V	0.0005	0	0.0000	0
P	0.0003	0	0.0000	0
D	0.0013	0	0.0000	0
H	0.0038	0	0.0000	0
S	0.0004	0	0.0000	0
R	0.0059	0	0.0000	0
F	0.0019	0	0.0000	0
F	0.0013	0	0.0000	0
V	0.0004	0	0.0000	0
I	0.0015	0	0.0000	0
K	0.2419	0	0.0035	0
S	0.0548	0	0.0001	0
S	0.0870	0	0.0001	0
S	0.3934	1	0.0021	0
L	0.0559	0	0.0001	0
E	0.0246	0	0.0000	0
H	0.0128	0	0.0000	0
V	0.0008	0	0.0000	0
K	0.0042	0	0.0000	0
K	0.0185	0	0.0000	0
S	0.0043	0	0.0000	0
F	0.0044	0	0.0000	0
Y	0.0154	0	0.0000	0
N	0.0273	0	0.0000	0
G	0.0013	0	0.0000	0
I	0.0006	0	0.0000	0
W	0.0223	0	0.0002	0
S	0.0052	0	0.0000	0
S	0.0152	0	0.0000	0
T	0.0156	0	0.0000	0
F	0.0066	0	0.0000	0
Y	0.0261	0	0.0001	0
G	0.0363	0	0.0002	0
N	0.0016	0	0.0000	0
K	0.0039	0	0.0000	0
R	0.0806	0	0.0003	0
L	0.0002	0	0.0000	0
S	0.0007	0	0.0000	0
E	0.0005	0	0.0000	0
A	0.0001	0	0.0000	0
Y	0.0002	0	0.0000	0
E	0.0007	0	0.0000	0
S	0.0001	0	0.0000	0
L	0.0000	0	0.0000	0
P	0.0001	0	0.0000	0
Q	0.0001	0	0.0000	0
G	0.0001	0	0.0000	0
A	0.0000	0	0.0000	0
K	0.0001	0	0.0000	0
I	0.0001	0	0.0000	0
Y	0.0002	0	0.0000	0
L	0.0002	0	0.0000	0
L	0.0004	0	0.0000	0
F	0.0032	0	0.0000	0
S	0.2312	0	0.0009	0
V	0.0365	0	0.0001	0
N	0.5129	1	0.0011	0
A	0.4985	1	0.0006	0
S	0.2604	0	0.0005	0
G	0.2793	0	0.0003	0
R	0.2855	0	0.0002	0
F	0.0149	0	0.0000	0
C	0.0083	0	0.0000	0
G	0.0045	0	0.0000	0
V	0.0211	0	0.0000	0
A	0.0007	0	0.0000	0
E	0.0063	0	0.0000	0
M	0.0029	0	0.0000	0
S	0.0305	0	0.0000	0
S	0.1180	0	0.0000	0
N	0.0413	0	0.0000	0
L	0.0057	0	0.0000	0
R	0.0707	0	0.0000	0
E	0.1505	0	0.0000	0
D	0.1475	0	0.0000	0
L	0.2624	0	0.0000	0
D	0.0148	0	0.0000	0
T	0.0116	0	0.0000	0
S	0.0038	0	0.0000	0
I	0.0008	0	0.0000	0
W	0.0056	0	0.0000	0
G	0.0006	0	0.0000	0
D	0.0071	0	0.0000	0
N	0.0076	0	0.0000	0
S	0.0074	0	0.0000	0
R	0.0356	0	0.0000	0
Y	0.0154	0	0.0000	0
R	0.0327	0	0.0000	0
H	0.0109	0	0.0000	0
A	0.0040	0	0.0000	0
F	0.0017	0	0.0000	0
K	0.0349	0	0.0000	0
V	0.0008	0	0.0000	0
R	0.0887	0	0.0000	0
W	0.0156	0	0.0000	0
I	0.0009	0	0.0000	0
V	0.0007	0	0.0000	0
V	0.0003	0	0.0000	0
R	0.0031	0	0.0000	0
D	0.0358	0	0.0000	0
V	0.0012	0	0.0000	0
H	0.0555	0	0.0000	0
N	0.0407	0	0.0000	0
R	0.0320	0	0.0000	0
S	0.0114	0	0.0000	0
L	0.0014	0	0.0000	0
K	0.0115	0	0.0000	0
Q	0.0637	0	0.0000	0
F	0.0005	0	0.0000	0
L	0.0066	0	0.0000	0
I	0.0033	0	0.0000	0
P	0.0020	0	0.0000	0
A	0.0191	0	0.0000	0
N	0.0213	0	0.0000	0
D	0.0147	0	0.0000	0
M	0.0397	0	0.0000	0
K	0.3154	0	0.0001	0
P	0.4463	1	0.0000	0
V	0.4160	1	0.0000	0
T	0.9440	1	0.0000	0
N	0.8287	1	0.0000	0
S	0.3575	1	0.0000	0
R	0.9236	1	0.0000	0
D	0.2032	0	0.0000	0
T	0.0445	0	0.0000	0
Q	0.0745	0	0.0000	0
E	0.0103	0	0.0000	0
I	0.0002	0	0.0000	0
P	0.0003	0	0.0000	0
A	0.0002	0	0.0000	0
T	0.0004	0	0.0000	0
I	0.0003	0	0.0000	0
S	0.0002	0	0.0000	0
K	0.0003	0	0.0000	0
S	0.0006	0	0.0000	0
I	0.0001	0	0.0000	0
L	0.0000	0	0.0000	0
K	0.0003	0	0.0000	0
L	0.0000	0	0.0000	0
F	0.0001	0	0.0000	0
K	0.0001	0	0.0000	0
Y	0.0001	0	0.0000	0
E	0.0001	0	0.0000	0
Q	0.0003	0	0.0000	0
S	0.0005	0	0.0000	0
E	0.0014	0	0.0000	0
V	0.0317	0	0.0000	0
Q	0.0121	0	0.0000	0
S	0.0041	0	0.0000	0
F	0.0005	0	0.0000	0
L	0.0006	0	0.0000	0
D	0.0017	0	0.0000	0
D	0.0030	0	0.0000	0
D	0.0033	0	0.0000	0
Y	0.0054	0	0.0000	0
S	0.0280	0	0.0003	0
</pre></body></html>