<html><head></head><body><pre style="word-wrap: break-word; white-space: pre-wrap;">&gt;C8UCW6
Amino Acid	probability_DNA	binary_DNA	probability_RNA	binary_RNA
M	0.0097	0	0.0000	0
K	0.0694	0	0.0000	0
L	0.0010	0	0.0000	0
I	0.0030	0	0.0000	0
W	0.0899	0	0.0000	0
S	0.3271	0	0.0000	0
E	0.0428	0	0.0000	0
E	0.0253	0	0.0000	0
S	0.0009	0	0.0000	0
W	0.0018	0	0.0000	0
D	0.0807	0	0.0000	0
D	0.0071	0	0.0000	0
Y	0.0019	0	0.0000	0
L	0.0060	0	0.0000	0
Y	0.0546	0	0.0000	0
W	0.0014	0	0.0000	0
Q	0.0010	0	0.0000	0
E	0.0060	0	0.0000	0
T	0.0119	0	0.0000	0
D	0.0017	0	0.0000	0
K	0.0165	0	0.0000	0
R	0.1022	0	0.0000	0
I	0.0022	0	0.0000	0
V	0.0007	0	0.0000	0
K	0.0039	0	0.0000	0
K	0.0114	0	0.0000	0
I	0.0003	0	0.0000	0
N	0.0003	0	0.0000	0
E	0.0002	0	0.0000	0
L	0.0001	0	0.0000	0
I	0.0001	0	0.0000	0
K	0.0007	0	0.0000	0
D	0.0001	0	0.0000	0
T	0.0001	0	0.0000	0
R	0.0001	0	0.0000	0
R	0.0013	0	0.0000	0
T	0.0018	0	0.0000	0
P	0.0022	0	0.0000	0
F	0.0341	0	0.0000	0
E	0.0040	0	0.0000	0
G	0.0020	0	0.0000	0
K	0.0012	0	0.0000	0
G	0.0004	0	0.0000	0
K	0.0026	0	0.0000	0
P	0.0013	0	0.0000	0
E	0.0104	0	0.0000	0
P	0.0328	0	0.0000	0
L	0.0032	0	0.0000	0
K	0.0183	0	0.0000	0
H	0.0094	0	0.0000	0
N	0.0066	0	0.0000	0
L	0.0028	0	0.0000	0
S	0.0125	0	0.0000	0
G	0.0042	0	0.0000	0
F	0.0133	0	0.0000	0
W	0.3139	0	0.0000	0
S	0.0182	0	0.0000	0
R	0.0048	0	0.0000	0
R	0.3259	0	0.0000	0
I	0.0046	0	0.0000	0
T	0.0031	0	0.0000	0
E	0.0396	0	0.0000	0
E	0.0117	0	0.0000	0
H	0.0023	0	0.0000	0
R	0.0139	0	0.0000	0
L	0.0010	0	0.0000	0
V	0.0002	0	0.0000	0
Y	0.0023	0	0.0000	0
A	0.0005	0	0.0000	0
V	0.0006	0	0.0000	0
T	0.0004	0	0.0000	0
D	0.0004	0	0.0000	0
D	0.0004	0	0.0000	0
S	0.0003	0	0.0000	0
L	0.0001	0	0.0000	0
L	0.0004	0	0.0000	0
I	0.0005	0	0.0000	0
A	0.0083	0	0.0000	0
A	0.0681	0	0.0000	0
C	0.0430	0	0.0000	0
R	0.7697	1	0.0000	0
Y	0.9041	1	0.0000	0
H	0.9356	1	0.0000	0
Y	0.9384	1	0.0000	0
</pre></body></html>