<html><head></head><body><pre style="word-wrap: break-word; white-space: pre-wrap;">&gt;O25318
Amino Acid	probability_DNA	binary_DNA	probability_RNA	binary_RNA
M	0.1269	0	0.0029	0
L	0.0050	0	0.0001	0
E	0.0073	0	0.0001	0
K	0.0124	0	0.0002	0
S	0.0137	0	0.0002	0
F	0.0008	0	0.0000	0
L	0.0011	0	0.0000	0
K	0.0875	0	0.0102	0
S	0.2965	0	0.0488	0
K	0.0765	0	0.0061	0
Q	0.0443	0	0.0054	0
L	0.0004	0	0.0000	0
F	0.0017	0	0.0001	0
L	0.0024	0	0.0002	0
C	0.0004	0	0.0000	0
G	0.0017	0	0.0001	0
L	0.0006	0	0.0000	0
G	0.0003	0	0.0000	0
V	0.0002	0	0.0000	0
L	0.0001	0	0.0000	0
M	0.0003	0	0.0000	0
L	0.0003	0	0.0000	0
Q	0.0024	0	0.0000	0
A	0.0005	0	0.0000	0
C	0.0002	0	0.0000	0
T	0.0094	0	0.0003	0
C	0.0012	0	0.0000	0
P	0.0047	0	0.0001	0
N	0.0068	0	0.0000	0
T	0.0131	0	0.0001	0
S	0.0298	0	0.0002	0
Q	0.0827	0	0.0012	0
R	0.3771	1	0.0220	0
N	0.4901	1	0.0200	0
S	0.4785	1	0.0260	0
F	0.6772	1	0.0262	0
L	0.0752	0	0.0019	0
Q	0.4098	1	0.0434	0
D	0.3262	0	0.0164	0
V	0.0383	0	0.0005	0
P	0.0121	0	0.0001	0
Y	0.0029	0	0.0000	0
W	0.0014	0	0.0000	0
M	0.0005	0	0.0000	0
L	0.0012	0	0.0000	0
Q	0.0139	0	0.0001	0
N	0.0049	0	0.0000	0
R	0.0666	0	0.0010	0
S	0.0058	0	0.0001	0
E	0.0014	0	0.0000	0
Y	0.0291	0	0.0011	0
I	0.0011	0	0.0000	0
T	0.0099	0	0.0001	0
Q	0.3916	1	0.0023	0
G	0.1543	0	0.0006	0
V	0.0745	0	0.0002	0
D	0.1528	0	0.0002	0
S	0.1922	0	0.0002	0
S	0.0446	0	0.0000	0
H	0.3702	1	0.0001	0
I	0.3165	0	0.0000	0
V	0.4428	1	0.0000	0
D	0.3373	0	0.0000	0
G	0.2385	0	0.0000	0
K	0.3729	1	0.0000	0
K	0.4164	1	0.0000	0
T	0.3181	0	0.0000	0
E	0.0897	0	0.0000	0
E	0.1035	0	0.0000	0
I	0.0024	0	0.0000	0
E	0.0165	0	0.0000	0
K	0.0623	0	0.0000	0
I	0.0111	0	0.0000	0
A	0.0024	0	0.0000	0
T	0.0580	0	0.0000	0
K	0.3055	0	0.0000	0
R	0.3911	1	0.0000	0
A	0.0046	0	0.0000	0
T	0.0032	0	0.0000	0
I	0.0019	0	0.0000	0
R	0.0256	0	0.0000	0
V	0.0004	0	0.0000	0
A	0.0006	0	0.0000	0
Q	0.0283	0	0.0000	0
N	0.0542	0	0.0000	0
I	0.0006	0	0.0000	0
V	0.0006	0	0.0000	0
H	0.0170	0	0.0000	0
K	0.0626	0	0.0000	0
L	0.0005	0	0.0000	0
K	0.0121	0	0.0000	0
E	0.0030	0	0.0000	0
A	0.0004	0	0.0000	0
Y	0.0011	0	0.0000	0
L	0.0080	0	0.0000	0
S	0.0054	0	0.0000	0
K	0.1518	0	0.0000	0
T	0.2627	0	0.0000	0
N	0.0605	0	0.0000	0
R	0.2759	0	0.0000	0
I	0.0093	0	0.0000	0
K	0.0924	0	0.0000	0
Q	0.0194	0	0.0000	0
K	0.1784	0	0.0000	0
I	0.0207	0	0.0000	0
T	0.0159	0	0.0000	0
N	0.0460	0	0.0000	0
E	0.0184	0	0.0000	0
M	0.0014	0	0.0000	0
F	0.0062	0	0.0000	0
I	0.3283	0	0.0000	0
Q	0.0371	0	0.0000	0
M	0.0009	0	0.0000	0
T	0.0142	0	0.0000	0
Q	0.0515	0	0.0000	0
P	0.0014	0	0.0000	0
I	0.0002	0	0.0000	0
Y	0.0107	0	0.0000	0
D	0.0385	0	0.0000	0
S	0.0010	0	0.0000	0
L	0.0007	0	0.0000	0
M	0.0045	0	0.0000	0
N	0.0226	0	0.0000	0
V	0.0057	0	0.0000	0
D	0.0255	0	0.0000	0
R	0.2679	0	0.0000	0
L	0.0067	0	0.0000	0
G	0.0040	0	0.0000	0
I	0.0067	0	0.0000	0
Y	0.0192	0	0.0000	0
I	0.0014	0	0.0000	0
N	0.0015	0	0.0000	0
P	0.0018	0	0.0000	0
N	0.0036	0	0.0000	0
N	0.0058	0	0.0000	0
E	0.0028	0	0.0000	0
E	0.0025	0	0.0000	0
V	0.0007	0	0.0000	0
F	0.0015	0	0.0000	0
A	0.0003	0	0.0000	0
L	0.0002	0	0.0000	0
V	0.0002	0	0.0000	0
R	0.0019	0	0.0000	0
A	0.0015	0	0.0000	0
R	0.0716	0	0.0000	0
G	0.0049	0	0.0000	0
F	0.0169	0	0.0000	0
D	0.0058	0	0.0000	0
K	0.0216	0	0.0000	0
D	0.0188	0	0.0000	0
A	0.0127	0	0.0000	0
L	0.0042	0	0.0000	0
S	0.0021	0	0.0000	0
E	0.0028	0	0.0000	0
G	0.0042	0	0.0000	0
L	0.0021	0	0.0000	0
H	0.0212	0	0.0000	0
K	0.0396	0	0.0000	0
M	0.0035	0	0.0000	0
S	0.0054	0	0.0000	0
L	0.0044	0	0.0000	0
D	0.1065	0	0.0000	0
N	0.1246	0	0.0000	0
Q	0.0750	0	0.0000	0
A	0.0120	0	0.0000	0
V	0.0034	0	0.0000	0
S	0.0287	0	0.0000	0
I	0.0003	0	0.0000	0
L	0.0002	0	0.0000	0
V	0.0004	0	0.0000	0
A	0.0012	0	0.0000	0
K	0.0070	0	0.0000	0
V	0.0004	0	0.0000	0
E	0.0009	0	0.0000	0
E	0.0003	0	0.0000	0
I	0.0001	0	0.0000	0
F	0.0001	0	0.0000	0
K	0.0004	0	0.0000	0
D	0.0003	0	0.0000	0
S	0.0003	0	0.0000	0
V	0.0005	0	0.0000	0
N	0.0027	0	0.0000	0
Y	0.0014	0	0.0000	0
G	0.0015	0	0.0000	0
D	0.0036	0	0.0000	0
V	0.0031	0	0.0000	0
K	0.0563	0	0.0000	0
V	0.0299	0	0.0000	0
P	0.0874	0	0.0000	0
I	0.1527	0	0.0000	0
A	0.1163	0	0.0000	0
M	0.2399	0	0.0001	0
</pre></body></html>