<html><head></head><body><pre style="word-wrap: break-word; white-space: pre-wrap;">&gt;P29340
Amino Acid	probability_DNA	binary_DNA	probability_RNA	binary_RNA
M	0.1445	0	0.0001	0
P	0.0255	0	0.0000	0
N	0.0278	0	0.0000	0
F	0.0022	0	0.0000	0
W	0.0007	0	0.0000	0
I	0.0003	0	0.0000	0
L	0.0003	0	0.0000	0
E	0.0022	0	0.0000	0
N	0.0090	0	0.0000	0
R	0.0723	0	0.0000	0
R	0.1371	0	0.0000	0
S	0.0567	0	0.0000	0
Y	0.1514	0	0.0000	0
T	0.4006	1	0.0000	0
A	0.7583	1	0.0000	0
D	0.8873	1	0.0000	0
T	0.7203	1	0.0000	0
C	0.3404	0	0.0000	0
M	0.0870	0	0.0000	0
S	0.2005	0	0.0000	0
R	0.7673	1	0.0002	0
I	0.0034	0	0.0000	0
V	0.0221	0	0.0000	0
K	0.3109	0	0.0000	0
E	0.0097	0	0.0000	0
Y	0.0045	0	0.0000	0
K	0.0518	0	0.0000	0
V	0.0028	0	0.0000	0
I	0.0003	0	0.0000	0
L	0.0073	0	0.0000	0
K	0.0085	0	0.0000	0
T	0.0008	0	0.0000	0
L	0.0017	0	0.0000	0
A	0.0071	0	0.0000	0
S	0.0053	0	0.0000	0
D	0.0050	0	0.0000	0
D	0.0058	0	0.0000	0
P	0.0075	0	0.0000	0
I	0.0149	0	0.0000	0
A	0.0082	0	0.0000	0
N	0.0032	0	0.0000	0
P	0.0067	0	0.0000	0
Y	0.0064	0	0.0000	0
R	0.0029	0	0.0000	0
G	0.0111	0	0.0000	0
I	0.0013	0	0.0000	0
I	0.0035	0	0.0000	0
E	0.0030	0	0.0000	0
S	0.0032	0	0.0000	0
L	0.0003	0	0.0000	0
N	0.0005	0	0.0000	0
P	0.0004	0	0.0000	0
I	0.0007	0	0.0000	0
D	0.0012	0	0.0000	0
E	0.0041	0	0.0000	0
T	0.0056	0	0.0000	0
D	0.0312	0	0.0000	0
L	0.0040	0	0.0000	0
S	0.0057	0	0.0000	0
K	0.0041	0	0.0000	0
W	0.0003	0	0.0000	0
E	0.0005	0	0.0000	0
A	0.0002	0	0.0000	0
I	0.0002	0	0.0000	0
I	0.0001	0	0.0000	0
S	0.0001	0	0.0000	0
G	0.0001	0	0.0000	0
P	0.0003	0	0.0000	0
S	0.0003	0	0.0000	0
D	0.0005	0	0.0000	0
T	0.0006	0	0.0000	0
P	0.0005	0	0.0000	0
Y	0.0056	0	0.0001	0
E	0.0015	0	0.0000	0
N	0.0050	0	0.0000	0
H	0.0006	0	0.0000	0
Q	0.0051	0	0.0000	0
F	0.0018	0	0.0000	0
R	0.0042	0	0.0000	0
I	0.0001	0	0.0000	0
L	0.0004	0	0.0000	0
I	0.0001	0	0.0000	0
E	0.0003	0	0.0000	0
V	0.0004	0	0.0000	0
P	0.0016	0	0.0000	0
S	0.0012	0	0.0000	0
S	0.0019	0	0.0000	0
Y	0.0025	0	0.0000	0
P	0.0009	0	0.0000	0
M	0.0006	0	0.0000	0
N	0.0003	0	0.0000	0
P	0.0008	0	0.0000	0
P	0.0006	0	0.0000	0
K	0.0121	0	0.0000	0
I	0.0026	0	0.0000	0
S	0.0454	0	0.0001	0
F	0.0094	0	0.0000	0
M	0.0068	0	0.0000	0
Q	0.0270	0	0.0001	0
N	0.2427	0	0.0021	0
N	0.0755	0	0.0001	0
I	0.0207	0	0.0000	0
L	0.0355	0	0.0001	0
H	0.0665	0	0.0004	0
C	0.0063	0	0.0000	0
N	0.0154	0	0.0001	0
V	0.0109	0	0.0000	0
K	0.0176	0	0.0000	0
S	0.0064	0	0.0000	0
A	0.0153	0	0.0000	0
T	0.0047	0	0.0000	0
G	0.0013	0	0.0000	0
E	0.0334	0	0.0000	0
I	0.0010	0	0.0000	0
C	0.0543	0	0.0000	0
L	0.0024	0	0.0000	0
N	0.0017	0	0.0000	0
I	0.0013	0	0.0000	0
L	0.0004	0	0.0000	0
K	0.0028	0	0.0000	0
P	0.0013	0	0.0000	0
E	0.0009	0	0.0000	0
E	0.0012	0	0.0000	0
W	0.0647	0	0.0002	0
T	0.1487	0	0.0001	0
P	0.0389	0	0.0000	0
V	0.1202	0	0.0000	0
W	0.0489	0	0.0000	0
D	0.0056	0	0.0000	0
L	0.0005	0	0.0000	0
L	0.0005	0	0.0000	0
H	0.0005	0	0.0000	0
C	0.0001	0	0.0000	0
V	0.0001	0	0.0000	0
H	0.0002	0	0.0000	0
A	0.0001	0	0.0000	0
V	0.0001	0	0.0000	0
W	0.0002	0	0.0000	0
R	0.0001	0	0.0000	0
L	0.0001	0	0.0000	0
L	0.0001	0	0.0000	0
R	0.0003	0	0.0000	0
E	0.0006	0	0.0000	0
P	0.0007	0	0.0000	0
V	0.0008	0	0.0000	0
C	0.0009	0	0.0000	0
D	0.0150	0	0.0001	0
S	0.1957	0	0.0016	0
P	0.0971	0	0.0002	0
L	0.0106	0	0.0000	0
D	0.0128	0	0.0000	0
V	0.0027	0	0.0000	0
D	0.0013	0	0.0000	0
I	0.0002	0	0.0000	0
G	0.0009	0	0.0000	0
N	0.0023	0	0.0000	0
I	0.0006	0	0.0000	0
I	0.0044	0	0.0000	0
R	0.0331	0	0.0000	0
C	0.0010	0	0.0000	0
G	0.0056	0	0.0000	0
D	0.0017	0	0.0000	0
M	0.0545	0	0.0000	0
S	0.0059	0	0.0000	0
A	0.0004	0	0.0000	0
Y	0.0053	0	0.0000	0
Q	0.0010	0	0.0000	0
G	0.0009	0	0.0000	0
I	0.0014	0	0.0000	0
V	0.0006	0	0.0000	0
K	0.1679	0	0.0002	0
Y	0.0019	0	0.0000	0
F	0.0015	0	0.0000	0
L	0.0018	0	0.0000	0
A	0.0009	0	0.0000	0
E	0.0055	0	0.0000	0
R	0.0201	0	0.0000	0
E	0.0104	0	0.0000	0
R	0.0090	0	0.0000	0
I	0.0018	0	0.0000	0
N	0.0060	0	0.0000	0
N	0.0189	0	0.0000	0
H	0.2086	0	0.0005	0
</pre></body></html>