<html><head></head><body><pre style="word-wrap: break-word; white-space: pre-wrap;">&gt;P14448
Amino Acid	probability_DNA	binary_DNA	probability_RNA	binary_RNA
M	0.0869	0	0.0000	0
I	0.0101	0	0.0000	0
P	0.0122	0	0.0000	0
V	0.0013	0	0.0000	0
T	0.0036	0	0.0000	0
I	0.0003	0	0.0000	0
L	0.0002	0	0.0000	0
C	0.0001	0	0.0000	0
V	0.0001	0	0.0000	0
L	0.0001	0	0.0000	0
L	0.0001	0	0.0000	0
C	0.0002	0	0.0000	0
L	0.0007	0	0.0000	0
N	0.0071	0	0.0000	0
L	0.0025	0	0.0000	0
A	0.0015	0	0.0000	0
W	0.0599	0	0.0000	0
A	0.0028	0	0.0000	0
Q	0.0121	0	0.0000	0
D	0.0013	0	0.0000	0
G	0.0012	0	0.0000	0
K	0.0036	0	0.0000	0
T	0.0030	0	0.0000	0
T	0.0039	0	0.0000	0
F	0.0007	0	0.0000	0
E	0.0027	0	0.0000	0
K	0.0032	0	0.0000	0
E	0.0196	0	0.0000	0
G	0.0735	0	0.0000	0
G	0.1996	0	0.0000	0
G	0.4729	1	0.0001	0
G	0.0933	0	0.0000	0
R	0.6501	1	0.0000	0
G	0.0979	0	0.0000	0
P	0.0057	0	0.0000	0
R	0.0444	0	0.0000	0
I	0.0017	0	0.0000	0
L	0.0013	0	0.0000	0
E	0.0025	0	0.0000	0
N	0.0032	0	0.0000	0
M	0.0015	0	0.0000	0
H	0.0008	0	0.0000	0
E	0.0009	0	0.0000	0
S	0.0012	0	0.0000	0
S	0.0014	0	0.0000	0
C	0.0005	0	0.0000	0
K	0.0050	0	0.0000	0
Y	0.0013	0	0.0000	0
E	0.0008	0	0.0000	0
K	0.0010	0	0.0000	0
N	0.0008	0	0.0000	0
W	0.0004	0	0.0000	0
P	0.0007	0	0.0000	0
I	0.0006	0	0.0000	0
C	0.0003	0	0.0000	0
V	0.0030	0	0.0000	0
D	0.0057	0	0.0000	0
D	0.0016	0	0.0000	0
D	0.0031	0	0.0000	0
W	0.0038	0	0.0000	0
G	0.0030	0	0.0000	0
T	0.0119	0	0.0000	0
K	0.0276	0	0.0000	0
C	0.0148	0	0.0000	0
P	0.0483	0	0.0000	0
S	0.3282	0	0.0001	0
G	0.0496	0	0.0000	0
C	0.0179	0	0.0000	0
R	0.3283	0	0.0003	0
M	0.0101	0	0.0000	0
Q	0.0092	0	0.0000	0
G	0.0014	0	0.0000	0
I	0.0004	0	0.0000	0
I	0.0005	0	0.0000	0
D	0.0022	0	0.0000	0
D	0.0067	0	0.0000	0
T	0.0097	0	0.0000	0
D	0.0466	0	0.0000	0
Q	0.1580	0	0.0000	0
N	0.0230	0	0.0000	0
Y	0.0067	0	0.0000	0
S	0.3258	0	0.0001	0
Q	0.0588	0	0.0000	0
R	0.2439	0	0.0000	0
I	0.0025	0	0.0000	0
D	0.0113	0	0.0000	0
N	0.0062	0	0.0000	0
I	0.0005	0	0.0000	0
R	0.0817	0	0.0000	0
Q	0.0526	0	0.0000	0
Q	0.1742	0	0.0000	0
L	0.0019	0	0.0000	0
A	0.0370	0	0.0000	0
D	0.1582	0	0.0000	0
S	0.0427	0	0.0000	0
Q	0.1243	0	0.0000	0
N	0.2392	0	0.0000	0
K	0.2956	0	0.0000	0
Y	0.3935	1	0.0002	0
K	0.6714	1	0.0028	0
T	0.3030	0	0.0013	0
S	0.0203	0	0.0001	0
N	0.4447	1	0.0081	0
R	0.1803	0	0.0007	0
V	0.0007	0	0.0000	0
I	0.0020	0	0.0000	0
V	0.0341	0	0.0002	0
E	0.0014	0	0.0000	0
T	0.0002	0	0.0000	0
I	0.0009	0	0.0000	0
N	0.0043	0	0.0000	0
I	0.0010	0	0.0000	0
L	0.0001	0	0.0000	0
K	0.0014	0	0.0000	0
P	0.0005	0	0.0000	0
G	0.0006	0	0.0000	0
L	0.0003	0	0.0000	0
E	0.0009	0	0.0000	0
G	0.0053	0	0.0000	0
A	0.0023	0	0.0000	0
Q	0.0031	0	0.0000	0
Q	0.0044	0	0.0000	0
L	0.0159	0	0.0001	0
D	0.0065	0	0.0000	0
E	0.0131	0	0.0001	0
N	0.0067	0	0.0001	0
Y	0.0004	0	0.0000	0
G	0.0077	0	0.0000	0
H	0.0003	0	0.0000	0
V	0.0001	0	0.0000	0
S	0.0005	0	0.0000	0
T	0.0010	0	0.0000	0
E	0.0007	0	0.0000	0
L	0.0002	0	0.0000	0
R	0.0059	0	0.0000	0
R	0.0081	0	0.0000	0
R	0.0132	0	0.0000	0
I	0.0003	0	0.0000	0
V	0.0002	0	0.0000	0
T	0.0008	0	0.0000	0
L	0.0001	0	0.0000	0
K	0.0020	0	0.0000	0
Q	0.0489	0	0.0000	0
R	0.0252	0	0.0000	0
V	0.0008	0	0.0000	0
A	0.0005	0	0.0000	0
T	0.0046	0	0.0000	0
Q	0.0219	0	0.0000	0
V	0.0012	0	0.0000	0
N	0.0209	0	0.0000	0
R	0.1118	0	0.0003	0
I	0.0012	0	0.0000	0
K	0.0101	0	0.0000	0
A	0.0012	0	0.0000	0
L	0.0002	0	0.0000	0
Q	0.0595	0	0.0006	0
N	0.2720	0	0.0035	0
S	0.0052	0	0.0000	0
I	0.0002	0	0.0000	0
Q	0.0090	0	0.0000	0
E	0.0005	0	0.0000	0
Q	0.0003	0	0.0000	0
V	0.0006	0	0.0000	0
V	0.0014	0	0.0000	0
E	0.0007	0	0.0000	0
M	0.0002	0	0.0000	0
K	0.0006	0	0.0000	0
R	0.0053	0	0.0000	0
L	0.0002	0	0.0000	0
E	0.0006	0	0.0000	0
V	0.0021	0	0.0000	0
D	0.0032	0	0.0000	0
I	0.0005	0	0.0000	0
D	0.0076	0	0.0000	0
I	0.0038	0	0.0000	0
K	0.2372	0	0.0006	0
I	0.0030	0	0.0000	0
R	0.3217	0	0.0004	0
A	0.1653	0	0.0002	0
C	0.0309	0	0.0000	0
K	0.8480	1	0.0042	0
G	0.4528	1	0.0020	0
S	0.3663	1	0.0009	0
C	0.1843	0	0.0001	0
A	0.6801	1	0.0006	0
R	0.7662	1	0.0003	0
S	0.3210	0	0.0000	0
F	0.2021	0	0.0000	0
D	0.0722	0	0.0000	0
Y	0.0473	0	0.0000	0
Q	0.0122	0	0.0000	0
V	0.0031	0	0.0000	0
D	0.0095	0	0.0000	0
K	0.0060	0	0.0000	0
E	0.0050	0	0.0000	0
G	0.0013	0	0.0000	0
Y	0.0047	0	0.0000	0
D	0.0029	0	0.0000	0
N	0.0059	0	0.0000	0
I	0.0009	0	0.0000	0
Q	0.0044	0	0.0000	0
K	0.0097	0	0.0000	0
H	0.0009	0	0.0000	0
L	0.0002	0	0.0000	0
T	0.0003	0	0.0000	0
Q	0.0006	0	0.0000	0
A	0.0002	0	0.0000	0
S	0.0008	0	0.0000	0
S	0.0041	0	0.0000	0
I	0.0011	0	0.0000	0
D	0.0018	0	0.0000	0
M	0.0004	0	0.0000	0
H	0.0030	0	0.0000	0
P	0.0034	0	0.0000	0
D	0.0048	0	0.0000	0
F	0.0048	0	0.0000	0
Q	0.0058	0	0.0000	0
T	0.0230	0	0.0000	0
T	0.0142	0	0.0000	0
T	0.0100	0	0.0000	0
L	0.0043	0	0.0000	0
S	0.0230	0	0.0000	0
T	0.0107	0	0.0000	0
L	0.0646	0	0.0000	0
K	0.0859	0	0.0000	0
M	0.0310	0	0.0000	0
R	0.2603	0	0.0000	0
P	0.0341	0	0.0000	0
L	0.0136	0	0.0000	0
K	0.0688	0	0.0000	0
D	0.0904	0	0.0001	0
S	0.0967	0	0.0000	0
N	0.0294	0	0.0000	0
V	0.0068	0	0.0000	0
P	0.1255	0	0.0000	0
E	0.1247	0	0.0000	0
H	0.0473	0	0.0000	0
F	0.2793	0	0.0002	0
K	0.2630	0	0.0001	0
L	0.0624	0	0.0000	0
K	0.0504	0	0.0000	0
P	0.0014	0	0.0000	0
S	0.0021	0	0.0000	0
P	0.0008	0	0.0000	0
E	0.0004	0	0.0000	0
M	0.0006	0	0.0000	0
Q	0.0005	0	0.0000	0
A	0.0004	0	0.0000	0
M	0.0009	0	0.0000	0
S	0.0010	0	0.0000	0
A	0.0005	0	0.0000	0
F	0.0004	0	0.0000	0
N	0.0003	0	0.0000	0
N	0.0004	0	0.0000	0
I	0.0005	0	0.0000	0
K	0.0082	0	0.0000	0
Q	0.0119	0	0.0000	0
M	0.0017	0	0.0000	0
Q	0.0057	0	0.0000	0
V	0.0027	0	0.0000	0
V	0.0006	0	0.0000	0
L	0.0007	0	0.0000	0
E	0.0013	0	0.0000	0
R	0.0173	0	0.0000	0
P	0.0022	0	0.0000	0
E	0.0016	0	0.0000	0
T	0.0018	0	0.0000	0
D	0.0011	0	0.0000	0
H	0.0015	0	0.0000	0
V	0.0029	0	0.0000	0
A	0.0024	0	0.0000	0
E	0.0048	0	0.0000	0
A	0.0127	0	0.0000	0
R	0.0853	0	0.0000	0
G	0.0868	0	0.0000	0
D	0.0910	0	0.0000	0
S	0.1158	0	0.0000	0
S	0.1733	0	0.0000	0
P	0.0308	0	0.0000	0
S	0.1925	0	0.0000	0
H	0.2537	0	0.0000	0
T	0.2099	0	0.0000	0
G	0.0702	0	0.0000	0
K	0.3214	0	0.0000	0
L	0.0749	0	0.0000	0
I	0.0402	0	0.0000	0
T	0.0458	0	0.0000	0
S	0.1237	0	0.0000	0
S	0.0968	0	0.0000	0
H	0.0316	0	0.0000	0
R	0.0588	0	0.0000	0
R	0.1343	0	0.0000	0
E	0.0198	0	0.0000	0
S	0.0063	0	0.0000	0
P	0.0035	0	0.0000	0
S	0.0046	0	0.0000	0
L	0.0204	0	0.0000	0
V	0.0331	0	0.0000	0
D	0.0890	0	0.0000	0
K	0.3603	1	0.0000	0
T	0.0888	0	0.0000	0
S	0.3182	0	0.0000	0
S	0.3228	0	0.0000	0
A	0.4345	1	0.0000	0
S	0.5110	1	0.0000	0
S	0.6733	1	0.0000	0
V	0.5895	1	0.0000	0
H	0.5233	1	0.0000	0
R	0.5722	1	0.0000	0
C	0.0375	0	0.0000	0
T	0.4782	1	0.0000	0
R	0.6228	1	0.0000	0
T	0.4336	1	0.0000	0
V	0.0387	0	0.0000	0
T	0.3802	1	0.0002	0
K	0.1918	0	0.0002	0
K	0.0870	0	0.0001	0
V	0.0116	0	0.0000	0
I	0.0067	0	0.0000	0
S	0.0280	0	0.0001	0
G	0.1780	0	0.0028	0
P	0.1794	0	0.0018	0
D	0.1637	0	0.0010	0
G	0.0065	0	0.0000	0
P	0.0112	0	0.0000	0
R	0.0072	0	0.0000	0
E	0.0008	0	0.0000	0
E	0.0002	0	0.0000	0
I	0.0001	0	0.0000	0
V	0.0000	0	0.0000	0
E	0.0001	0	0.0000	0
K	0.0001	0	0.0000	0
M	0.0001	0	0.0000	0
V	0.0004	0	0.0000	0
S	0.0012	0	0.0000	0
S	0.0006	0	0.0000	0
D	0.0005	0	0.0000	0
G	0.0005	0	0.0000	0
S	0.0004	0	0.0000	0
D	0.0004	0	0.0000	0
C	0.0001	0	0.0000	0
S	0.0001	0	0.0000	0
H	0.0003	0	0.0000	0
L	0.0001	0	0.0000	0
Q	0.0003	0	0.0000	0
G	0.0002	0	0.0000	0
G	0.0002	0	0.0000	0
R	0.0003	0	0.0000	0
E	0.0002	0	0.0000	0
G	0.0003	0	0.0000	0
S	0.0010	0	0.0000	0
T	0.0013	0	0.0000	0
Y	0.0043	0	0.0000	0
H	0.0010	0	0.0000	0
F	0.0002	0	0.0000	0
S	0.0007	0	0.0000	0
G	0.0019	0	0.0000	0
T	0.0035	0	0.0000	0
G	0.0035	0	0.0000	0
D	0.0022	0	0.0000	0
F	0.0008	0	0.0000	0
H	0.0015	0	0.0000	0
K	0.0008	0	0.0000	0
L	0.0005	0	0.0000	0
D	0.0032	0	0.0000	0
R	0.0021	0	0.0000	0
L	0.0018	0	0.0000	0
L	0.0005	0	0.0000	0
P	0.0009	0	0.0000	0
D	0.0005	0	0.0000	0
L	0.0001	0	0.0000	0
E	0.0001	0	0.0000	0
S	0.0002	0	0.0000	0
F	0.0001	0	0.0000	0
F	0.0011	0	0.0000	0
T	0.0008	0	0.0000	0
H	0.0016	0	0.0000	0
D	0.0025	0	0.0000	0
S	0.0016	0	0.0000	0
V	0.0012	0	0.0000	0
S	0.0039	0	0.0000	0
T	0.0025	0	0.0000	0
S	0.0008	0	0.0000	0
S	0.0014	0	0.0000	0
R	0.0053	0	0.0000	0
H	0.0078	0	0.0000	0
S	0.0081	0	0.0000	0
I	0.0141	0	0.0000	0
G	0.0164	0	0.0000	0
S	0.1832	0	0.0002	0
S	0.1974	0	0.0001	0
T	0.0633	0	0.0000	0
S	0.0277	0	0.0000	0
S	0.0339	0	0.0000	0
H	0.0098	0	0.0000	0
V	0.0013	0	0.0000	0
T	0.0013	0	0.0000	0
G	0.0020	0	0.0000	0
A	0.0050	0	0.0000	0
G	0.0150	0	0.0001	0
S	0.0613	0	0.0006	0
S	0.0770	0	0.0007	0
H	0.0663	0	0.0004	0
L	0.0515	0	0.0003	0
G	0.0152	0	0.0001	0
T	0.0125	0	0.0000	0
G	0.0252	0	0.0001	0
G	0.0022	0	0.0000	0
K	0.0025	0	0.0000	0
D	0.0012	0	0.0000	0
K	0.0006	0	0.0000	0
F	0.0003	0	0.0000	0
T	0.0003	0	0.0000	0
D	0.0002	0	0.0000	0
L	0.0000	0	0.0000	0
G	0.0000	0	0.0000	0
E	0.0000	0	0.0000	0
E	0.0000	0	0.0000	0
E	0.0000	0	0.0000	0
E	0.0001	0	0.0000	0
D	0.0001	0	0.0000	0
D	0.0001	0	0.0000	0
F	0.0000	0	0.0000	0
G	0.0000	0	0.0000	0
G	0.0000	0	0.0000	0
L	0.0001	0	0.0000	0
Q	0.0002	0	0.0000	0
P	0.0003	0	0.0000	0
S	0.0005	0	0.0000	0
G	0.0018	0	0.0000	0
F	0.0319	0	0.0000	0
A	0.0102	0	0.0000	0
A	0.0112	0	0.0000	0
G	0.0215	0	0.0000	0
S	0.1360	0	0.0000	0
A	0.2923	0	0.0000	0
S	0.3834	1	0.0000	0
H	0.0621	0	0.0000	0
S	0.0109	0	0.0000	0
K	0.0026	0	0.0000	0
T	0.0010	0	0.0000	0
V	0.0012	0	0.0000	0
L	0.0006	0	0.0000	0
T	0.0241	0	0.0000	0
S	0.1286	0	0.0000	0
S	0.4096	1	0.0005	0
S	0.4112	1	0.0004	0
S	0.3068	0	0.0001	0
S	0.2268	0	0.0001	0
F	0.2156	0	0.0001	0
N	0.4401	1	0.0001	0
K	0.1683	0	0.0000	0
G	0.0070	0	0.0000	0
G	0.0044	0	0.0000	0
S	0.0023	0	0.0000	0
T	0.0053	0	0.0000	0
F	0.0013	0	0.0000	0
E	0.0016	0	0.0000	0
T	0.0113	0	0.0000	0
K	0.0238	0	0.0000	0
S	0.0068	0	0.0000	0
L	0.0062	0	0.0000	0
K	0.0169	0	0.0000	0
T	0.0018	0	0.0000	0
R	0.0009	0	0.0000	0
E	0.0001	0	0.0000	0
T	0.0000	0	0.0000	0
S	0.0001	0	0.0000	0
E	0.0000	0	0.0000	0
Q	0.0001	0	0.0000	0
L	0.0000	0	0.0000	0
G	0.0002	0	0.0000	0
G	0.0002	0	0.0000	0
V	0.0001	0	0.0000	0
Q	0.0001	0	0.0000	0
H	0.0006	0	0.0000	0
D	0.0002	0	0.0000	0
Q	0.0003	0	0.0000	0
S	0.0003	0	0.0000	0
A	0.0003	0	0.0000	0
E	0.0002	0	0.0000	0
D	0.0003	0	0.0000	0
T	0.0001	0	0.0000	0
P	0.0001	0	0.0000	0
D	0.0008	0	0.0000	0
F	0.0008	0	0.0000	0
K	0.0033	0	0.0000	0
A	0.0006	0	0.0000	0
R	0.0040	0	0.0000	0
S	0.0023	0	0.0000	0
F	0.0044	0	0.0000	0
R	0.0654	0	0.0006	0
P	0.0396	0	0.0002	0
A	0.0415	0	0.0002	0
A	0.0234	0	0.0002	0
M	0.0331	0	0.0004	0
S	0.0165	0	0.0003	0
T	0.0238	0	0.0005	0
R	0.0310	0	0.0008	0
R	0.0362	0	0.0009	0
S	0.0056	0	0.0001	0
Y	0.0198	0	0.0002	0
N	0.0031	0	0.0000	0
G	0.0006	0	0.0000	0
K	0.0011	0	0.0000	0
D	0.0002	0	0.0000	0
C	0.0001	0	0.0000	0
D	0.0017	0	0.0000	0
D	0.0033	0	0.0000	0
I	0.0001	0	0.0000	0
R	0.0009	0	0.0000	0
Q	0.0004	0	0.0000	0
K	0.0004	0	0.0000	0
H	0.0002	0	0.0000	0
T	0.0002	0	0.0000	0
S	0.0006	0	0.0000	0
G	0.0002	0	0.0000	0
A	0.0011	0	0.0000	0
K	0.0115	0	0.0007	0
S	0.0340	0	0.0045	0
G	0.0466	0	0.0065	0
I	0.0031	0	0.0002	0
F	0.0301	0	0.0011	0
K	0.0024	0	0.0002	0
I	0.0001	0	0.0000	0
K	0.0018	0	0.0001	0
P	0.0001	0	0.0000	0
E	0.0001	0	0.0000	0
G	0.0001	0	0.0000	0
S	0.0001	0	0.0000	0
N	0.0001	0	0.0000	0
K	0.0001	0	0.0000	0
V	0.0001	0	0.0000	0
L	0.0000	0	0.0000	0
S	0.0001	0	0.0000	0
V	0.0000	0	0.0000	0
Y	0.0001	0	0.0000	0
C	0.0001	0	0.0000	0
D	0.0010	0	0.0001	0
Q	0.0029	0	0.0001	0
E	0.0203	0	0.0010	0
T	0.0582	0	0.0028	0
T	0.0070	0	0.0004	0
L	0.0269	0	0.0009	0
G	0.0176	0	0.0005	0
G	0.0027	0	0.0000	0
W	0.0266	0	0.0006	0
L	0.0089	0	0.0001	0
L	0.0033	0	0.0000	0
I	0.0005	0	0.0000	0
Q	0.0038	0	0.0000	0
Q	0.0403	0	0.0000	0
R	0.0180	0	0.0000	0
M	0.0013	0	0.0000	0
D	0.0011	0	0.0000	0
G	0.0023	0	0.0000	0
S	0.0560	0	0.0005	0
V	0.0043	0	0.0000	0
N	0.2974	0	0.0060	0
F	0.0440	0	0.0004	0
N	0.2013	0	0.0051	0
R	0.0760	0	0.0006	0
T	0.0161	0	0.0001	0
W	0.0381	0	0.0002	0
Q	0.0057	0	0.0001	0
D	0.0002	0	0.0000	0
Y	0.0015	0	0.0000	0
R	0.0010	0	0.0000	0
R	0.0004	0	0.0000	0
G	0.0001	0	0.0000	0
F	0.0001	0	0.0000	0
G	0.0002	0	0.0000	0
S	0.0004	0	0.0000	0
V	0.0004	0	0.0000	0
D	0.0005	0	0.0000	0
G	0.0007	0	0.0000	0
K	0.0005	0	0.0000	0
G	0.0005	0	0.0000	0
Q	0.0007	0	0.0000	0
G	0.0005	0	0.0000	0
E	0.0012	0	0.0000	0
L	0.0008	0	0.0000	0
W	0.0123	0	0.0001	0
L	0.0006	0	0.0000	0
G	0.0044	0	0.0000	0
N	0.0879	0	0.0004	0
E	0.7870	1	0.0012	0
N	0.9380	1	0.0004	0
I	0.1769	0	0.0001	0
H	0.8533	1	0.0001	0
L	0.0660	0	0.0000	0
L	0.0086	0	0.0000	0
T	0.0218	0	0.0000	0
Q	0.0143	0	0.0000	0
N	0.0077	0	0.0000	0
D	0.0010	0	0.0000	0
T	0.0018	0	0.0000	0
L	0.0022	0	0.0000	0
L	0.0001	0	0.0000	0
R	0.0245	0	0.0000	0
V	0.0004	0	0.0000	0
E	0.0016	0	0.0000	0
L	0.0008	0	0.0000	0
E	0.0047	0	0.0000	0
D	0.0013	0	0.0000	0
W	0.0006	0	0.0000	0
D	0.0006	0	0.0000	0
G	0.0006	0	0.0000	0
N	0.0008	0	0.0000	0
A	0.0007	0	0.0000	0
A	0.0002	0	0.0000	0
Y	0.0031	0	0.0000	0
A	0.0002	0	0.0000	0
E	0.0004	0	0.0000	0
Y	0.0010	0	0.0000	0
I	0.0008	0	0.0000	0
V	0.0003	0	0.0000	0
Q	0.0006	0	0.0000	0
V	0.0001	0	0.0000	0
G	0.0001	0	0.0000	0
T	0.0004	0	0.0000	0
E	0.0014	0	0.0000	0
A	0.0003	0	0.0000	0
E	0.0002	0	0.0000	0
G	0.0001	0	0.0000	0
Y	0.0001	0	0.0000	0
A	0.0002	0	0.0000	0
L	0.0000	0	0.0000	0
T	0.0001	0	0.0000	0
V	0.0000	0	0.0000	0
S	0.0000	0	0.0000	0
S	0.0000	0	0.0000	0
Y	0.0000	0	0.0000	0
E	0.0000	0	0.0000	0
G	0.0001	0	0.0000	0
T	0.0002	0	0.0000	0
A	0.0001	0	0.0000	0
G	0.0005	0	0.0000	0
D	0.0005	0	0.0000	0
A	0.0001	0	0.0000	0
L	0.0001	0	0.0000	0
V	0.0001	0	0.0000	0
A	0.0001	0	0.0000	0
G	0.0001	0	0.0000	0
W	0.0001	0	0.0000	0
L	0.0001	0	0.0000	0
E	0.0001	0	0.0000	0
E	0.0001	0	0.0000	0
G	0.0002	0	0.0000	0
S	0.0002	0	0.0000	0
E	0.0001	0	0.0000	0
Y	0.0003	0	0.0000	0
T	0.0003	0	0.0000	0
S	0.0004	0	0.0000	0
H	0.0012	0	0.0000	0
A	0.0006	0	0.0000	0
Q	0.0006	0	0.0000	0
M	0.0004	0	0.0000	0
Q	0.0019	0	0.0000	0
F	0.0061	0	0.0000	0
S	0.0002	0	0.0000	0
T	0.0007	0	0.0000	0
F	0.0032	0	0.0000	0
D	0.0017	0	0.0000	0
R	0.0070	0	0.0001	0
D	0.0006	0	0.0000	0
Q	0.0005	0	0.0000	0
D	0.0004	0	0.0000	0
H	0.0008	0	0.0000	0
W	0.0006	0	0.0000	0
E	0.0008	0	0.0000	0
E	0.0005	0	0.0000	0
S	0.0014	0	0.0000	0
C	0.0004	0	0.0000	0
A	0.0004	0	0.0000	0
E	0.0018	0	0.0000	0
V	0.0004	0	0.0000	0
Y	0.0054	0	0.0000	0
G	0.0016	0	0.0000	0
G	0.0016	0	0.0000	0
G	0.0027	0	0.0000	0
W	0.0081	0	0.0001	0
W	0.0020	0	0.0000	0
Y	0.0007	0	0.0000	0
N	0.0004	0	0.0000	0
S	0.0004	0	0.0000	0
C	0.0001	0	0.0000	0
Q	0.0003	0	0.0000	0
A	0.0005	0	0.0000	0
A	0.0057	0	0.0002	0
N	0.0334	0	0.0019	0
L	0.0020	0	0.0001	0
N	0.0910	0	0.0057	0
G	0.0398	0	0.0008	0
I	0.0461	0	0.0003	0
Y	0.2703	0	0.0007	0
Y	0.0374	0	0.0000	0
P	0.0268	0	0.0000	0
G	0.0158	0	0.0000	0
G	0.0061	0	0.0000	0
H	0.0265	0	0.0000	0
Y	0.0341	0	0.0000	0
D	0.0178	0	0.0000	0
P	0.0054	0	0.0000	0
R	0.0311	0	0.0000	0
Y	0.0113	0	0.0000	0
N	0.0014	0	0.0000	0
V	0.0058	0	0.0000	0
P	0.0059	0	0.0000	0
Y	0.0035	0	0.0000	0
E	0.0016	0	0.0000	0
I	0.0022	0	0.0000	0
E	0.0006	0	0.0000	0
N	0.0006	0	0.0000	0
G	0.0003	0	0.0000	0
V	0.0003	0	0.0000	0
V	0.0005	0	0.0000	0
W	0.0020	0	0.0000	0
I	0.0033	0	0.0000	0
P	0.0322	0	0.0001	0
F	0.0011	0	0.0000	0
R	0.0056	0	0.0000	0
A	0.0012	0	0.0000	0
S	0.0022	0	0.0000	0
D	0.0409	0	0.0000	0
Y	0.0305	0	0.0000	0
S	0.0332	0	0.0000	0
L	0.0023	0	0.0000	0
K	0.0118	0	0.0000	0
V	0.0131	0	0.0000	0
V	0.0007	0	0.0000	0
R	0.0043	0	0.0000	0
M	0.0030	0	0.0000	0
K	0.3853	1	0.0001	0
I	0.0090	0	0.0000	0
R	0.4804	1	0.0004	0
P	0.0047	0	0.0000	0
L	0.0053	0	0.0000	0
E	0.0069	0	0.0000	0
T	0.0181	0	0.0000	0
L	0.0403	0	0.0001	0
</pre></body></html>