<html><head></head><body><pre style="word-wrap: break-word; white-space: pre-wrap;">&gt;Q76G20
Amino Acid	probability_DNA	binary_DNA	probability_RNA	binary_RNA
M	0.0052	0	0.2891	1
I	0.0004	0	0.0103	0
S	0.0011	0	0.0390	0
V	0.0006	0	0.0060	0
T	0.0044	0	0.0287	0
D	0.0024	0	0.0259	0
L	0.0001	0	0.0004	0
R	0.0595	0	0.4008	1
P	0.0032	0	0.0421	0
G	0.0013	0	0.0385	0
T	0.0001	0	0.0017	0
K	0.0000	0	0.0007	0
V	0.0000	0	0.0005	0
K	0.0000	0	0.0020	0
M	0.0000	0	0.0019	0
D	0.0001	0	0.0323	0
G	0.0001	0	0.0191	0
G	0.0001	0	0.0078	0
L	0.0000	0	0.0010	0
W	0.0000	0	0.0016	0
E	0.0000	0	0.0013	0
C	0.0001	0	0.0024	0
V	0.0001	0	0.0051	0
E	0.0038	0	0.0722	0
Y	0.0028	0	0.0493	0
Q	0.0084	0	0.0690	0
H	0.0194	0	0.1693	1
Q	0.1149	0	0.4071	1
K	0.3361	0	0.6735	1
L	0.1171	0	0.4631	1
G	0.2782	0	0.6004	1
R	0.5562	1	0.7804	1
G	0.4331	1	0.7418	1
G	0.4692	1	0.4088	1
A	0.0923	0	0.0437	0
K	0.5424	1	0.2810	1
V	0.0133	0	0.0026	0
V	0.3384	0	0.1265	0
A	0.0015	0	0.0001	0
K	0.2458	0	0.0159	0
F	0.0221	0	0.0005	0
K	0.2355	0	0.0162	0
N	0.0026	0	0.0001	0
L	0.0006	0	0.0000	0
E	0.0569	0	0.0100	0
T	0.0429	0	0.0037	0
G	0.0398	0	0.0038	0
A	0.0119	0	0.0003	0
T	0.2503	0	0.0130	0
V	0.2855	0	0.0141	0
E	0.0188	0	0.0007	0
R	0.0068	0	0.0002	0
T	0.0167	0	0.0009	0
F	0.0010	0	0.0000	0
N	0.0053	0	0.0007	0
S	0.0045	0	0.0002	0
G	0.0023	0	0.0002	0
E	0.0034	0	0.0002	0
K	0.0622	0	0.0028	0
L	0.0017	0	0.0000	0
E	0.0096	0	0.0003	0
D	0.0016	0	0.0000	0
I	0.0001	0	0.0000	0
Y	0.0003	0	0.0000	0
V	0.0001	0	0.0000	0
E	0.0011	0	0.0001	0
T	0.0145	0	0.0010	0
R	0.0112	0	0.0008	0
E	0.0012	0	0.0001	0
L	0.0004	0	0.0000	0
Q	0.0036	0	0.0009	0
Y	0.0003	0	0.0000	0
L	0.0003	0	0.0000	0
Y	0.0024	0	0.0004	0
P	0.0003	0	0.0001	0
E	0.0002	0	0.0000	0
G	0.0003	0	0.0001	0
E	0.0004	0	0.0001	0
E	0.0019	0	0.0003	0
M	0.0002	0	0.0001	0
V	0.0003	0	0.0001	0
F	0.0003	0	0.0001	0
M	0.0007	0	0.0004	0
D	0.0026	0	0.0032	0
L	0.0040	0	0.0046	0
E	0.0062	0	0.0044	0
T	0.0170	0	0.0147	0
Y	0.1005	0	0.1321	0
E	0.0052	0	0.0041	0
Q	0.0187	0	0.0113	0
F	0.0027	0	0.0018	0
A	0.0013	0	0.0008	0
V	0.0004	0	0.0001	0
P	0.0011	0	0.0005	0
R	0.0019	0	0.0004	0
S	0.0020	0	0.0004	0
R	0.0016	0	0.0005	0
V	0.0005	0	0.0002	0
V	0.0004	0	0.0002	0
G	0.0014	0	0.0007	0
A	0.0025	0	0.0008	0
E	0.0211	0	0.0039	0
F	0.1236	0	0.0151	0
F	0.0019	0	0.0002	0
K	0.0075	0	0.0010	0
E	0.0017	0	0.0002	0
G	0.0009	0	0.0001	0
M	0.0009	0	0.0001	0
T	0.0020	0	0.0002	0
A	0.0001	0	0.0000	0
L	0.0002	0	0.0000	0
G	0.0000	0	0.0000	0
D	0.0000	0	0.0000	0
M	0.0001	0	0.0000	0
Y	0.0006	0	0.0006	0
E	0.0001	0	0.0002	0
G	0.0001	0	0.0001	0
Q	0.0001	0	0.0001	0
P	0.0001	0	0.0000	0
I	0.0000	0	0.0000	0
K	0.0001	0	0.0002	0
V	0.0001	0	0.0001	0
T	0.0031	0	0.0030	0
P	0.0002	0	0.0001	0
P	0.0005	0	0.0003	0
T	0.0013	0	0.0008	0
V	0.0039	0	0.0027	0
V	0.0001	0	0.0001	0
E	0.0002	0	0.0001	0
L	0.0000	0	0.0000	0
K	0.0001	0	0.0001	0
V	0.0000	0	0.0001	0
V	0.0002	0	0.0006	0
D	0.0004	0	0.0026	0
T	0.0039	0	0.0291	0
P	0.0150	0	0.0982	0
P	0.0458	0	0.1718	1
G	0.0628	0	0.0943	0
V	0.2363	0	0.3858	1
R	0.3697	1	0.5721	1
G	0.2479	0	0.1591	1
D	0.2955	0	0.1992	1
T	0.4169	1	0.2977	1
V	0.4079	1	0.1294	0
S	0.2019	0	0.0341	0
G	0.1139	0	0.0064	0
G	0.0509	0	0.0054	0
S	0.0982	0	0.0102	0
K	0.3225	0	0.0475	0
P	0.0926	0	0.0023	0
A	0.0079	0	0.0001	0
T	0.1124	0	0.0071	0
L	0.0003	0	0.0000	0
E	0.0002	0	0.0001	0
T	0.0001	0	0.0000	0
G	0.0000	0	0.0000	0
A	0.0000	0	0.0000	0
V	0.0001	0	0.0000	0
V	0.0001	0	0.0000	0
Q	0.0017	0	0.0013	0
V	0.0010	0	0.0003	0
P	0.0003	0	0.0001	0
L	0.0002	0	0.0001	0
F	0.0040	0	0.0081	0
V	0.0003	0	0.0001	0
E	0.0005	0	0.0002	0
P	0.0004	0	0.0001	0
G	0.0001	0	0.0000	0
E	0.0001	0	0.0000	0
V	0.0001	0	0.0000	0
I	0.0000	0	0.0000	0
K	0.0001	0	0.0000	0
V	0.0000	0	0.0000	0
D	0.0004	0	0.0000	0
T	0.0004	0	0.0000	0
R	0.0009	0	0.0001	0
T	0.0009	0	0.0001	0
G	0.0002	0	0.0000	0
E	0.0011	0	0.0002	0
Y	0.0273	0	0.0047	0
V	0.0003	0	0.0000	0
G	0.0003	0	0.0000	0
R	0.1250	0	0.0238	0
A	0.0118	0	0.0011	0
</pre></body></html>