<html><head></head><body><pre style="word-wrap: break-word; white-space: pre-wrap;">&gt;O28029
Amino Acid	probability_DNA	binary_DNA	probability_RNA	binary_RNA
M	0.0230	0	0.0000	0
T	0.0019	0	0.0000	0
L	0.0010	0	0.0000	0
D	0.0005	0	0.0000	0
E	0.0002	0	0.0000	0
E	0.0001	0	0.0000	0
Y	0.0001	0	0.0000	0
L	0.0002	0	0.0000	0
D	0.0007	0	0.0000	0
I	0.0003	0	0.0000	0
T	0.0002	0	0.0000	0
F	0.0002	0	0.0000	0
L	0.0002	0	0.0000	0
T	0.0003	0	0.0000	0
E	0.0008	0	0.0000	0
N	0.0005	0	0.0000	0
G	0.0007	0	0.0000	0
F	0.0009	0	0.0000	0
V	0.0083	0	0.0000	0
R	0.4763	1	0.0001	0
K	0.7362	1	0.0000	0
R	0.2133	0	0.0000	0
C	0.0048	0	0.0000	0
P	0.0464	0	0.0000	0
K	0.1268	0	0.0000	0
C	0.0053	0	0.0000	0
G	0.0820	0	0.0000	0
K	0.1770	0	0.0000	0
H	0.0810	0	0.0000	0
F	0.0958	0	0.0000	0
W	0.1134	0	0.0000	0
T	0.0199	0	0.0000	0
A	0.0093	0	0.0000	0
D	0.0011	0	0.0000	0
P	0.0006	0	0.0000	0
E	0.0006	0	0.0000	0
R	0.0027	0	0.0000	0
E	0.0005	0	0.0000	0
I	0.0005	0	0.0000	0
C	0.0002	0	0.0000	0
G	0.0007	0	0.0000	0
D	0.0028	0	0.0000	0
P	0.0009	0	0.0000	0
P	0.0008	0	0.0000	0
C	0.0007	0	0.0000	0
E	0.0017	0	0.0000	0
S	0.0028	0	0.0000	0
Y	0.0010	0	0.0000	0
S	0.0018	0	0.0000	0
F	0.0005	0	0.0000	0
I	0.0002	0	0.0000	0
G	0.0012	0	0.0000	0
N	0.0031	0	0.0000	0
P	0.0013	0	0.0000	0
V	0.0010	0	0.0000	0
F	0.0021	0	0.0000	0
K	0.0051	0	0.0000	0
K	0.0034	0	0.0000	0
P	0.0028	0	0.0000	0
F	0.0007	0	0.0000	0
E	0.0019	0	0.0000	0
L	0.0014	0	0.0000	0
D	0.0037	0	0.0000	0
E	0.0009	0	0.0000	0
M	0.0001	0	0.0000	0
R	0.0160	0	0.0000	0
E	0.0049	0	0.0000	0
Y	0.0017	0	0.0000	0
Y	0.0006	0	0.0000	0
L	0.0005	0	0.0000	0
N	0.0032	0	0.0000	0
F	0.0023	0	0.0000	0
F	0.0014	0	0.0000	0
E	0.0008	0	0.0000	0
R	0.0026	0	0.0000	0
R	0.0104	0	0.0000	0
G	0.0034	0	0.0000	0
H	0.0046	0	0.0000	0
G	0.0062	0	0.0000	0
R	0.0071	0	0.0000	0
I	0.0019	0	0.0000	0
E	0.0040	0	0.0000	0
R	0.0038	0	0.0000	0
Y	0.0058	0	0.0000	0
P	0.0071	0	0.0000	0
V	0.0017	0	0.0000	0
V	0.0010	0	0.0000	0
A	0.0012	0	0.0000	0
R	0.0023	0	0.0000	0
W	0.0010	0	0.0000	0
R	0.0017	0	0.0000	0
T	0.0070	0	0.0000	0
D	0.0359	0	0.0001	0
I	0.0009	0	0.0000	0
Y	0.0073	0	0.0000	0
L	0.0185	0	0.0002	0
T	0.0673	0	0.0001	0
I	0.0900	0	0.0001	0
A	0.0572	0	0.0001	0
S	0.0084	0	0.0000	0
I	0.0631	0	0.0000	0
A	0.0264	0	0.0000	0
D	0.0349	0	0.0000	0
F	0.0023	0	0.0000	0
Q	0.0351	0	0.0000	0
P	0.0036	0	0.0000	0
F	0.0008	0	0.0000	0
V	0.0003	0	0.0000	0
T	0.0004	0	0.0000	0
S	0.0003	0	0.0000	0
G	0.0006	0	0.0000	0
V	0.0007	0	0.0000	0
A	0.0003	0	0.0000	0
P	0.0006	0	0.0000	0
P	0.0013	0	0.0000	0
P	0.0011	0	0.0000	0
A	0.0028	0	0.0000	0
N	0.0027	0	0.0000	0
P	0.0075	0	0.0000	0
L	0.0012	0	0.0000	0
T	0.0014	0	0.0000	0
I	0.0131	0	0.0000	0
S	0.0198	0	0.0000	0
Q	0.3123	0	0.0000	0
P	0.0673	0	0.0000	0
C	0.0192	0	0.0000	0
I	0.0171	0	0.0000	0
R	0.3411	0	0.0000	0
L	0.0024	0	0.0000	0
D	0.0049	0	0.0000	0
D	0.0027	0	0.0000	0
L	0.0045	0	0.0000	0
D	0.0352	0	0.0001	0
S	0.0181	0	0.0000	0
V	0.0008	0	0.0000	0
G	0.0023	0	0.0000	0
R	0.0250	0	0.0000	0
T	0.0986	0	0.0001	0
G	0.1725	0	0.0002	0
R	0.5534	1	0.0008	0
H	0.7560	1	0.0001	0
L	0.3840	1	0.0000	0
T	0.0538	0	0.0000	0
L	0.1232	0	0.0000	0
F	0.0483	0	0.0000	0
E	0.1021	0	0.0000	0
M	0.0590	0	0.0000	0
M	0.0083	0	0.0000	0
A	0.0035	0	0.0000	0
H	0.0575	0	0.0000	0
H	0.0295	0	0.0000	0
A	0.2299	0	0.0000	0
F	0.3638	1	0.0000	0
N	0.0316	0	0.0000	0
Y	0.2501	0	0.0000	0
P	0.0715	0	0.0000	0
G	0.0729	0	0.0000	0
K	0.0389	0	0.0000	0
E	0.0176	0	0.0000	0
I	0.0028	0	0.0000	0
Y	0.0307	0	0.0000	0
W	0.0004	0	0.0000	0
K	0.0093	0	0.0000	0
N	0.0005	0	0.0000	0
E	0.0003	0	0.0000	0
T	0.0002	0	0.0000	0
V	0.0001	0	0.0000	0
A	0.0002	0	0.0000	0
Y	0.0001	0	0.0000	0
C	0.0003	0	0.0000	0
T	0.0003	0	0.0000	0
E	0.0001	0	0.0000	0
L	0.0000	0	0.0000	0
L	0.0000	0	0.0000	0
N	0.0001	0	0.0000	0
E	0.0000	0	0.0000	0
L	0.0000	0	0.0000	0
G	0.0000	0	0.0000	0
V	0.0000	0	0.0000	0
K	0.0001	0	0.0000	0
K	0.0001	0	0.0000	0
E	0.0001	0	0.0000	0
D	0.0003	0	0.0000	0
I	0.0001	0	0.0000	0
V	0.0001	0	0.0000	0
Y	0.0003	0	0.0000	0
K	0.0014	0	0.0000	0
E	0.0043	0	0.0000	0
E	0.0665	0	0.0001	0
P	0.0569	0	0.0000	0
W	0.0342	0	0.0000	0
A	0.0007	0	0.0000	0
G	0.0006	0	0.0000	0
G	0.0003	0	0.0000	0
G	0.0003	0	0.0000	0
N	0.0002	0	0.0000	0
A	0.0001	0	0.0000	0
G	0.0005	0	0.0000	0
P	0.0001	0	0.0000	0
C	0.0003	0	0.0000	0
L	0.0024	0	0.0000	0
E	0.0073	0	0.0001	0
A	0.0004	0	0.0000	0
I	0.0044	0	0.0001	0
V	0.0010	0	0.0000	0
G	0.0013	0	0.0000	0
G	0.0017	0	0.0000	0
L	0.0005	0	0.0000	0
E	0.0054	0	0.0000	0
V	0.0007	0	0.0000	0
A	0.0028	0	0.0000	0
T	0.0063	0	0.0001	0
L	0.0009	0	0.0000	0
V	0.0021	0	0.0000	0
F	0.0379	0	0.0003	0
M	0.0035	0	0.0000	0
N	0.0393	0	0.0002	0
L	0.0518	0	0.0001	0
E	0.0090	0	0.0000	0
E	0.0226	0	0.0000	0
H	0.0024	0	0.0000	0
P	0.0016	0	0.0000	0
E	0.0009	0	0.0000	0
G	0.0005	0	0.0000	0
D	0.0007	0	0.0000	0
I	0.0006	0	0.0000	0
E	0.0004	0	0.0000	0
I	0.0003	0	0.0000	0
K	0.0007	0	0.0000	0
G	0.0006	0	0.0000	0
A	0.0006	0	0.0000	0
R	0.0008	0	0.0000	0
Y	0.0005	0	0.0000	0
R	0.0005	0	0.0000	0
K	0.0006	0	0.0000	0
M	0.0002	0	0.0000	0
D	0.0006	0	0.0000	0
N	0.0005	0	0.0000	0
Y	0.0044	0	0.0000	0
I	0.0034	0	0.0000	0
V	0.0018	0	0.0000	0
D	0.2534	0	0.0083	0
T	0.0041	0	0.0000	0
G	0.0119	0	0.0002	0
Y	0.0079	0	0.0001	0
G	0.2422	0	0.0124	0
L	0.0287	0	0.0002	0
E	0.1686	0	0.0018	0
R	0.4779	1	0.0090	0
F	0.0011	0	0.0000	0
V	0.0008	0	0.0000	0
W	0.0036	0	0.0000	0
A	0.0021	0	0.0000	0
S	0.0032	0	0.0000	0
K	0.5592	1	0.0041	0
G	0.0870	0	0.0001	0
T	0.0970	0	0.0001	0
P	0.2258	0	0.0004	0
T	0.5352	1	0.0025	0
V	0.0220	0	0.0000	0
Y	0.0142	0	0.0000	0
D	0.0036	0	0.0000	0
A	0.0002	0	0.0000	0
I	0.0001	0	0.0000	0
F	0.0002	0	0.0000	0
P	0.0004	0	0.0000	0
E	0.0001	0	0.0000	0
V	0.0001	0	0.0000	0
V	0.0001	0	0.0000	0
D	0.0002	0	0.0000	0
T	0.0001	0	0.0000	0
I	0.0000	0	0.0000	0
I	0.0001	0	0.0000	0
D	0.0002	0	0.0000	0
N	0.0002	0	0.0000	0
S	0.0002	0	0.0000	0
N	0.0005	0	0.0000	0
V	0.0008	0	0.0000	0
S	0.0014	0	0.0000	0
F	0.0015	0	0.0000	0
N	0.0010	0	0.0000	0
R	0.0009	0	0.0000	0
E	0.0007	0	0.0000	0
D	0.0006	0	0.0000	0
E	0.0004	0	0.0000	0
R	0.0006	0	0.0000	0
V	0.0002	0	0.0000	0
R	0.0018	0	0.0000	0
R	0.0003	0	0.0000	0
I	0.0001	0	0.0000	0
V	0.0002	0	0.0000	0
A	0.0007	0	0.0000	0
E	0.0008	0	0.0000	0
S	0.0003	0	0.0000	0
S	0.0004	0	0.0000	0
K	0.0019	0	0.0000	0
L	0.0021	0	0.0000	0
A	0.0021	0	0.0000	0
G	0.0013	0	0.0000	0
I	0.0012	0	0.0000	0
M	0.0005	0	0.0000	0
G	0.0009	0	0.0000	0
E	0.0008	0	0.0000	0
L	0.0005	0	0.0000	0
R	0.0010	0	0.0000	0
G	0.0014	0	0.0000	0
E	0.0011	0	0.0000	0
R	0.0030	0	0.0000	0
L	0.0005	0	0.0000	0
N	0.0008	0	0.0000	0
Q	0.0019	0	0.0000	0
L	0.0003	0	0.0000	0
R	0.0046	0	0.0000	0
K	0.0018	0	0.0000	0
S	0.0007	0	0.0000	0
V	0.0002	0	0.0000	0
A	0.0002	0	0.0000	0
D	0.0003	0	0.0000	0
T	0.0008	0	0.0000	0
V	0.0002	0	0.0000	0
G	0.0004	0	0.0000	0
V	0.0002	0	0.0000	0
S	0.0003	0	0.0000	0
V	0.0007	0	0.0000	0
E	0.0002	0	0.0000	0
E	0.0002	0	0.0000	0
L	0.0001	0	0.0000	0
E	0.0002	0	0.0000	0
G	0.0002	0	0.0000	0
I	0.0001	0	0.0000	0
V	0.0001	0	0.0000	0
V	0.0003	0	0.0000	0
P	0.0002	0	0.0000	0
L	0.0002	0	0.0000	0
E	0.0002	0	0.0000	0
K	0.0003	0	0.0000	0
V	0.0001	0	0.0000	0
Y	0.0035	0	0.0000	0
S	0.0002	0	0.0000	0
L	0.0004	0	0.0000	0
A	0.0012	0	0.0000	0
D	0.0242	0	0.0000	0
H	0.4835	1	0.0017	0
T	0.0012	0	0.0000	0
R	0.0248	0	0.0001	0
C	0.0009	0	0.0000	0
I	0.0001	0	0.0000	0
L	0.0003	0	0.0000	0
F	0.0005	0	0.0000	0
M	0.0003	0	0.0000	0
L	0.0003	0	0.0000	0
G	0.0007	0	0.0000	0
D	0.0022	0	0.0000	0
G	0.0035	0	0.0000	0
L	0.0067	0	0.0000	0
V	0.0871	0	0.0001	0
P	0.2371	0	0.0006	0
S	0.4161	1	0.0015	0
N	0.7802	1	0.0014	0
A	0.5214	1	0.0014	0
G	0.4428	1	0.0028	0
A	0.4538	1	0.0025	0
G	0.2901	0	0.0012	0
Y	0.8311	1	0.0039	0
L	0.0155	0	0.0000	0
A	0.0060	0	0.0000	0
R	0.5922	1	0.0072	0
L	0.3172	0	0.0006	0
M	0.0027	0	0.0000	0
I	0.0045	0	0.0000	0
R	0.7124	1	0.0008	0
R	0.3714	1	0.0002	0
S	0.0009	0	0.0000	0
L	0.0009	0	0.0000	0
R	0.4162	1	0.0002	0
L	0.0046	0	0.0000	0
A	0.0036	0	0.0000	0
E	0.1702	0	0.0001	0
E	0.0035	0	0.0000	0
L	0.0006	0	0.0000	0
E	0.0036	0	0.0000	0
L	0.0032	0	0.0000	0
G	0.0086	0	0.0000	0
L	0.0022	0	0.0000	0
D	0.0010	0	0.0000	0
L	0.0008	0	0.0000	0
Y	0.0002	0	0.0000	0
D	0.0001	0	0.0000	0
L	0.0001	0	0.0000	0
V	0.0000	0	0.0000	0
E	0.0000	0	0.0000	0
M	0.0000	0	0.0000	0
H	0.0000	0	0.0000	0
K	0.0000	0	0.0000	0
K	0.0000	0	0.0000	0
I	0.0000	0	0.0000	0
L	0.0000	0	0.0000	0
G	0.0001	0	0.0000	0
F	0.0000	0	0.0000	0
E	0.0001	0	0.0000	0
F	0.0001	0	0.0000	0
D	0.0003	0	0.0000	0
V	0.0003	0	0.0000	0
P	0.0004	0	0.0000	0
L	0.0004	0	0.0000	0
S	0.0002	0	0.0000	0
T	0.0002	0	0.0000	0
V	0.0001	0	0.0000	0
Q	0.0003	0	0.0000	0
E	0.0004	0	0.0000	0
I	0.0001	0	0.0000	0
L	0.0001	0	0.0000	0
E	0.0010	0	0.0000	0
L	0.0008	0	0.0000	0
E	0.0061	0	0.0000	0
K	0.0101	0	0.0000	0
E	0.0403	0	0.0001	0
R	0.1311	0	0.0006	0
Y	0.0113	0	0.0000	0
R	0.0292	0	0.0001	0
T	0.1501	0	0.0011	0
T	0.3470	0	0.0015	0
V	0.0027	0	0.0000	0
S	0.0036	0	0.0000	0
K	0.1761	0	0.0007	0
G	0.0029	0	0.0000	0
T	0.0008	0	0.0000	0
R	0.0024	0	0.0000	0
L	0.0013	0	0.0000	0
V	0.0002	0	0.0000	0
E	0.0030	0	0.0000	0
R	0.0324	0	0.0001	0
L	0.0009	0	0.0000	0
V	0.0002	0	0.0000	0
E	0.0016	0	0.0000	0
R	0.0012	0	0.0000	0
K	0.0012	0	0.0000	0
K	0.0014	0	0.0000	0
K	0.0011	0	0.0000	0
L	0.0011	0	0.0000	0
E	0.0016	0	0.0000	0
K	0.0077	0	0.0000	0
D	0.0061	0	0.0000	0
D	0.0009	0	0.0000	0
L	0.0003	0	0.0000	0
I	0.0003	0	0.0000	0
E	0.0087	0	0.0000	0
L	0.0003	0	0.0000	0
Y	0.1295	0	0.0100	0
D	0.0373	0	0.0027	0
S	0.6352	1	0.1492	0
H	0.5032	1	0.1795	1
G	0.0148	0	0.0011	0
I	0.0030	0	0.0000	0
P	0.0038	0	0.0001	0
V	0.0005	0	0.0000	0
E	0.0002	0	0.0000	0
L	0.0001	0	0.0000	0
A	0.0001	0	0.0000	0
V	0.0001	0	0.0000	0
G	0.0000	0	0.0000	0
I	0.0000	0	0.0000	0
A	0.0000	0	0.0000	0
A	0.0002	0	0.0000	0
E	0.0001	0	0.0000	0
K	0.0002	0	0.0000	0
G	0.0002	0	0.0000	0
A	0.0001	0	0.0000	0
E	0.0012	0	0.0000	0
V	0.0060	0	0.0000	0
E	0.0018	0	0.0000	0
M	0.0008	0	0.0000	0
P	0.0003	0	0.0000	0
K	0.0006	0	0.0000	0
D	0.0013	0	0.0000	0
I	0.0007	0	0.0000	0
Y	0.0010	0	0.0000	0
A	0.0012	0	0.0000	0
E	0.0008	0	0.0000	0
L	0.0007	0	0.0000	0
A	0.0004	0	0.0000	0
K	0.0028	0	0.0000	0
R	0.0216	0	0.0000	0
H	0.0128	0	0.0000	0
S	0.0022	0	0.0000	0
K	0.0086	0	0.0000	0
A	0.0097	0	0.0000	0
E	0.0366	0	0.0000	0
K	0.0147	0	0.0000	0
V	0.0058	0	0.0000	0
Q	0.0101	0	0.0000	0
E	0.0054	0	0.0000	0
K	0.0061	0	0.0000	0
K	0.0130	0	0.0000	0
I	0.0041	0	0.0000	0
T	0.0042	0	0.0000	0
L	0.0016	0	0.0000	0
Q	0.0019	0	0.0000	0
N	0.0007	0	0.0000	0
E	0.0010	0	0.0000	0
Y	0.0006	0	0.0000	0
P	0.0009	0	0.0000	0
A	0.0012	0	0.0000	0
T	0.0021	0	0.0000	0
E	0.0018	0	0.0000	0
K	0.0017	0	0.0000	0
L	0.0003	0	0.0000	0
Y	0.0006	0	0.0000	0
Y	0.0018	0	0.0000	0
D	0.0005	0	0.0000	0
D	0.0003	0	0.0000	0
P	0.0002	0	0.0000	0
T	0.0004	0	0.0000	0
L	0.0002	0	0.0000	0
L	0.0001	0	0.0000	0
E	0.0001	0	0.0000	0
F	0.0001	0	0.0000	0
E	0.0001	0	0.0000	0
A	0.0000	0	0.0000	0
E	0.0000	0	0.0000	0
V	0.0000	0	0.0000	0
I	0.0000	0	0.0000	0
G	0.0000	0	0.0000	0
V	0.0001	0	0.0000	0
E	0.0001	0	0.0000	0
G	0.0001	0	0.0000	0
D	0.0000	0	0.0000	0
F	0.0000	0	0.0000	0
V	0.0000	0	0.0000	0
I	0.0001	0	0.0000	0
L	0.0001	0	0.0000	0
N	0.0054	0	0.0000	0
R	0.1215	0	0.0008	0
S	0.0122	0	0.0000	0
A	0.0401	0	0.0001	0
F	0.0305	0	0.0000	0
Y	0.0217	0	0.0000	0
P	0.0196	0	0.0000	0
E	0.2994	0	0.0000	0
S	0.3922	1	0.0000	0
G	0.4892	1	0.0001	0
G	0.0936	0	0.0000	0
Q	0.2521	0	0.0000	0
D	0.0040	0	0.0000	0
N	0.0139	0	0.0000	0
D	0.1908	0	0.0001	0
V	0.0070	0	0.0000	0
G	0.0004	0	0.0000	0
Y	0.0007	0	0.0000	0
L	0.0001	0	0.0000	0
I	0.0001	0	0.0000	0
A	0.0000	0	0.0000	0
N	0.0000	0	0.0000	0
G	0.0000	0	0.0000	0
G	0.0000	0	0.0000	0
K	0.0001	0	0.0000	0
F	0.0000	0	0.0000	0
E	0.0000	0	0.0000	0
V	0.0001	0	0.0000	0
V	0.0001	0	0.0000	0
D	0.0004	0	0.0000	0
V	0.0005	0	0.0000	0
L	0.0109	0	0.0000	0
E	0.0067	0	0.0000	0
A	0.0009	0	0.0000	0
D	0.0025	0	0.0000	0
G	0.0040	0	0.0000	0
V	0.0022	0	0.0000	0
V	0.0237	0	0.0000	0
L	0.0061	0	0.0000	0
H	0.0671	0	0.0001	0
V	0.0026	0	0.0000	0
V	0.0006	0	0.0000	0
K	0.0035	0	0.0000	0
G	0.0021	0	0.0000	0
A	0.0019	0	0.0000	0
K	0.0026	0	0.0000	0
P	0.0009	0	0.0000	0
E	0.0018	0	0.0000	0
V	0.0006	0	0.0000	0
G	0.0004	0	0.0000	0
T	0.0003	0	0.0000	0
K	0.0010	0	0.0000	0
V	0.0003	0	0.0000	0
K	0.0004	0	0.0000	0
G	0.0001	0	0.0000	0
V	0.0004	0	0.0000	0
I	0.0003	0	0.0000	0
D	0.0028	0	0.0000	0
S	0.0033	0	0.0000	0
D	0.0010	0	0.0000	0
V	0.0017	0	0.0000	0
R	0.0410	0	0.0000	0
W	0.0074	0	0.0000	0
R	0.0074	0	0.0000	0
H	0.0058	0	0.0000	0
M	0.0065	0	0.0000	0
R	0.0680	0	0.0000	0
H	0.0609	0	0.0000	0
H	0.7104	1	0.0001	0
S	0.0819	0	0.0000	0
A	0.0007	0	0.0000	0
T	0.0008	0	0.0000	0
H	0.0608	0	0.0007	0
V	0.0002	0	0.0000	0
L	0.0002	0	0.0000	0
L	0.0001	0	0.0000	0
Y	0.0000	0	0.0000	0
S	0.0000	0	0.0000	0
L	0.0000	0	0.0000	0
Q	0.0001	0	0.0000	0
K	0.0001	0	0.0000	0
V	0.0000	0	0.0000	0
L	0.0001	0	0.0000	0
G	0.0001	0	0.0000	0
N	0.0015	0	0.0000	0
H	0.0007	0	0.0000	0
V	0.0040	0	0.0000	0
W	0.0012	0	0.0000	0
Q	0.0226	0	0.0000	0
A	0.0713	0	0.0003	0
G	0.0194	0	0.0001	0
A	0.0179	0	0.0001	0
R	0.0420	0	0.0002	0
K	0.0140	0	0.0001	0
E	0.0141	0	0.0001	0
F	0.0300	0	0.0001	0
S	0.0120	0	0.0000	0
K	0.0862	0	0.0005	0
A	0.0039	0	0.0000	0
R	0.3462	0	0.0048	0
L	0.0254	0	0.0000	0
D	0.0179	0	0.0000	0
V	0.0131	0	0.0000	0
T	0.0014	0	0.0000	0
H	0.0035	0	0.0000	0
F	0.0016	0	0.0000	0
R	0.0015	0	0.0000	0
R	0.0026	0	0.0000	0
P	0.0029	0	0.0000	0
S	0.0368	0	0.0000	0
E	0.0070	0	0.0000	0
E	0.0005	0	0.0000	0
E	0.0003	0	0.0000	0
I	0.0002	0	0.0000	0
K	0.0004	0	0.0000	0
E	0.0009	0	0.0000	0
I	0.0003	0	0.0000	0
E	0.0009	0	0.0000	0
M	0.0032	0	0.0001	0
L	0.0005	0	0.0000	0
A	0.0002	0	0.0000	0
N	0.0295	0	0.0019	0
R	0.0020	0	0.0000	0
E	0.0001	0	0.0000	0
I	0.0001	0	0.0000	0
L	0.0002	0	0.0000	0
A	0.0001	0	0.0000	0
N	0.0001	0	0.0000	0
K	0.0000	0	0.0000	0
P	0.0001	0	0.0000	0
I	0.0001	0	0.0000	0
K	0.0002	0	0.0000	0
W	0.0001	0	0.0000	0
E	0.0004	0	0.0000	0
W	0.0002	0	0.0000	0
M	0.0000	0	0.0000	0
D	0.0001	0	0.0000	0
R	0.0002	0	0.0000	0
I	0.0001	0	0.0000	0
E	0.0001	0	0.0000	0
A	0.0001	0	0.0000	0
E	0.0002	0	0.0000	0
R	0.0006	0	0.0000	0
K	0.0010	0	0.0000	0
F	0.0040	0	0.0000	0
G	0.0013	0	0.0000	0
F	0.0006	0	0.0000	0
R	0.0014	0	0.0000	0
L	0.0002	0	0.0000	0
Y	0.0002	0	0.0000	0
Q	0.0002	0	0.0000	0
G	0.0003	0	0.0000	0
G	0.0003	0	0.0000	0
V	0.0002	0	0.0000	0
P	0.0003	0	0.0000	0
P	0.0002	0	0.0000	0
G	0.0001	0	0.0000	0
R	0.0001	0	0.0000	0
K	0.0002	0	0.0000	0
I	0.0000	0	0.0000	0
R	0.0003	0	0.0000	0
V	0.0001	0	0.0000	0
V	0.0001	0	0.0000	0
Q	0.0002	0	0.0000	0
V	0.0002	0	0.0000	0
G	0.0006	0	0.0001	0
D	0.0004	0	0.0000	0
D	0.0004	0	0.0000	0
V	0.0001	0	0.0000	0
Q	0.0001	0	0.0000	0
A	0.0001	0	0.0000	0
C	0.0003	0	0.0000	0
G	0.0009	0	0.0000	0
G	0.0171	0	0.0003	0
T	0.0036	0	0.0000	0
H	0.3523	1	0.0051	0
C	0.0083	0	0.0000	0
R	0.0613	0	0.0001	0
S	0.2768	0	0.0004	0
T	0.0606	0	0.0002	0
G	0.0021	0	0.0000	0
E	0.0002	0	0.0000	0
I	0.0001	0	0.0000	0
G	0.0001	0	0.0000	0
M	0.0001	0	0.0000	0
L	0.0000	0	0.0000	0
K	0.0010	0	0.0000	0
I	0.0002	0	0.0000	0
L	0.0043	0	0.0000	0
K	0.0372	0	0.0001	0
V	0.0042	0	0.0000	0
E	0.0831	0	0.0004	0
S	0.4156	1	0.0014	0
I	0.2528	0	0.0005	0
Q	0.1139	0	0.0002	0
D	0.2624	0	0.0003	0
G	0.0202	0	0.0000	0
V	0.0118	0	0.0000	0
I	0.0076	0	0.0000	0
R	0.6722	1	0.0009	0
F	0.0012	0	0.0000	0
E	0.0022	0	0.0000	0
F	0.0002	0	0.0000	0
A	0.0001	0	0.0000	0
A	0.0001	0	0.0000	0
G	0.0012	0	0.0000	0
E	0.0021	0	0.0000	0
A	0.0006	0	0.0000	0
A	0.0003	0	0.0000	0
I	0.0001	0	0.0000	0
E	0.0007	0	0.0000	0
A	0.0004	0	0.0000	0
V	0.0002	0	0.0000	0
E	0.0004	0	0.0000	0
E	0.0004	0	0.0000	0
M	0.0002	0	0.0000	0
E	0.0005	0	0.0000	0
R	0.0005	0	0.0000	0
L	0.0001	0	0.0000	0
L	0.0001	0	0.0000	0
R	0.0013	0	0.0000	0
E	0.0002	0	0.0000	0
A	0.0000	0	0.0000	0
S	0.0001	0	0.0000	0
S	0.0001	0	0.0000	0
I	0.0000	0	0.0000	0
L	0.0000	0	0.0000	0
R	0.0008	0	0.0000	0
V	0.0002	0	0.0000	0
E	0.0004	0	0.0000	0
P	0.0003	0	0.0000	0
A	0.0002	0	0.0000	0
K	0.0005	0	0.0000	0
L	0.0001	0	0.0000	0
P	0.0001	0	0.0000	0
K	0.0004	0	0.0000	0
T	0.0008	0	0.0000	0
V	0.0001	0	0.0000	0
E	0.0004	0	0.0000	0
R	0.0028	0	0.0000	0
F	0.0002	0	0.0000	0
F	0.0003	0	0.0000	0
E	0.0007	0	0.0000	0
E	0.0007	0	0.0000	0
W	0.0008	0	0.0000	0
K	0.0596	0	0.0001	0
D	0.0075	0	0.0000	0
Q	0.0018	0	0.0000	0
R	0.0214	0	0.0000	0
K	0.1102	0	0.0001	0
E	0.0060	0	0.0000	0
I	0.0003	0	0.0000	0
E	0.0007	0	0.0000	0
R	0.0007	0	0.0000	0
L	0.0001	0	0.0000	0
K	0.0008	0	0.0000	0
S	0.0003	0	0.0000	0
V	0.0002	0	0.0000	0
I	0.0001	0	0.0000	0
A	0.0001	0	0.0000	0
D	0.0002	0	0.0000	0
L	0.0001	0	0.0000	0
W	0.0003	0	0.0000	0
A	0.0002	0	0.0000	0
D	0.0004	0	0.0000	0
I	0.0002	0	0.0000	0
L	0.0001	0	0.0000	0
M	0.0002	0	0.0000	0
E	0.0002	0	0.0000	0
R	0.0003	0	0.0000	0
A	0.0002	0	0.0000	0
E	0.0006	0	0.0000	0
E	0.0014	0	0.0000	0
F	0.0048	0	0.0000	0
D	0.0019	0	0.0000	0
S	0.0012	0	0.0000	0
M	0.0004	0	0.0000	0
K	0.0010	0	0.0000	0
V	0.0001	0	0.0000	0
V	0.0003	0	0.0000	0
A	0.0002	0	0.0000	0
E	0.0007	0	0.0000	0
V	0.0069	0	0.0000	0
V	0.0014	0	0.0000	0
D	0.0026	0	0.0000	0
A	0.0051	0	0.0000	0
D	0.0021	0	0.0000	0
M	0.0023	0	0.0000	0
Q	0.0078	0	0.0000	0
A	0.0008	0	0.0000	0
L	0.0005	0	0.0000	0
Q	0.1319	0	0.0010	0
K	0.0008	0	0.0000	0
L	0.0001	0	0.0000	0
A	0.0001	0	0.0000	0
E	0.0003	0	0.0000	0
R	0.0001	0	0.0000	0
L	0.0001	0	0.0000	0
A	0.0005	0	0.0000	0
E	0.0002	0	0.0000	0
K	0.0005	0	0.0000	0
G	0.0001	0	0.0000	0
A	0.0001	0	0.0000	0
V	0.0000	0	0.0000	0
G	0.0000	0	0.0000	0
C	0.0000	0	0.0000	0
L	0.0000	0	0.0000	0
M	0.0001	0	0.0000	0
A	0.0002	0	0.0000	0
K	0.0013	0	0.0000	0
G	0.0015	0	0.0000	0
E	0.0035	0	0.0000	0
G	0.0075	0	0.0001	0
K	0.0112	0	0.0000	0
V	0.0004	0	0.0000	0
F	0.0004	0	0.0000	0
V	0.0001	0	0.0000	0
V	0.0000	0	0.0000	0
T	0.0000	0	0.0000	0
F	0.0000	0	0.0000	0
S	0.0001	0	0.0000	0
G	0.0002	0	0.0000	0
Q	0.0002	0	0.0000	0
K	0.0003	0	0.0000	0
Y	0.0001	0	0.0000	0
D	0.0002	0	0.0000	0
A	0.0002	0	0.0000	0
R	0.0004	0	0.0000	0
E	0.0001	0	0.0000	0
L	0.0000	0	0.0000	0
L	0.0001	0	0.0000	0
R	0.0101	0	0.0001	0
E	0.0002	0	0.0000	0
I	0.0000	0	0.0000	0
G	0.0002	0	0.0000	0
R	0.0005	0	0.0000	0
V	0.0006	0	0.0000	0
A	0.0008	0	0.0000	0
K	0.0052	0	0.0003	0
G	0.0324	0	0.0013	0
S	0.8727	1	0.0247	0
G	0.9067	1	0.0040	0
G	0.8380	1	0.0032	0
G	0.2534	0	0.0007	0
R	0.6423	1	0.0007	0
K	0.0622	0	0.0000	0
D	0.0114	0	0.0000	0
V	0.0073	0	0.0000	0
A	0.0044	0	0.0000	0
Q	0.4136	1	0.0012	0
G	0.0938	0	0.0002	0
A	0.5933	1	0.0011	0
V	0.0189	0	0.0000	0
Q	0.2106	0	0.0001	0
Q	0.0673	0	0.0000	0
L	0.0154	0	0.0000	0
L	0.0045	0	0.0000	0
D	0.0231	0	0.0000	0
R	0.0057	0	0.0000	0
E	0.0012	0	0.0000	0
E	0.0005	0	0.0000	0
M	0.0002	0	0.0000	0
L	0.0003	0	0.0000	0
D	0.0002	0	0.0000	0
V	0.0000	0	0.0000	0
I	0.0001	0	0.0000	0
F	0.0002	0	0.0000	0
R	0.0003	0	0.0000	0
F	0.0001	0	0.0000	0
L	0.0001	0	0.0000	0
S	0.0010	0	0.0000	0
E	0.0006	0	0.0000	0
H	0.0020	0	0.0000	0
E	0.0011	0	0.0000	0
G	0.0051	0	0.0000	0
</pre></body></html>