<html><head></head><body><pre style="word-wrap: break-word; white-space: pre-wrap;">&gt;P20125
Amino Acid	probability_DNA	binary_DNA	probability_RNA	binary_RNA
M	0.0079	0	0.0032	0
E	0.0008	0	0.0008	0
I	0.0005	0	0.0003	0
D	0.0002	0	0.0001	0
K	0.0001	0	0.0000	0
E	0.0001	0	0.0000	0
L	0.0000	0	0.0000	0
A	0.0000	0	0.0000	0
P	0.0000	0	0.0001	0
Q	0.0002	0	0.0007	0
D	0.0001	0	0.0002	0
R	0.0002	0	0.0005	0
T	0.0004	0	0.0013	0
V	0.0001	0	0.0003	0
T	0.0001	0	0.0001	0
V	0.0001	0	0.0001	0
A	0.0001	0	0.0001	0
T	0.0000	0	0.0000	0
V	0.0000	0	0.0000	0
L	0.0000	0	0.0000	0
P	0.0000	0	0.0001	0
T	0.0000	0	0.0001	0
V	0.0000	0	0.0001	0
P	0.0000	0	0.0001	0
G	0.0000	0	0.0001	0
P	0.0000	0	0.0001	0
S	0.0001	0	0.0005	0
P	0.0001	0	0.0009	0
F	0.0006	0	0.0067	0
T	0.0022	0	0.0383	0
I	0.0028	0	0.0501	0
K	0.0321	0	0.3074	1
Q	0.0033	0	0.0142	0
P	0.1373	0	0.4929	1
F	0.0276	0	0.3412	1
Q	0.1181	0	0.5336	1
S	0.0015	0	0.0116	0
E	0.0102	0	0.0578	0
V	0.0014	0	0.0076	0
L	0.0003	0	0.0011	0
F	0.0003	0	0.0018	0
A	0.0001	0	0.0006	0
G	0.0004	0	0.0020	0
T	0.0011	0	0.0057	0
K	0.0031	0	0.0113	0
D	0.0158	0	0.0504	0
A	0.0140	0	0.0185	0
E	0.0335	0	0.0356	0
A	0.0204	0	0.0175	0
S	0.5570	1	0.4452	1
L	0.0629	0	0.0357	0
T	0.4556	1	0.1470	0
I	0.0141	0	0.0015	0
A	0.0236	0	0.0059	0
N	0.0565	0	0.0281	0
I	0.0062	0	0.0013	0
D	0.0010	0	0.0001	0
S	0.0006	0	0.0001	0
V	0.0001	0	0.0000	0
S	0.0022	0	0.0007	0
T	0.0014	0	0.0013	0
L	0.0001	0	0.0000	0
T	0.0002	0	0.0002	0
T	0.0006	0	0.0006	0
F	0.0002	0	0.0001	0
Y	0.0182	0	0.0059	0
R	0.1623	0	0.0159	0
H	0.0063	0	0.0001	0
A	0.0004	0	0.0000	0
S	0.0010	0	0.0000	0
L	0.0001	0	0.0000	0
E	0.0002	0	0.0000	0
S	0.0004	0	0.0000	0
L	0.0000	0	0.0000	0
W	0.0002	0	0.0000	0
V	0.0000	0	0.0000	0
T	0.0000	0	0.0000	0
I	0.0000	0	0.0000	0
H	0.0000	0	0.0000	0
P	0.0000	0	0.0000	0
T	0.0002	0	0.0001	0
L	0.0002	0	0.0001	0
Q	0.0002	0	0.0001	0
A	0.0001	0	0.0000	0
P	0.0005	0	0.0009	0
A	0.0006	0	0.0014	0
F	0.0002	0	0.0002	0
P	0.0003	0	0.0010	0
T	0.0003	0	0.0008	0
T	0.0085	0	0.0515	0
V	0.0002	0	0.0003	0
G	0.0004	0	0.0005	0
V	0.0001	0	0.0000	0
C	0.0002	0	0.0001	0
W	0.0003	0	0.0001	0
V	0.0004	0	0.0001	0
P	0.0002	0	0.0000	0
A	0.0001	0	0.0000	0
Q	0.0003	0	0.0001	0
S	0.0003	0	0.0000	0
P	0.0008	0	0.0000	0
V	0.0002	0	0.0000	0
T	0.0021	0	0.0000	0
P	0.0007	0	0.0000	0
T	0.0004	0	0.0000	0
Q	0.0003	0	0.0000	0
I	0.0000	0	0.0000	0
T	0.0002	0	0.0000	0
K	0.0007	0	0.0002	0
T	0.0001	0	0.0000	0
Y	0.0231	0	0.0103	0
G	0.0006	0	0.0002	0
G	0.0007	0	0.0003	0
Q	0.0085	0	0.0034	0
I	0.5273	1	0.1263	0
F	0.6237	1	0.0409	0
C	0.6910	1	0.0513	0
I	0.1784	0	0.0098	0
G	0.0247	0	0.0015	0
G	0.0110	0	0.0009	0
A	0.0047	0	0.0003	0
I	0.0016	0	0.0000	0
Q	0.0027	0	0.0001	0
T	0.0012	0	0.0000	0
L	0.0012	0	0.0000	0
S	0.0008	0	0.0000	0
P	0.0002	0	0.0000	0
L	0.0001	0	0.0000	0
I	0.0002	0	0.0000	0
V	0.0001	0	0.0000	0
K	0.0004	0	0.0000	0
C	0.0002	0	0.0000	0
P	0.0004	0	0.0000	0
L	0.0005	0	0.0000	0
E	0.0011	0	0.0000	0
M	0.0006	0	0.0000	0
M	0.0001	0	0.0000	0
Q	0.0004	0	0.0000	0
P	0.0001	0	0.0000	0
R	0.0001	0	0.0000	0
V	0.0001	0	0.0000	0
K	0.0016	0	0.0000	0
D	0.0004	0	0.0000	0
S	0.0008	0	0.0000	0
I	0.0003	0	0.0000	0
Q	0.0022	0	0.0000	0
Y	0.0019	0	0.0000	0
L	0.0008	0	0.0000	0
D	0.0038	0	0.0001	0
S	0.0004	0	0.0000	0
P	0.0013	0	0.0001	0
K	0.0955	0	0.0057	0
L	0.0020	0	0.0001	0
L	0.0069	0	0.0007	0
I	0.0020	0	0.0000	0
S	0.0010	0	0.0000	0
I	0.0004	0	0.0000	0
T	0.0007	0	0.0000	0
A	0.0002	0	0.0000	0
Q	0.0002	0	0.0000	0
P	0.0002	0	0.0000	0
T	0.0008	0	0.0000	0
A	0.0018	0	0.0000	0
P	0.0087	0	0.0000	0
P	0.1288	0	0.0002	0
A	0.0196	0	0.0000	0
S	0.0044	0	0.0000	0
T	0.0008	0	0.0000	0
C	0.0002	0	0.0000	0
I	0.0102	0	0.0001	0
I	0.0003	0	0.0000	0
T	0.0017	0	0.0000	0
V	0.0002	0	0.0000	0
S	0.0012	0	0.0000	0
G	0.0008	0	0.0000	0
T	0.0025	0	0.0000	0
L	0.0007	0	0.0000	0
S	0.0586	0	0.0003	0
M	0.0011	0	0.0000	0
H	0.0141	0	0.0000	0
S	0.0017	0	0.0000	0
P	0.0005	0	0.0000	0
L	0.0013	0	0.0000	0
I	0.0004	0	0.0000	0
T	0.0067	0	0.0001	0
D	0.0012	0	0.0000	0
T	0.0102	0	0.0001	0
S	0.0048	0	0.0000	0
T	0.0624	0	0.0009	0
</pre></body></html>