<html><head></head><body><pre style="word-wrap: break-word; white-space: pre-wrap;">&gt;Q9H814
Amino Acid	probability_DNA	binary_DNA	probability_RNA	binary_RNA
M	0.0001	0	0.2469	1
A	0.0000	0	0.0336	0
L	0.0000	0	0.0039	0
E	0.0000	0	0.0073	0
V	0.0000	0	0.0013	0
G	0.0000	0	0.0008	0
D	0.0000	0	0.0014	0
M	0.0000	0	0.0008	0
E	0.0000	0	0.0021	0
D	0.0000	0	0.0014	0
G	0.0000	0	0.0008	0
Q	0.0000	0	0.0008	0
L	0.0000	0	0.0007	0
S	0.0000	0	0.0347	0
D	0.0000	0	0.0305	0
S	0.0000	0	0.0312	0
D	0.0000	0	0.0281	0
S	0.0000	0	0.0308	0
D	0.0000	0	0.0276	0
M	0.0000	0	0.0039	0
T	0.0000	0	0.0023	0
V	0.0000	0	0.0007	0
A	0.0000	0	0.0006	0
P	0.0000	0	0.0011	0
S	0.0000	0	0.0008	0
D	0.0000	0	0.0009	0
R	0.0000	0	0.0028	0
P	0.0000	0	0.0013	0
L	0.0000	0	0.0010	0
Q	0.0000	0	0.0023	0
L	0.0000	0	0.0009	0
P	0.0000	0	0.0010	0
K	0.0000	0	0.0021	0
V	0.0000	0	0.0009	0
L	0.0000	0	0.0108	0
G	0.0000	0	0.0135	0
G	0.0000	0	0.0441	0
D	0.0000	0	0.0633	0
S	0.0000	0	0.0401	0
A	0.0000	0	0.0121	0
M	0.0000	0	0.0284	0
R	0.0001	0	0.2088	1
A	0.0001	0	0.0784	0
F	0.0006	0	0.4127	1
Q	0.0007	0	0.3768	1
N	0.0003	0	0.1104	0
T	0.0002	0	0.0741	0
A	0.0000	0	0.0057	0
T	0.0000	0	0.0099	0
A	0.0000	0	0.0065	0
C	0.0000	0	0.0035	0
A	0.0001	0	0.0328	0
P	0.0001	0	0.1019	0
V	0.0000	0	0.0071	0
S	0.0001	0	0.0596	0
H	0.0005	0	0.1077	0
Y	0.0013	0	0.1906	1
R	0.0015	0	0.2386	1
A	0.0003	0	0.0689	0
V	0.0002	0	0.0380	0
E	0.0004	0	0.0394	0
S	0.0003	0	0.0215	0
V	0.0001	0	0.0178	0
D	0.0000	0	0.0081	0
S	0.0002	0	0.0350	0
S	0.0000	0	0.0091	0
E	0.0000	0	0.0035	0
E	0.0000	0	0.0019	0
S	0.0000	0	0.0015	0
F	0.0000	0	0.0012	0
S	0.0000	0	0.0035	0
D	0.0000	0	0.0100	0
S	0.0000	0	0.0112	0
D	0.0000	0	0.0082	0
D	0.0000	0	0.0100	0
D	0.0000	0	0.0449	0
S	0.0000	0	0.0972	0
C	0.0000	0	0.1216	0
L	0.0000	0	0.0149	0
W	0.0001	0	0.2091	1
K	0.0010	0	0.6142	1
R	0.0007	0	0.3847	1
K	0.0004	0	0.2581	1
R	0.0012	0	0.6670	1
Q	0.0003	0	0.4362	1
K	0.0003	0	0.3828	1
C	0.0000	0	0.0981	0
F	0.0001	0	0.3512	1
N	0.0000	0	0.2652	1
P	0.0000	0	0.0342	0
P	0.0000	0	0.0460	0
P	0.0000	0	0.0198	0
K	0.0000	0	0.1247	0
P	0.0000	0	0.0266	0
E	0.0000	0	0.0438	0
P	0.0000	0	0.1674	1
F	0.0000	0	0.0308	0
Q	0.0000	0	0.0118	0
F	0.0000	0	0.0310	0
G	0.0000	0	0.1799	1
Q	0.0000	0	0.1977	1
S	0.0000	0	0.2302	1
S	0.0001	0	0.3227	1
Q	0.0000	0	0.1765	1
K	0.0000	0	0.2065	1
P	0.0000	0	0.0877	0
P	0.0000	0	0.0627	0
V	0.0000	0	0.2529	1
A	0.0000	0	0.1029	0
G	0.0000	0	0.0709	0
G	0.0000	0	0.0848	0
K	0.0000	0	0.3531	1
K	0.0000	0	0.6630	1
I	0.0001	0	0.3757	1
N	0.0002	0	0.5944	1
N	0.0006	0	0.7457	1
I	0.0001	0	0.1531	1
W	0.0001	0	0.1969	1
G	0.0001	0	0.1213	0
A	0.0000	0	0.0453	0
V	0.0000	0	0.0021	0
L	0.0000	0	0.0011	0
Q	0.0000	0	0.0842	0
E	0.0000	0	0.0174	0
Q	0.0000	0	0.0037	0
N	0.0000	0	0.0024	0
Q	0.0000	0	0.0010	0
D	0.0000	0	0.0031	0
A	0.0000	0	0.0007	0
V	0.0000	0	0.0004	0
A	0.0000	0	0.0008	0
T	0.0000	0	0.0010	0
E	0.0000	0	0.0029	0
L	0.0000	0	0.0004	0
G	0.0000	0	0.0013	0
I	0.0000	0	0.0028	0
L	0.0000	0	0.0066	0
G	0.0005	0	0.2922	1
M	0.0001	0	0.0487	0
E	0.0016	0	0.3012	1
G	0.0056	0	0.3306	1
T	0.0296	0	0.5067	1
I	0.0329	0	0.3333	1
D	0.0653	0	0.3954	1
R	0.1138	0	0.3903	1
S	0.0313	0	0.2436	1
R	0.0473	0	0.3454	1
Q	0.0208	0	0.2213	1
S	0.0018	0	0.0556	0
E	0.0021	0	0.0993	0
T	0.0011	0	0.0668	0
Y	0.0006	0	0.0344	0
N	0.0009	0	0.0395	0
Y	0.0001	0	0.0048	0
L	0.0000	0	0.0004	0
L	0.0000	0	0.0009	0
A	0.0001	0	0.0071	0
K	0.0009	0	0.0263	0
K	0.0004	0	0.0107	0
L	0.0001	0	0.0011	0
R	0.0001	0	0.0050	0
K	0.0002	0	0.0055	0
E	0.0000	0	0.0017	0
S	0.0001	0	0.0079	0
Q	0.0001	0	0.0151	0
E	0.0001	0	0.0039	0
H	0.0001	0	0.0036	0
T	0.0001	0	0.0063	0
K	0.0001	0	0.0090	0
D	0.0000	0	0.0028	0
L	0.0000	0	0.0007	0
D	0.0000	0	0.0006	0
K	0.0000	0	0.0023	0
E	0.0000	0	0.0004	0
L	0.0000	0	0.0002	0
D	0.0000	0	0.0006	0
E	0.0000	0	0.0010	0
Y	0.0000	0	0.0005	0
M	0.0000	0	0.0027	0
H	0.0000	0	0.0087	0
G	0.0000	0	0.0024	0
G	0.0000	0	0.0067	0
K	0.0001	0	0.0962	0
K	0.0011	0	0.3275	1
M	0.0011	0	0.2189	1
G	0.0012	0	0.3198	1
S	0.0010	0	0.3015	1
K	0.0006	0	0.1710	1
E	0.0001	0	0.0474	0
E	0.0000	0	0.0179	0
E	0.0001	0	0.0743	0
N	0.0011	0	0.2672	1
G	0.0006	0	0.1275	0
Q	0.0024	0	0.4486	1
G	0.0014	0	0.2534	1
H	0.0025	0	0.3509	1
L	0.0003	0	0.1432	0
K	0.0006	0	0.6534	1
R	0.0006	0	0.7178	1
K	0.0010	0	0.6951	1
R	0.0043	0	0.7080	1
P	0.0026	0	0.6187	1
V	0.0071	0	0.3551	1
K	0.0043	0	0.6103	1
D	0.0015	0	0.1000	0
R	0.0075	0	0.3868	1
L	0.0032	0	0.1667	1
G	0.0080	0	0.4472	1
N	0.0033	0	0.2670	1
R	0.0200	0	0.6028	1
P	0.0079	0	0.4243	1
E	0.0032	0	0.3055	1
M	0.0033	0	0.2239	1
N	0.0023	0	0.1420	0
Y	0.0098	0	0.3035	1
K	0.0010	0	0.1061	0
G	0.0001	0	0.0068	0
R	0.0005	0	0.0876	0
Y	0.0001	0	0.0037	0
E	0.0000	0	0.0006	0
I	0.0000	0	0.0006	0
T	0.0000	0	0.0016	0
A	0.0000	0	0.0004	0
E	0.0000	0	0.0006	0
D	0.0000	0	0.0005	0
S	0.0000	0	0.0057	0
Q	0.0000	0	0.0042	0
E	0.0000	0	0.0025	0
K	0.0002	0	0.0188	0
V	0.0000	0	0.0004	0
A	0.0000	0	0.0019	0
D	0.0030	0	0.3833	1
E	0.0027	0	0.2541	1
I	0.0001	0	0.0043	0
S	0.0000	0	0.0035	0
F	0.0025	0	0.2399	1
R	0.0051	0	0.3069	1
L	0.0000	0	0.0015	0
Q	0.0231	0	0.4360	1
E	0.0046	0	0.1486	0
P	0.0107	0	0.3202	1
K	0.0212	0	0.4040	1
K	0.0047	0	0.1243	0
D	0.0008	0	0.0355	0
L	0.0000	0	0.0012	0
I	0.0000	0	0.0003	0
A	0.0001	0	0.0151	0
R	0.0001	0	0.0268	0
V	0.0000	0	0.0001	0
V	0.0000	0	0.0004	0
R	0.0001	0	0.0202	0
I	0.0000	0	0.0033	0
I	0.0001	0	0.0410	0
G	0.0004	0	0.0497	0
N	0.0071	0	0.3528	1
K	0.0022	0	0.1240	0
K	0.0036	0	0.2087	1
A	0.0000	0	0.0006	0
I	0.0000	0	0.0089	0
E	0.0000	0	0.0123	0
L	0.0000	0	0.0002	0
L	0.0000	0	0.0012	0
M	0.0000	0	0.0152	0
E	0.0000	0	0.0023	0
T	0.0000	0	0.0057	0
A	0.0000	0	0.0036	0
E	0.0000	0	0.0182	0
V	0.0000	0	0.0028	0
E	0.0000	0	0.0237	0
Q	0.0000	0	0.0498	0
N	0.0001	0	0.2604	1
G	0.0001	0	0.3274	1
G	0.0000	0	0.0880	0
L	0.0000	0	0.0411	0
F	0.0008	0	0.7371	1
I	0.0025	0	0.5266	1
M	0.0092	0	0.5399	1
N	0.0153	0	0.3528	1
G	0.0095	0	0.2178	1
S	0.0189	0	0.2198	1
R	0.0513	0	0.1271	0
R	0.3481	0	0.0474	0
R	0.8067	1	0.0032	0
T	0.7148	1	0.0014	0
P	0.4048	1	0.0007	0
G	0.4365	1	0.0021	0
G	0.0285	0	0.0001	0
V	0.0338	0	0.0002	0
F	0.0864	0	0.0004	0
L	0.0139	0	0.0001	0
N	0.0315	0	0.0002	0
L	0.0006	0	0.0000	0
L	0.0002	0	0.0000	0
K	0.3225	0	0.0016	0
N	0.0236	0	0.0000	0
T	0.0009	0	0.0000	0
P	0.0009	0	0.0000	0
S	0.0022	0	0.0000	0
I	0.0003	0	0.0000	0
S	0.0052	0	0.0000	0
E	0.0261	0	0.0000	0
E	0.0018	0	0.0000	0
Q	0.0006	0	0.0000	0
I	0.0008	0	0.0000	0
K	0.0131	0	0.0000	0
D	0.0019	0	0.0000	0
I	0.0002	0	0.0000	0
F	0.0018	0	0.0000	0
Y	0.0048	0	0.0000	0
I	0.0014	0	0.0000	0
E	0.0013	0	0.0000	0
N	0.0123	0	0.0000	0
Q	0.0057	0	0.0000	0
K	0.0141	0	0.0000	0
E	0.0045	0	0.0000	0
Y	0.0798	0	0.0000	0
E	0.0139	0	0.0000	0
N	0.0606	0	0.0000	0
K	0.2023	0	0.0000	0
K	0.5982	1	0.0000	0
A	0.3377	0	0.0000	0
A	0.3667	1	0.0000	0
R	0.4862	1	0.0000	0
K	0.4592	1	0.0000	0
R	0.5040	1	0.0000	0
R	0.6084	1	0.0000	0
T	0.5845	1	0.0001	0
Q	0.1907	0	0.0000	0
V	0.0073	0	0.0000	0
L	0.0005	0	0.0000	0
G	0.0021	0	0.0000	0
K	0.0050	0	0.0000	0
K	0.0032	0	0.0000	0
M	0.0010	0	0.0000	0
K	0.0191	0	0.0000	0
Q	0.0008	0	0.0000	0
A	0.0001	0	0.0000	0
I	0.0001	0	0.0000	0
K	0.0008	0	0.0000	0
S	0.0002	0	0.0000	0
L	0.0000	0	0.0000	0
N	0.0001	0	0.0000	0
F	0.0001	0	0.0000	0
Q	0.0001	0	0.0000	0
E	0.0001	0	0.0000	0
D	0.0001	0	0.0000	0
D	0.0001	0	0.0000	0
D	0.0006	0	0.0000	0
T	0.0009	0	0.0000	0
S	0.0084	0	0.0000	0
R	0.0225	0	0.0000	0
E	0.2043	0	0.0004	0
T	0.3061	0	0.0003	0
F	0.0739	0	0.0000	0
A	0.0149	0	0.0000	0
S	0.0208	0	0.0000	0
D	0.0024	0	0.0000	0
T	0.0025	0	0.0000	0
N	0.0019	0	0.0000	0
E	0.0006	0	0.0000	0
A	0.0002	0	0.0000	0
L	0.0002	0	0.0000	0
A	0.0001	0	0.0000	0
S	0.0001	0	0.0000	0
L	0.0001	0	0.0000	0
D	0.0001	0	0.0000	0
E	0.0001	0	0.0000	0
S	0.0000	0	0.0000	0
Q	0.0001	0	0.0000	0
E	0.0001	0	0.0000	0
G	0.0001	0	0.0000	0
H	0.0003	0	0.0000	0
A	0.0002	0	0.0000	0
E	0.0002	0	0.0000	0
A	0.0001	0	0.0000	0
K	0.0001	0	0.0000	0
L	0.0000	0	0.0000	0
E	0.0000	0	0.0000	0
A	0.0000	0	0.0000	0
E	0.0000	0	0.0000	0
E	0.0000	0	0.0000	0
A	0.0000	0	0.0000	0
I	0.0000	0	0.0000	0
E	0.0000	0	0.0000	0
V	0.0000	0	0.0000	0
D	0.0003	0	0.0000	0
H	0.0023	0	0.0000	0
S	0.0193	0	0.0001	0
H	0.0111	0	0.0001	0
D	0.0018	0	0.0000	0
L	0.0002	0	0.0000	0
D	0.0007	0	0.0000	0
I	0.0010	0	0.0000	0
F	0.0043	0	0.0001	0
</pre></body></html>