<html><head></head><body><pre style="word-wrap: break-word; white-space: pre-wrap;">&gt;Q80IX5
Amino Acid	probability_DNA	binary_DNA	probability_RNA	binary_RNA
M	0.0000	0	0.3065	1
Q	0.0000	0	0.2129	1
N	0.0000	0	0.0936	0
L	0.0000	0	0.0059	0
P	0.0000	0	0.0034	0
V	0.0000	0	0.0028	0
P	0.0000	0	0.0050	0
N	0.0000	0	0.0088	0
G	0.0000	0	0.0093	0
E	0.0000	0	0.0235	0
S	0.0000	0	0.0246	0
P	0.0000	0	0.0148	0
P	0.0000	0	0.0455	0
K	0.0000	0	0.1825	1
T	0.0000	0	0.1261	0
D	0.0000	0	0.0272	0
E	0.0000	0	0.0169	0
V	0.0000	0	0.0119	0
R	0.0000	0	0.1535	1
D	0.0000	0	0.0418	0
S	0.0000	0	0.1046	0
R	0.0000	0	0.1857	1
R	0.0000	0	0.2842	1
N	0.0000	0	0.0442	0
S	0.0000	0	0.0282	0
D	0.0000	0	0.0081	0
D	0.0000	0	0.0047	0
E	0.0000	0	0.0043	0
E	0.0000	0	0.0049	0
P	0.0000	0	0.0054	0
E	0.0000	0	0.0049	0
Y	0.0000	0	0.0048	0
P	0.0000	0	0.0038	0
R	0.0000	0	0.0070	0
G	0.0000	0	0.0099	0
D	0.0000	0	0.0041	0
P	0.0000	0	0.0022	0
I	0.0000	0	0.0023	0
E	0.0000	0	0.0071	0
D	0.0000	0	0.0192	0
L	0.0000	0	0.0087	0
T	0.0000	0	0.0142	0
D	0.0000	0	0.0201	0
D	0.0000	0	0.0560	0
G	0.0000	0	0.0259	0
D	0.0000	0	0.0175	0
I	0.0000	0	0.0028	0
E	0.0000	0	0.0164	0
K	0.0000	0	0.0345	0
N	0.0000	0	0.0194	0
P	0.0000	0	0.0164	0
G	0.0000	0	0.3030	1
P	0.0000	0	0.1132	0
A	0.0000	0	0.1194	0
S	0.0000	0	0.1970	1
A	0.0000	0	0.0595	0
N	0.0000	0	0.1653	1
Q	0.0000	0	0.1095	0
A	0.0000	0	0.2117	1
G	0.0000	0	0.1761	1
K	0.0000	0	0.5628	1
R	0.0001	0	0.6292	1
L	0.0002	0	0.5548	1
E	0.0002	0	0.6109	1
P	0.0002	0	0.3302	1
R	0.0004	0	0.6264	1
K	0.0003	0	0.2903	1
R	0.0025	0	0.4795	1
T	0.0007	0	0.2657	1
R	0.0020	0	0.4601	1
S	0.0003	0	0.1986	1
I	0.0000	0	0.0047	0
R	0.0000	0	0.1584	1
S	0.0000	0	0.0066	0
R	0.0000	0	0.1405	0
Q	0.0000	0	0.2176	1
D	0.0000	0	0.0354	0
L	0.0000	0	0.0092	0
D	0.0000	0	0.0841	0
T	0.0000	0	0.0715	0
M	0.0000	0	0.0110	0
H	0.0000	0	0.0052	0
R	0.0000	0	0.0381	0
V	0.0000	0	0.0013	0
V	0.0000	0	0.0013	0
V	0.0000	0	0.0009	0
S	0.0000	0	0.0022	0
V	0.0000	0	0.0015	0
D	0.0000	0	0.0022	0
V	0.0000	0	0.0010	0
D	0.0000	0	0.0032	0
S	0.0000	0	0.0033	0
L	0.0000	0	0.0013	0
T	0.0000	0	0.0053	0
T	0.0000	0	0.0063	0
L	0.0000	0	0.0010	0
M	0.0000	0	0.0035	0
G	0.0000	0	0.0031	0
N	0.0000	0	0.0040	0
I	0.0000	0	0.0019	0
M	0.0000	0	0.0027	0
T	0.0000	0	0.0061	0
L	0.0000	0	0.0011	0
A	0.0000	0	0.0019	0
G	0.0000	0	0.0071	0
S	0.0000	0	0.0172	0
G	0.0000	0	0.0331	0
G	0.0000	0	0.0529	0
R	0.0001	0	0.3163	1
G	0.0000	0	0.0132	0
S	0.0000	0	0.0096	0
L	0.0000	0	0.0004	0
L	0.0000	0	0.0003	0
T	0.0000	0	0.0005	0
A	0.0000	0	0.0001	0
G	0.0000	0	0.0002	0
D	0.0000	0	0.0003	0
V	0.0000	0	0.0002	0
E	0.0000	0	0.0007	0
K	0.0000	0	0.0031	0
N	0.0000	0	0.0049	0
P	0.0000	0	0.0015	0
G	0.0000	0	0.0018	0
P	0.0000	0	0.0013	0
Q	0.0000	0	0.0153	0
M	0.0000	0	0.0035	0
T	0.0001	0	0.0582	0
R	0.0000	0	0.0125	0
E	0.0000	0	0.0078	0
N	0.0002	0	0.0107	0
K	0.0002	0	0.0081	0
A	0.0000	0	0.0009	0
P	0.0000	0	0.0075	0
N	0.0004	0	0.0722	0
M	0.0006	0	0.0480	0
S	0.0030	0	0.2007	1
V	0.0010	0	0.0685	0
R	0.0027	0	0.1013	0
A	0.0015	0	0.0555	0
Q	0.0072	0	0.1965	1
N	0.0106	0	0.2616	1
V	0.0113	0	0.1204	0
T	0.0228	0	0.1995	1
V	0.0005	0	0.0101	0
S	0.0385	0	0.2009	1
N	0.0568	0	0.2052	1
S	0.0251	0	0.2101	1
R	0.0193	0	0.2768	1
R	0.0037	0	0.2757	1
R	0.0009	0	0.1578	1
R	0.0004	0	0.2013	1
R	0.0004	0	0.1400	0
K	0.0001	0	0.0981	0
N	0.0001	0	0.0460	0
R	0.0009	0	0.2243	1
K	0.0001	0	0.0218	0
P	0.0000	0	0.0034	0
R	0.0000	0	0.0084	0
K	0.0000	0	0.0118	0
Q	0.0000	0	0.0092	0
V	0.0000	0	0.0005	0
E	0.0000	0	0.0016	0
Q	0.0000	0	0.0038	0
A	0.0000	0	0.0005	0
T	0.0000	0	0.0010	0
I	0.0000	0	0.0001	0
L	0.0000	0	0.0003	0
K	0.0000	0	0.0014	0
P	0.0000	0	0.0004	0
Q	0.0000	0	0.0018	0
L	0.0000	0	0.0024	0
L	0.0000	0	0.0021	0
P	0.0000	0	0.0013	0
G	0.0000	0	0.0023	0
E	0.0000	0	0.0034	0
S	0.0000	0	0.0046	0
V	0.0000	0	0.0014	0
A	0.0000	0	0.0031	0
P	0.0000	0	0.0014	0
S	0.0000	0	0.0094	0
G	0.0000	0	0.0078	0
G	0.0039	0	0.3373	1
R	0.0051	0	0.3763	1
G	0.0010	0	0.1683	1
T	0.0011	0	0.3321	1
M	0.0024	0	0.4143	1
D	0.0006	0	0.1895	1
P	0.0005	0	0.1423	0
P	0.0004	0	0.1011	0
V	0.0000	0	0.0030	0
H	0.0004	0	0.0790	0
E	0.0000	0	0.0016	0
I	0.0000	0	0.0012	0
C	0.0000	0	0.0004	0
A	0.0000	0	0.0011	0
Q	0.0000	0	0.0028	0
S	0.0000	0	0.0036	0
I	0.0000	0	0.0006	0
D	0.0000	0	0.0023	0
P	0.0000	0	0.0008	0
S	0.0001	0	0.0168	0
E	0.0000	0	0.0049	0
G	0.0001	0	0.0117	0
A	0.0001	0	0.0436	0
V	0.0000	0	0.0062	0
G	0.0001	0	0.0361	0
W	0.0001	0	0.0401	0
F	0.0000	0	0.0015	0
Y	0.0000	0	0.0027	0
K	0.0002	0	0.0624	0
Y	0.0000	0	0.0107	0
M	0.0000	0	0.0017	0
D	0.0000	0	0.0215	0
P	0.0000	0	0.0011	0
A	0.0000	0	0.0006	0
G	0.0000	0	0.0003	0
A	0.0000	0	0.0002	0
V	0.0000	0	0.0002	0
E	0.0000	0	0.0009	0
S	0.0000	0	0.0026	0
G	0.0000	0	0.0035	0
K	0.0000	0	0.0250	0
A	0.0000	0	0.0061	0
L	0.0000	0	0.0029	0
G	0.0000	0	0.0025	0
E	0.0000	0	0.0015	0
F	0.0000	0	0.0013	0
S	0.0000	0	0.0017	0
K	0.0000	0	0.0216	0
V	0.0000	0	0.0215	0
P	0.0001	0	0.0778	0
D	0.0003	0	0.2500	1
G	0.0002	0	0.1201	0
L	0.0002	0	0.1193	0
L	0.0000	0	0.0035	0
R	0.0008	0	0.1723	1
Y	0.0001	0	0.0028	0
S	0.0006	0	0.0210	0
V	0.0000	0	0.0008	0
D	0.0006	0	0.0232	0
A	0.0001	0	0.0089	0
E	0.0005	0	0.0190	0
Q	0.0000	0	0.0026	0
R	0.0106	0	0.3892	1
P	0.0009	0	0.0684	0
I	0.0005	0	0.0492	0
V	0.0001	0	0.0059	0
T	0.0000	0	0.0036	0
I	0.0000	0	0.0003	0
E	0.0000	0	0.0029	0
C	0.0000	0	0.0003	0
P	0.0000	0	0.0006	0
T	0.0000	0	0.0036	0
V	0.0000	0	0.0017	0
S	0.0000	0	0.0059	0
E	0.0000	0	0.0022	0
S	0.0000	0	0.0020	0
D	0.0000	0	0.0013	0
L	0.0000	0	0.0022	0
P	0.0000	0	0.0061	0
L	0.0000	0	0.0006	0
D	0.0000	0	0.0011	0
G	0.0000	0	0.0010	0
K	0.0000	0	0.0006	0
L	0.0000	0	0.0014	0
W	0.0000	0	0.0006	0
R	0.0000	0	0.0075	0
V	0.0000	0	0.0002	0
S	0.0000	0	0.0002	0
F	0.0000	0	0.0003	0
I	0.0000	0	0.0001	0
S	0.0000	0	0.0017	0
F	0.0000	0	0.0001	0
P	0.0000	0	0.0001	0
A	0.0000	0	0.0000	0
F	0.0000	0	0.0000	0
R	0.0000	0	0.0002	0
L	0.0000	0	0.0000	0
N	0.0000	0	0.0000	0
F	0.0000	0	0.0000	0
I	0.0000	0	0.0000	0
A	0.0000	0	0.0000	0
L	0.0000	0	0.0000	0
A	0.0000	0	0.0000	0
N	0.0000	0	0.0000	0
I	0.0000	0	0.0001	0
N	0.0000	0	0.0002	0
N	0.0000	0	0.0003	0
E	0.0000	0	0.0001	0
A	0.0000	0	0.0002	0
L	0.0000	0	0.0001	0
T	0.0000	0	0.0025	0
L	0.0000	0	0.0008	0
E	0.0000	0	0.0005	0
T	0.0000	0	0.0004	0
R	0.0000	0	0.0054	0
N	0.0000	0	0.0178	0
T	0.0000	0	0.0009	0
F	0.0000	0	0.0006	0
I	0.0000	0	0.0002	0
Q	0.0000	0	0.0010	0
T	0.0000	0	0.0013	0
L	0.0000	0	0.0008	0
N	0.0000	0	0.0122	0
N	0.0000	0	0.0143	0
I	0.0000	0	0.0119	0
T	0.0003	0	0.1240	0
N	0.0005	0	0.2293	1
W	0.0004	0	0.1682	1
R	0.0007	0	0.1127	0
D	0.0002	0	0.0488	0
L	0.0000	0	0.0006	0
G	0.0000	0	0.0010	0
T	0.0000	0	0.0046	0
G	0.0000	0	0.0444	0
Q	0.0001	0	0.0914	0
W	0.0002	0	0.1179	0
A	0.0000	0	0.0034	0
Q	0.0000	0	0.0152	0
F	0.0000	0	0.0007	0
A	0.0000	0	0.0038	0
P	0.0000	0	0.0080	0
G	0.0000	0	0.0027	0
W	0.0000	0	0.0009	0
Y	0.0001	0	0.0149	0
Y	0.0000	0	0.0024	0
S	0.0006	0	0.1930	1
I	0.0000	0	0.0019	0
Y	0.0000	0	0.0152	0
V	0.0000	0	0.0057	0
L	0.0000	0	0.0014	0
P	0.0000	0	0.0159	0
N	0.0000	0	0.0026	0
T	0.0000	0	0.0019	0
Y	0.0000	0	0.0022	0
A	0.0000	0	0.0028	0
M	0.0000	0	0.0011	0
A	0.0000	0	0.0010	0
E	0.0000	0	0.0026	0
I	0.0000	0	0.0020	0
G	0.0000	0	0.0023	0
D	0.0000	0	0.0015	0
R	0.0000	0	0.0035	0
T	0.0000	0	0.0009	0
D	0.0000	0	0.0007	0
S	0.0000	0	0.0004	0
V	0.0000	0	0.0007	0
T	0.0000	0	0.0011	0
Q	0.0000	0	0.0019	0
F	0.0000	0	0.0009	0
R	0.0021	0	0.1068	0
K	0.0001	0	0.0021	0
V	0.0007	0	0.0183	0
Y	0.0009	0	0.0230	0
K	0.0018	0	0.0259	0
G	0.0010	0	0.0207	0
I	0.0002	0	0.0045	0
T	0.0007	0	0.0075	0
F	0.0000	0	0.0001	0
E	0.0001	0	0.0063	0
F	0.0000	0	0.0002	0
N	0.0000	0	0.0010	0
A	0.0000	0	0.0003	0
P	0.0000	0	0.0012	0
T	0.0000	0	0.0083	0
L	0.0000	0	0.0014	0
I	0.0000	0	0.0002	0
D	0.0000	0	0.0055	0
Q	0.0000	0	0.0148	0
G	0.0000	0	0.0025	0
W	0.0000	0	0.0009	0
W	0.0000	0	0.0004	0
V	0.0000	0	0.0002	0
G	0.0000	0	0.0002	0
A	0.0000	0	0.0001	0
H	0.0000	0	0.0030	0
I	0.0000	0	0.0011	0
P	0.0000	0	0.0024	0
V	0.0000	0	0.0032	0
K	0.0000	0	0.0053	0
P	0.0000	0	0.0114	0
Q	0.0000	0	0.0170	0
S	0.0000	0	0.0546	0
E	0.0000	0	0.0120	0
T	0.0000	0	0.0042	0
I	0.0000	0	0.0027	0
P	0.0000	0	0.0037	0
A	0.0000	0	0.0029	0
A	0.0000	0	0.0036	0
E	0.0000	0	0.0064	0
R	0.0000	0	0.0303	0
F	0.0001	0	0.0467	0
S	0.0000	0	0.0146	0
A	0.0000	0	0.0347	0
G	0.0000	0	0.0133	0
S	0.0000	0	0.0340	0
M	0.0000	0	0.0059	0
T	0.0000	0	0.0253	0
V	0.0000	0	0.0034	0
S	0.0001	0	0.0786	0
A	0.0000	0	0.0063	0
S	0.0000	0	0.0133	0
N	0.0002	0	0.0885	0
A	0.0000	0	0.0104	0
I	0.0000	0	0.0112	0
F	0.0001	0	0.0310	0
Q	0.0000	0	0.0124	0
P	0.0000	0	0.0027	0
S	0.0000	0	0.0082	0
N	0.0000	0	0.0080	0
T	0.0000	0	0.0022	0
V	0.0000	0	0.0008	0
A	0.0000	0	0.0004	0
R	0.0000	0	0.0007	0
I	0.0000	0	0.0006	0
V	0.0000	0	0.0008	0
W	0.0000	0	0.0004	0
S	0.0000	0	0.0006	0
I	0.0000	0	0.0012	0
T	0.0000	0	0.0014	0
P	0.0000	0	0.0023	0
L	0.0000	0	0.0013	0
P	0.0000	0	0.0130	0
V	0.0000	0	0.0102	0
A	0.0000	0	0.0045	0
T	0.0000	0	0.0072	0
V	0.0000	0	0.0021	0
A	0.0000	0	0.0354	0
L	0.0000	0	0.0064	0
T	0.0001	0	0.1461	0
T	0.0001	0	0.1206	0
G	0.0004	0	0.1904	1
T	0.0007	0	0.1974	1
G	0.0004	0	0.1290	0
G	0.0001	0	0.0282	0
T	0.0000	0	0.0179	0
N	0.0001	0	0.0663	0
N	0.0002	0	0.0630	0
T	0.0000	0	0.0065	0
S	0.0001	0	0.0204	0
G	0.0000	0	0.0027	0
K	0.0000	0	0.0012	0
F	0.0000	0	0.0005	0
F	0.0000	0	0.0008	0
S	0.0000	0	0.0037	0
V	0.0000	0	0.0006	0
E	0.0000	0	0.0016	0
I	0.0000	0	0.0011	0
D	0.0000	0	0.0023	0
G	0.0000	0	0.0045	0
N	0.0002	0	0.0952	0
V	0.0004	0	0.1100	0
N	0.0030	0	0.3315	1
S	0.0002	0	0.0621	0
V	0.0001	0	0.0444	0
W	0.0000	0	0.0099	0
T	0.0001	0	0.0219	0
F	0.0000	0	0.0039	0
T	0.0000	0	0.0012	0
A	0.0000	0	0.0004	0
P	0.0000	0	0.0002	0
A	0.0000	0	0.0001	0
S	0.0000	0	0.0002	0
I	0.0000	0	0.0001	0
L	0.0000	0	0.0003	0
A	0.0000	0	0.0004	0
E	0.0000	0	0.0022	0
G	0.0000	0	0.0074	0
E	0.0000	0	0.0078	0
P	0.0000	0	0.0095	0
F	0.0001	0	0.0132	0
A	0.0000	0	0.0010	0
E	0.0000	0	0.0054	0
E	0.0000	0	0.0039	0
G	0.0000	0	0.0038	0
D	0.0000	0	0.0028	0
T	0.0001	0	0.0203	0
T	0.0000	0	0.0010	0
S	0.0003	0	0.0268	0
F	0.0000	0	0.0005	0
S	0.0000	0	0.0024	0
M	0.0000	0	0.0016	0
T	0.0002	0	0.0180	0
T	0.0000	0	0.0020	0
I	0.0000	0	0.0037	0
T	0.0000	0	0.0023	0
A	0.0000	0	0.0007	0
D	0.0000	0	0.0005	0
T	0.0000	0	0.0004	0
V	0.0000	0	0.0003	0
V	0.0000	0	0.0004	0
Y	0.0000	0	0.0002	0
S	0.0000	0	0.0006	0
V	0.0000	0	0.0001	0
S	0.0000	0	0.0032	0
S	0.0001	0	0.0047	0
S	0.0004	0	0.0155	0
L	0.0001	0	0.0048	0
T	0.0004	0	0.0202	0
G	0.0001	0	0.0080	0
S	0.0000	0	0.0008	0
S	0.0000	0	0.0016	0
V	0.0000	0	0.0020	0
I	0.0000	0	0.0009	0
V	0.0000	0	0.0006	0
R	0.0000	0	0.0104	0
G	0.0000	0	0.0017	0
V	0.0000	0	0.0009	0
T	0.0000	0	0.0024	0
K	0.0000	0	0.0013	0
G	0.0000	0	0.0045	0
S	0.0000	0	0.0040	0
G	0.0000	0	0.0014	0
V	0.0000	0	0.0007	0
S	0.0000	0	0.0005	0
I	0.0000	0	0.0002	0
T	0.0000	0	0.0001	0
P	0.0000	0	0.0001	0
V	0.0000	0	0.0002	0
T	0.0000	0	0.0002	0
V	0.0000	0	0.0001	0
G	0.0000	0	0.0000	0
I	0.0000	0	0.0000	0
D	0.0000	0	0.0001	0
T	0.0000	0	0.0001	0
E	0.0000	0	0.0001	0
A	0.0000	0	0.0002	0
V	0.0000	0	0.0004	0
N	0.0000	0	0.0017	0
R	0.0000	0	0.0023	0
L	0.0000	0	0.0001	0
S	0.0000	0	0.0006	0
I	0.0000	0	0.0003	0
E	0.0000	0	0.0007	0
M	0.0000	0	0.0003	0
P	0.0000	0	0.0002	0
A	0.0000	0	0.0001	0
L	0.0000	0	0.0001	0
T	0.0000	0	0.0007	0
T	0.0000	0	0.0006	0
E	0.0000	0	0.0010	0
E	0.0000	0	0.0003	0
V	0.0000	0	0.0004	0
T	0.0000	0	0.0006	0
T	0.0000	0	0.0008	0
N	0.0000	0	0.0006	0
V	0.0000	0	0.0001	0
P	0.0000	0	0.0002	0
K	0.0000	0	0.0018	0
Y	0.0000	0	0.0006	0
E	0.0000	0	0.0006	0
Q	0.0004	0	0.0646	0
F	0.0002	0	0.0145	0
L	0.0019	0	0.1278	0
C	0.0000	0	0.0018	0
K	0.0198	0	0.3312	1
E	0.0176	0	0.1520	1
S	0.0013	0	0.0104	0
G	0.0018	0	0.0187	0
G	0.0004	0	0.0047	0
A	0.0000	0	0.0003	0
Y	0.0001	0	0.0011	0
I	0.0000	0	0.0010	0
V	0.0000	0	0.0001	0
H	0.0000	0	0.0010	0
Y	0.0000	0	0.0001	0
K	0.0000	0	0.0001	0
M	0.0000	0	0.0001	0
N	0.0000	0	0.0020	0
N	0.0000	0	0.0019	0
P	0.0000	0	0.0001	0
V	0.0000	0	0.0003	0
F	0.0000	0	0.0005	0
E	0.0000	0	0.0037	0
M	0.0000	0	0.0002	0
T	0.0000	0	0.0017	0
G	0.0000	0	0.0015	0
E	0.0000	0	0.0020	0
E	0.0000	0	0.0023	0
N	0.0001	0	0.0109	0
F	0.0001	0	0.0064	0
G	0.0000	0	0.0021	0
G	0.0000	0	0.0014	0
F	0.0000	0	0.0003	0
Q	0.0002	0	0.0238	0
F	0.0001	0	0.0017	0
H	0.0089	0	0.0850	0
Y	0.0004	0	0.0074	0
P	0.0000	0	0.0002	0
G	0.0000	0	0.0008	0
Y	0.0000	0	0.0004	0
D	0.0000	0	0.0010	0
P	0.0000	0	0.0007	0
E	0.0000	0	0.0004	0
N	0.0000	0	0.0016	0
N	0.0000	0	0.0006	0
A	0.0000	0	0.0004	0
L	0.0000	0	0.0015	0
G	0.0000	0	0.0008	0
L	0.0000	0	0.0004	0
R	0.0000	0	0.0032	0
G	0.0000	0	0.0024	0
I	0.0000	0	0.0009	0
V	0.0001	0	0.1142	0
D	0.0002	0	0.0510	0
T	0.0000	0	0.0071	0
F	0.0000	0	0.0019	0
E	0.0001	0	0.0639	0
N	0.0001	0	0.0413	0
N	0.0002	0	0.0670	0
F	0.0000	0	0.0083	0
S	0.0002	0	0.0436	0
S	0.0001	0	0.0120	0
A	0.0000	0	0.0010	0
V	0.0000	0	0.0020	0
V	0.0000	0	0.0001	0
H	0.0000	0	0.0096	0
F	0.0000	0	0.0052	0
W	0.0004	0	0.0242	0
G	0.0001	0	0.0055	0
I	0.0000	0	0.0008	0
S	0.0005	0	0.0324	0
Q	0.0006	0	0.0156	0
S	0.0003	0	0.0118	0
A	0.0000	0	0.0005	0
T	0.0000	0	0.0011	0
I	0.0000	0	0.0001	0
V	0.0000	0	0.0001	0
C	0.0000	0	0.0000	0
K	0.0000	0	0.0003	0
T	0.0000	0	0.0002	0
Y	0.0001	0	0.0024	0
D	0.0000	0	0.0006	0
G	0.0001	0	0.0008	0
W	0.0000	0	0.0004	0
E	0.0002	0	0.0049	0
G	0.0000	0	0.0007	0
T	0.0000	0	0.0037	0
T	0.0000	0	0.0034	0
N	0.0000	0	0.0037	0
A	0.0000	0	0.0042	0
G	0.0000	0	0.0069	0
S	0.0000	0	0.0142	0
T	0.0000	0	0.0301	0
V	0.0001	0	0.0570	0
G	0.0001	0	0.0560	0
Q	0.0000	0	0.0166	0
F	0.0000	0	0.0045	0
A	0.0000	0	0.0004	0
H	0.0000	0	0.0006	0
T	0.0000	0	0.0005	0
G	0.0000	0	0.0000	0
A	0.0000	0	0.0000	0
E	0.0000	0	0.0000	0
E	0.0000	0	0.0003	0
E	0.0000	0	0.0003	0
D	0.0000	0	0.0001	0
E	0.0000	0	0.0000	0
V	0.0000	0	0.0000	0
V	0.0000	0	0.0000	0
Q	0.0000	0	0.0000	0
L	0.0000	0	0.0000	0
A	0.0000	0	0.0000	0
N	0.0000	0	0.0001	0
R	0.0000	0	0.0004	0
L	0.0000	0	0.0000	0
Q	0.0000	0	0.0000	0
M	0.0000	0	0.0001	0
E	0.0000	0	0.0010	0
L	0.0000	0	0.0001	0
T	0.0000	0	0.0001	0
G	0.0000	0	0.0003	0
V	0.0000	0	0.0007	0
Y	0.0000	0	0.0063	0
Q	0.0001	0	0.0457	0
A	0.0000	0	0.0144	0
D	0.0002	0	0.1056	0
D	0.0007	0	0.1605	1
N	0.0008	0	0.1309	0
F	0.0023	0	0.2232	1
A	0.0001	0	0.0082	0
G	0.0000	0	0.0017	0
T	0.0000	0	0.0041	0
V	0.0000	0	0.0006	0
S	0.0000	0	0.0074	0
A	0.0000	0	0.0029	0
L	0.0000	0	0.0001	0
A	0.0000	0	0.0002	0
S	0.0000	0	0.0002	0
I	0.0000	0	0.0011	0
G	0.0000	0	0.0002	0
L	0.0000	0	0.0002	0
G	0.0000	0	0.0115	0
L	0.0000	0	0.0026	0
L	0.0000	0	0.0002	0
G	0.0000	0	0.0003	0
K	0.0000	0	0.0246	0
S	0.0000	0	0.0058	0
S	0.0000	0	0.0031	0
A	0.0000	0	0.0058	0
T	0.0000	0	0.0557	0
P	0.0000	0	0.0053	0
S	0.0000	0	0.0173	0
V	0.0000	0	0.0005	0
I	0.0000	0	0.0003	0
K	0.0000	0	0.0054	0
G	0.0000	0	0.0007	0
I	0.0000	0	0.0001	0
A	0.0000	0	0.0002	0
Q	0.0000	0	0.0013	0
Q	0.0000	0	0.0012	0
A	0.0000	0	0.0004	0
V	0.0000	0	0.0011	0
G	0.0000	0	0.0020	0
A	0.0000	0	0.0013	0
V	0.0000	0	0.0010	0
Q	0.0000	0	0.0063	0
A	0.0000	0	0.0017	0
N	0.0000	0	0.0035	0
P	0.0000	0	0.0010	0
G	0.0000	0	0.0008	0
I	0.0000	0	0.0012	0
L	0.0000	0	0.0008	0
E	0.0000	0	0.0005	0
G	0.0000	0	0.0013	0
A	0.0000	0	0.0006	0
V	0.0000	0	0.0012	0
K	0.0000	0	0.0074	0
A	0.0000	0	0.0063	0
I	0.0000	0	0.0076	0
G	0.0001	0	0.0319	0
S	0.0002	0	0.0740	0
V	0.0001	0	0.0119	0
G	0.0001	0	0.0165	0
A	0.0000	0	0.0100	0
R	0.0005	0	0.0816	0
L	0.0001	0	0.0096	0
V	0.0001	0	0.0083	0
G	0.0002	0	0.0341	0
S	0.0001	0	0.0135	0
I	0.0001	0	0.0227	0
K	0.0004	0	0.1903	1
A	0.0000	0	0.0235	0
R	0.0021	0	0.6215	1
R	0.0032	0	0.7492	1
A	0.0002	0	0.1070	0
R	0.0005	0	0.6931	1
R	0.0008	0	0.7827	1
R	0.0046	0	0.7990	1
A	0.0000	0	0.0388	0
R	0.0003	0	0.2760	1
R	0.0010	0	0.4265	1
A	0.0004	0	0.2417	1
K	0.0018	0	0.6243	1
</pre></body></html>