<html><head></head><body><pre style="word-wrap: break-word; white-space: pre-wrap;">&gt;P35680
Amino Acid	probability_DNA	binary_DNA	probability_RNA	binary_RNA
M	0.5331	1	0.0000	0
V	0.0556	0	0.0000	0
S	0.0321	0	0.0000	0
K	0.1110	0	0.0000	0
L	0.0023	0	0.0000	0
T	0.0016	0	0.0000	0
S	0.0009	0	0.0000	0
L	0.0002	0	0.0000	0
Q	0.0035	0	0.0000	0
Q	0.0004	0	0.0000	0
E	0.0004	0	0.0000	0
L	0.0001	0	0.0000	0
L	0.0003	0	0.0000	0
S	0.0030	0	0.0000	0
A	0.0010	0	0.0000	0
L	0.0001	0	0.0000	0
L	0.0002	0	0.0000	0
S	0.0002	0	0.0000	0
S	0.0002	0	0.0000	0
G	0.0002	0	0.0000	0
V	0.0004	0	0.0000	0
T	0.0420	0	0.0000	0
K	0.6872	1	0.0000	0
E	0.0804	0	0.0000	0
V	0.0014	0	0.0000	0
L	0.0010	0	0.0000	0
V	0.0005	0	0.0000	0
Q	0.0169	0	0.0000	0
A	0.0006	0	0.0000	0
L	0.0003	0	0.0000	0
E	0.0003	0	0.0000	0
E	0.0002	0	0.0000	0
L	0.0001	0	0.0000	0
L	0.0001	0	0.0000	0
P	0.0003	0	0.0000	0
S	0.0006	0	0.0000	0
P	0.0009	0	0.0000	0
N	0.0032	0	0.0000	0
F	0.0047	0	0.0000	0
G	0.0068	0	0.0000	0
V	0.0193	0	0.0000	0
K	0.2229	0	0.0000	0
L	0.0483	0	0.0000	0
E	0.0259	0	0.0000	0
T	0.0417	0	0.0000	0
L	0.0017	0	0.0000	0
P	0.0041	0	0.0000	0
L	0.0028	0	0.0000	0
S	0.0032	0	0.0000	0
P	0.0260	0	0.0000	0
G	0.0692	0	0.0000	0
S	0.0045	0	0.0000	0
G	0.0029	0	0.0000	0
A	0.0023	0	0.0000	0
E	0.0038	0	0.0000	0
P	0.0068	0	0.0000	0
D	0.0012	0	0.0000	0
T	0.0012	0	0.0000	0
K	0.0053	0	0.0000	0
P	0.0007	0	0.0000	0
V	0.0013	0	0.0000	0
F	0.0009	0	0.0000	0
H	0.0010	0	0.0000	0
T	0.0034	0	0.0000	0
L	0.0010	0	0.0000	0
T	0.0062	0	0.0000	0
N	0.0103	0	0.0000	0
G	0.0269	0	0.0000	0
H	0.0805	0	0.0000	0
A	0.2358	0	0.0000	0
K	0.4738	1	0.0000	0
G	0.0668	0	0.0000	0
R	0.1514	0	0.0000	0
L	0.0296	0	0.0000	0
S	0.1701	0	0.0000	0
G	0.0218	0	0.0000	0
D	0.0177	0	0.0000	0
E	0.0179	0	0.0000	0
G	0.0071	0	0.0000	0
S	0.0157	0	0.0000	0
E	0.0110	0	0.0000	0
D	0.0045	0	0.0000	0
G	0.0050	0	0.0000	0
D	0.0074	0	0.0000	0
D	0.0153	0	0.0000	0
Y	0.0254	0	0.0000	0
D	0.0127	0	0.0000	0
T	0.0067	0	0.0000	0
P	0.0014	0	0.0000	0
P	0.0028	0	0.0000	0
I	0.0010	0	0.0000	0
L	0.0017	0	0.0000	0
K	0.0281	0	0.0000	0
E	0.0028	0	0.0000	0
L	0.0023	0	0.0000	0
Q	0.0030	0	0.0000	0
A	0.0072	0	0.0000	0
L	0.0009	0	0.0000	0
N	0.0003	0	0.0000	0
T	0.0004	0	0.0000	0
E	0.0002	0	0.0000	0
E	0.0002	0	0.0000	0
A	0.0002	0	0.0000	0
A	0.0001	0	0.0000	0
E	0.0002	0	0.0000	0
Q	0.0002	0	0.0000	0
R	0.0006	0	0.0000	0
A	0.0003	0	0.0000	0
E	0.0002	0	0.0000	0
V	0.0001	0	0.0000	0
D	0.0012	0	0.0000	0
R	0.0006	0	0.0000	0
M	0.0003	0	0.0000	0
L	0.0002	0	0.0000	0
S	0.0004	0	0.0000	0
E	0.0008	0	0.0000	0
D	0.0004	0	0.0000	0
P	0.0004	0	0.0000	0
W	0.0012	0	0.0000	0
R	0.0062	0	0.0000	0
A	0.0004	0	0.0000	0
A	0.0189	0	0.0000	0
K	0.0810	0	0.0000	0
M	0.0009	0	0.0000	0
I	0.0042	0	0.0000	0
K	0.6615	1	0.0000	0
G	0.1007	0	0.0000	0
Y	0.1255	0	0.0000	0
M	0.0021	0	0.0000	0
Q	0.0620	0	0.0000	0
Q	0.3425	0	0.0000	0
H	0.0149	0	0.0000	0
N	0.0066	0	0.0000	0
I	0.0020	0	0.0000	0
P	0.2969	0	0.0000	0
Q	0.2807	0	0.0000	0
R	0.0065	0	0.0000	0
E	0.0005	0	0.0000	0
V	0.0003	0	0.0000	0
V	0.0003	0	0.0000	0
D	0.0012	0	0.0000	0
V	0.0173	0	0.0000	0
T	0.0203	0	0.0000	0
G	0.0490	0	0.0000	0
L	0.0801	0	0.0000	0
N	0.6298	1	0.0000	0
Q	0.9155	1	0.0000	0
S	0.8606	1	0.0000	0
H	0.8146	1	0.0000	0
L	0.0062	0	0.0000	0
S	0.5855	1	0.0000	0
Q	0.8957	1	0.0000	0
H	0.0074	0	0.0000	0
L	0.0008	0	0.0000	0
N	0.0272	0	0.0000	0
K	0.0691	0	0.0000	0
G	0.0053	0	0.0000	0
T	0.0112	0	0.0000	0
P	0.0025	0	0.0000	0
M	0.0026	0	0.0000	0
K	0.0495	0	0.0000	0
T	0.0110	0	0.0000	0
Q	0.0080	0	0.0000	0
K	0.0029	0	0.0000	0
R	0.1163	0	0.0000	0
A	0.0008	0	0.0000	0
A	0.0003	0	0.0000	0
L	0.0003	0	0.0000	0
Y	0.0024	0	0.0000	0
T	0.0165	0	0.0000	0
W	0.0395	0	0.0000	0
Y	0.0014	0	0.0000	0
V	0.0002	0	0.0000	0
R	0.0289	0	0.0000	0
K	0.0051	0	0.0000	0
Q	0.0025	0	0.0000	0
R	0.0154	0	0.0000	0
E	0.0009	0	0.0000	0
I	0.0002	0	0.0000	0
L	0.0005	0	0.0000	0
R	0.0013	0	0.0000	0
Q	0.0016	0	0.0000	0
F	0.0027	0	0.0000	0
N	0.0049	0	0.0000	0
Q	0.0047	0	0.0000	0
T	0.0006	0	0.0000	0
V	0.0009	0	0.0000	0
Q	0.0028	0	0.0000	0
S	0.0036	0	0.0000	0
S	0.0036	0	0.0000	0
G	0.0041	0	0.0000	0
N	0.0299	0	0.0000	0
M	0.0218	0	0.0000	0
T	0.0207	0	0.0000	0
D	0.0046	0	0.0000	0
K	0.0112	0	0.0000	0
S	0.0040	0	0.0000	0
S	0.0055	0	0.0000	0
Q	0.0040	0	0.0000	0
D	0.0017	0	0.0000	0
Q	0.0015	0	0.0000	0
L	0.0013	0	0.0000	0
L	0.0003	0	0.0000	0
F	0.0005	0	0.0000	0
L	0.0007	0	0.0000	0
F	0.0018	0	0.0000	0
P	0.0009	0	0.0000	0
E	0.0008	0	0.0000	0
F	0.0007	0	0.0000	0
S	0.0025	0	0.0000	0
Q	0.0012	0	0.0000	0
Q	0.0007	0	0.0000	0
S	0.0011	0	0.0000	0
H	0.0011	0	0.0000	0
G	0.0011	0	0.0000	0
P	0.0012	0	0.0000	0
G	0.0006	0	0.0000	0
Q	0.0006	0	0.0000	0
S	0.0005	0	0.0000	0
D	0.0007	0	0.0000	0
D	0.0010	0	0.0000	0
A	0.0012	0	0.0000	0
C	0.0008	0	0.0000	0
S	0.0117	0	0.0000	0
E	0.0070	0	0.0000	0
P	0.0929	0	0.0000	0
T	0.0860	0	0.0000	0
N	0.2307	0	0.0000	0
K	0.8637	1	0.0000	0
K	0.6733	1	0.0000	0
M	0.4285	1	0.0000	0
R	0.9682	1	0.0000	0
R	0.9409	1	0.0000	0
N	0.2004	0	0.0000	0
R	0.9552	1	0.0000	0
F	0.2932	0	0.0000	0
K	0.1588	0	0.0000	0
W	0.4811	1	0.0000	0
G	0.0024	0	0.0000	0
P	0.0060	0	0.0000	0
A	0.0003	0	0.0000	0
S	0.0002	0	0.0000	0
Q	0.0013	0	0.0000	0
Q	0.0002	0	0.0000	0
I	0.0000	0	0.0000	0
L	0.0000	0	0.0000	0
Y	0.0002	0	0.0000	0
Q	0.0001	0	0.0000	0
A	0.0001	0	0.0000	0
Y	0.0001	0	0.0000	0
D	0.0002	0	0.0000	0
R	0.0064	0	0.0000	0
Q	0.0014	0	0.0000	0
K	0.0071	0	0.0000	0
N	0.3370	0	0.0000	0
P	0.0011	0	0.0000	0
S	0.0036	0	0.0000	0
K	0.1067	0	0.0000	0
E	0.0044	0	0.0000	0
E	0.0027	0	0.0000	0
R	0.2639	0	0.0000	0
E	0.0006	0	0.0000	0
A	0.0001	0	0.0000	0
L	0.0002	0	0.0000	0
V	0.0001	0	0.0000	0
E	0.0003	0	0.0000	0
E	0.0002	0	0.0000	0
C	0.0001	0	0.0000	0
N	0.0004	0	0.0000	0
R	0.0047	0	0.0000	0
A	0.0002	0	0.0000	0
E	0.0004	0	0.0000	0
C	0.0003	0	0.0000	0
L	0.0074	0	0.0000	0
Q	0.0067	0	0.0000	0
R	0.1169	0	0.0000	0
G	0.0071	0	0.0000	0
V	0.0052	0	0.0000	0
S	0.0279	0	0.0000	0
P	0.0163	0	0.0000	0
S	0.0598	0	0.0000	0
K	0.0317	0	0.0000	0
A	0.0018	0	0.0000	0
H	0.0059	0	0.0000	0
G	0.0008	0	0.0000	0
L	0.0003	0	0.0000	0
G	0.0009	0	0.0000	0
S	0.0447	0	0.0000	0
N	0.0030	0	0.0000	0
L	0.0016	0	0.0000	0
V	0.0018	0	0.0000	0
T	0.0156	0	0.0000	0
E	0.0823	0	0.0000	0
V	0.0117	0	0.0000	0
R	0.6812	1	0.0000	0
V	0.0110	0	0.0000	0
Y	0.9611	1	0.0000	0
N	0.8129	1	0.0000	0
W	0.6779	1	0.0000	0
F	0.0266	0	0.0000	0
A	0.2427	0	0.0000	0
N	0.9580	1	0.0000	0
R	0.1127	0	0.0000	0
R	0.9297	1	0.0000	0
K	0.5402	1	0.0000	0
E	0.6583	1	0.0000	0
E	0.0063	0	0.0000	0
A	0.6435	1	0.0000	0
F	0.1093	0	0.0000	0
R	0.3351	0	0.0000	0
Q	0.0135	0	0.0000	0
K	0.3190	0	0.0000	0
L	0.0187	0	0.0000	0
A	0.0040	0	0.0000	0
M	0.0895	0	0.0000	0
D	0.0031	0	0.0000	0
A	0.0047	0	0.0000	0
Y	0.2648	0	0.0000	0
S	0.0691	0	0.0000	0
S	0.0138	0	0.0000	0
N	0.0143	0	0.0000	0
Q	0.0107	0	0.0000	0
T	0.0183	0	0.0000	0
H	0.0292	0	0.0000	0
S	0.0201	0	0.0000	0
L	0.0036	0	0.0000	0
N	0.0076	0	0.0000	0
P	0.0043	0	0.0000	0
L	0.0012	0	0.0000	0
L	0.0025	0	0.0000	0
S	0.0057	0	0.0000	0
H	0.0084	0	0.0000	0
G	0.0059	0	0.0000	0
S	0.0027	0	0.0000	0
P	0.0014	0	0.0000	0
H	0.0011	0	0.0000	0
H	0.0007	0	0.0000	0
Q	0.0006	0	0.0000	0
P	0.0009	0	0.0000	0
S	0.0016	0	0.0000	0
S	0.0049	0	0.0000	0
S	0.0030	0	0.0000	0
P	0.0053	0	0.0000	0
P	0.0082	0	0.0000	0
N	0.0188	0	0.0000	0
K	0.0386	0	0.0000	0
L	0.0032	0	0.0000	0
S	0.0025	0	0.0000	0
G	0.0013	0	0.0000	0
V	0.0004	0	0.0000	0
R	0.0039	0	0.0000	0
Y	0.0207	0	0.0000	0
S	0.0013	0	0.0000	0
Q	0.0132	0	0.0000	0
Q	0.0237	0	0.0000	0
G	0.0142	0	0.0000	0
N	0.0071	0	0.0000	0
N	0.0025	0	0.0000	0
E	0.0029	0	0.0000	0
I	0.0030	0	0.0000	0
T	0.0024	0	0.0000	0
S	0.0412	0	0.0000	0
S	0.0847	0	0.0000	0
S	0.0166	0	0.0000	0
T	0.0674	0	0.0000	0
I	0.0084	0	0.0000	0
S	0.3280	0	0.0000	0
H	0.4159	1	0.0000	0
H	0.4293	1	0.0000	0
G	0.1108	0	0.0000	0
N	0.2010	0	0.0000	0
S	0.0623	0	0.0000	0
A	0.0093	0	0.0000	0
M	0.0107	0	0.0000	0
V	0.0012	0	0.0000	0
T	0.0030	0	0.0000	0
S	0.0017	0	0.0000	0
Q	0.0014	0	0.0000	0
S	0.0007	0	0.0000	0
V	0.0004	0	0.0000	0
L	0.0005	0	0.0000	0
Q	0.0034	0	0.0000	0
Q	0.0021	0	0.0000	0
V	0.0004	0	0.0000	0
S	0.0005	0	0.0000	0
P	0.0003	0	0.0000	0
A	0.0004	0	0.0000	0
S	0.0008	0	0.0000	0
L	0.0002	0	0.0000	0
D	0.0020	0	0.0000	0
P	0.0012	0	0.0000	0
G	0.0068	0	0.0000	0
H	0.0090	0	0.0000	0
N	0.0153	0	0.0000	0
L	0.0015	0	0.0000	0
L	0.0010	0	0.0000	0
S	0.0035	0	0.0000	0
P	0.0020	0	0.0000	0
D	0.0053	0	0.0000	0
G	0.0043	0	0.0000	0
K	0.0050	0	0.0000	0
M	0.0048	0	0.0000	0
I	0.0021	0	0.0000	0
S	0.0048	0	0.0000	0
V	0.0049	0	0.0000	0
S	0.0049	0	0.0000	0
G	0.0023	0	0.0000	0
G	0.0013	0	0.0000	0
G	0.0028	0	0.0000	0
L	0.0008	0	0.0000	0
P	0.0014	0	0.0000	0
P	0.0019	0	0.0000	0
V	0.0012	0	0.0000	0
S	0.0162	0	0.0000	0
T	0.1512	0	0.0000	0
L	0.0069	0	0.0000	0
T	0.0496	0	0.0000	0
N	0.0378	0	0.0000	0
I	0.0031	0	0.0000	0
H	0.0084	0	0.0000	0
S	0.0028	0	0.0000	0
L	0.0007	0	0.0000	0
S	0.0014	0	0.0000	0
H	0.0014	0	0.0000	0
H	0.0011	0	0.0000	0
N	0.0015	0	0.0000	0
P	0.0067	0	0.0000	0
Q	0.0056	0	0.0000	0
Q	0.0038	0	0.0000	0
S	0.0044	0	0.0000	0
Q	0.0035	0	0.0000	0
N	0.0049	0	0.0000	0
L	0.0004	0	0.0000	0
I	0.0010	0	0.0000	0
M	0.0004	0	0.0000	0
T	0.0002	0	0.0000	0
P	0.0002	0	0.0000	0
L	0.0002	0	0.0000	0
S	0.0003	0	0.0000	0
G	0.0001	0	0.0000	0
V	0.0001	0	0.0000	0
M	0.0002	0	0.0000	0
A	0.0007	0	0.0000	0
I	0.0003	0	0.0000	0
A	0.0004	0	0.0000	0
Q	0.0009	0	0.0000	0
S	0.0009	0	0.0000	0
L	0.0005	0	0.0000	0
N	0.0023	0	0.0000	0
T	0.0181	0	0.0000	0
S	0.0242	0	0.0000	0
Q	0.0254	0	0.0000	0
A	0.1783	0	0.0000	0
Q	0.5046	1	0.0000	0
S	0.3727	1	0.0000	0
V	0.0477	0	0.0000	0
P	0.0241	0	0.0000	0
V	0.0043	0	0.0000	0
I	0.0037	0	0.0000	0
N	0.1358	0	0.0000	0
S	0.1191	0	0.0000	0
V	0.0056	0	0.0000	0
A	0.0029	0	0.0000	0
G	0.0014	0	0.0000	0
S	0.0005	0	0.0000	0
L	0.0002	0	0.0000	0
A	0.0001	0	0.0000	0
A	0.0001	0	0.0000	0
L	0.0000	0	0.0000	0
Q	0.0001	0	0.0000	0
P	0.0002	0	0.0000	0
V	0.0001	0	0.0000	0
Q	0.0002	0	0.0000	0
F	0.0001	0	0.0000	0
S	0.0003	0	0.0000	0
Q	0.0001	0	0.0000	0
Q	0.0002	0	0.0000	0
L	0.0000	0	0.0000	0
H	0.0001	0	0.0000	0
S	0.0001	0	0.0000	0
P	0.0001	0	0.0000	0
H	0.0003	0	0.0000	0
Q	0.0002	0	0.0000	0
Q	0.0003	0	0.0000	0
P	0.0001	0	0.0000	0
L	0.0000	0	0.0000	0
M	0.0001	0	0.0000	0
Q	0.0001	0	0.0000	0
Q	0.0001	0	0.0000	0
S	0.0001	0	0.0000	0
P	0.0001	0	0.0000	0
G	0.0002	0	0.0000	0
S	0.0002	0	0.0000	0
H	0.0002	0	0.0000	0
M	0.0002	0	0.0000	0
A	0.0001	0	0.0000	0
Q	0.0003	0	0.0000	0
Q	0.0003	0	0.0000	0
P	0.0001	0	0.0000	0
F	0.0001	0	0.0000	0
M	0.0002	0	0.0000	0
A	0.0001	0	0.0000	0
A	0.0001	0	0.0000	0
V	0.0001	0	0.0000	0
T	0.0001	0	0.0000	0
Q	0.0005	0	0.0000	0
L	0.0001	0	0.0000	0
Q	0.0002	0	0.0000	0
N	0.0004	0	0.0000	0
S	0.0002	0	0.0000	0
H	0.0004	0	0.0000	0
M	0.0001	0	0.0000	0
Y	0.0003	0	0.0000	0
A	0.0002	0	0.0000	0
H	0.0003	0	0.0000	0
K	0.0027	0	0.0000	0
Q	0.0005	0	0.0000	0
E	0.0005	0	0.0000	0
P	0.0001	0	0.0000	0
P	0.0001	0	0.0000	0
Q	0.0006	0	0.0000	0
Y	0.0005	0	0.0000	0
S	0.0002	0	0.0000	0
H	0.0005	0	0.0000	0
T	0.0004	0	0.0000	0
S	0.0001	0	0.0000	0
R	0.0004	0	0.0000	0
F	0.0001	0	0.0000	0
P	0.0003	0	0.0000	0
S	0.0002	0	0.0000	0
A	0.0002	0	0.0000	0
M	0.0001	0	0.0000	0
V	0.0001	0	0.0000	0
V	0.0001	0	0.0000	0
T	0.0004	0	0.0000	0
D	0.0062	0	0.0000	0
T	0.0810	0	0.0001	0
S	0.1203	0	0.0001	0
S	0.0824	0	0.0000	0
I	0.0021	0	0.0000	0
S	0.0353	0	0.0000	0
T	0.0256	0	0.0000	0
L	0.0016	0	0.0000	0
T	0.0326	0	0.0000	0
N	0.0289	0	0.0000	0
M	0.0021	0	0.0000	0
S	0.0178	0	0.0000	0
S	0.0202	0	0.0000	0
S	0.0427	0	0.0000	0
K	0.1516	0	0.0000	0
Q	0.0388	0	0.0000	0
C	0.0005	0	0.0000	0
P	0.0010	0	0.0000	0
L	0.0012	0	0.0000	0
Q	0.0174	0	0.0000	0
A	0.0191	0	0.0000	0
W	0.0916	0	0.0000	0
</pre></body></html>