<html><head></head><body><pre style="word-wrap: break-word; white-space: pre-wrap;">&gt;Q24F70
Amino Acid	probability_DNA	binary_DNA	probability_RNA	binary_RNA
M	0.0231	0	0.2200	1
V	0.0436	0	0.4556	1
H	0.0403	0	0.5054	1
V	0.0056	0	0.0200	0
L	0.0651	0	0.1478	0
K	0.3344	0	0.3432	1
A	0.1969	0	0.3782	1
T	0.2228	0	0.3802	1
K	0.5094	1	0.5678	1
I	0.1879	0	0.4215	1
R	0.0808	0	0.3029	1
I	0.0006	0	0.0024	0
Y	0.0260	0	0.1514	1
K	0.1684	0	0.3849	1
Q	0.0081	0	0.0428	0
L	0.0002	0	0.0009	0
L	0.0005	0	0.0065	0
Q	0.0072	0	0.1963	1
D	0.0002	0	0.0018	0
G	0.0002	0	0.0026	0
V	0.0000	0	0.0008	0
F	0.0000	0	0.0003	0
V	0.0001	0	0.0006	0
L	0.0001	0	0.0003	0
K	0.0039	0	0.0461	0
K	0.0237	0	0.1634	1
D	0.0134	0	0.0465	0
F	0.0441	0	0.1906	1
E	0.1126	0	0.4270	1
G	0.0285	0	0.1768	1
H	0.0413	0	0.2425	1
H	0.0130	0	0.0689	0
E	0.0042	0	0.0165	0
E	0.0031	0	0.0155	0
T	0.0004	0	0.0009	0
G	0.0009	0	0.0024	0
V	0.0029	0	0.0083	0
P	0.0100	0	0.0238	0
N	0.1619	0	0.2631	1
L	0.0020	0	0.0031	0
H	0.0045	0	0.0093	0
C	0.0003	0	0.0002	0
Y	0.0008	0	0.0020	0
I	0.0092	0	0.0414	0
L	0.0003	0	0.0011	0
V	0.0011	0	0.0089	0
R	0.2252	0	0.5976	1
S	0.0777	0	0.4628	1
L	0.0085	0	0.1063	0
K	0.0396	0	0.4488	1
D	0.0686	0	0.4817	1
R	0.0931	0	0.5194	1
G	0.0056	0	0.0827	0
F	0.0019	0	0.0166	0
L	0.0001	0	0.0004	0
E	0.0027	0	0.0070	0
E	0.0040	0	0.0048	0
I	0.0169	0	0.0147	0
F	0.1084	0	0.1061	0
N	0.1527	0	0.1635	1
W	0.1841	0	0.2152	1
G	0.0524	0	0.0387	0
F	0.5505	1	0.2047	1
T	0.0685	0	0.0304	0
Y	0.0633	0	0.0392	0
Y	0.0014	0	0.0006	0
Y	0.0008	0	0.0003	0
L	0.0002	0	0.0001	0
N	0.0057	0	0.0031	0
K	0.0035	0	0.0019	0
E	0.0019	0	0.0008	0
G	0.0009	0	0.0002	0
C	0.0003	0	0.0001	0
E	0.0008	0	0.0002	0
Y	0.0012	0	0.0003	0
L	0.0002	0	0.0001	0
K	0.0029	0	0.0010	0
T	0.0004	0	0.0001	0
K	0.0001	0	0.0001	0
L	0.0001	0	0.0000	0
G	0.0009	0	0.0006	0
I	0.0001	0	0.0000	0
S	0.0001	0	0.0000	0
A	0.0001	0	0.0000	0
D	0.0001	0	0.0000	0
N	0.0001	0	0.0000	0
V	0.0001	0	0.0000	0
I	0.0004	0	0.0000	0
P	0.0016	0	0.0001	0
K	0.0180	0	0.0005	0
T	0.0603	0	0.0014	0
F	0.0072	0	0.0001	0
K	0.4578	1	0.0319	0
A	0.1583	0	0.0020	0
S	0.0709	0	0.0009	0
N	0.0372	0	0.0004	0
V	0.0714	0	0.0011	0
N	0.0231	0	0.0003	0
F	0.0023	0	0.0000	0
I	0.0018	0	0.0001	0
S	0.0062	0	0.0002	0
K	0.0096	0	0.0002	0
E	0.0008	0	0.0000	0
E	0.0009	0	0.0000	0
D	0.0004	0	0.0000	0
E	0.0009	0	0.0000	0
E	0.0009	0	0.0000	0
E	0.0010	0	0.0000	0
R	0.0259	0	0.0012	0
P	0.0117	0	0.0005	0
R	0.0712	0	0.0023	0
R	0.1512	0	0.0062	0
Q	0.1032	0	0.0028	0
F	0.0230	0	0.0006	0
N	0.0337	0	0.0005	0
K	0.0206	0	0.0002	0
G	0.0132	0	0.0001	0
G	0.0114	0	0.0000	0
R	0.1241	0	0.0002	0
T	0.1270	0	0.0004	0
G	0.0279	0	0.0001	0
E	0.0725	0	0.0001	0
R	0.3392	0	0.0002	0
D	0.2607	0	0.0002	0
G	0.0669	0	0.0000	0
R	0.2482	0	0.0001	0
N	0.1414	0	0.0001	0
K	0.0637	0	0.0001	0
R	0.3170	0	0.0001	0
G	0.2990	0	0.0001	0
V	0.2938	0	0.0001	0
G	0.3412	0	0.0000	0
R	0.5002	1	0.0000	0
G	0.2917	0	0.0000	0
T	0.2159	0	0.0000	0
R	0.1520	0	0.0000	0
R	0.0364	0	0.0000	0
E	0.0017	0	0.0000	0
G	0.0003	0	0.0000	0
E	0.0001	0	0.0000	0
E	0.0001	0	0.0000	0
A	0.0000	0	0.0000	0
A	0.0000	0	0.0000	0
K	0.0000	0	0.0000	0
E	0.0001	0	0.0000	0
E	0.0001	0	0.0000	0
G	0.0001	0	0.0000	0
A	0.0001	0	0.0000	0
A	0.0000	0	0.0000	0
E	0.0000	0	0.0000	0
T	0.0000	0	0.0000	0
A	0.0000	0	0.0000	0
Q	0.0000	0	0.0000	0
G	0.0000	0	0.0000	0
N	0.0001	0	0.0000	0
Q	0.0000	0	0.0000	0
E	0.0001	0	0.0000	0
T	0.0001	0	0.0000	0
P	0.0001	0	0.0000	0
A	0.0002	0	0.0000	0
Q	0.0005	0	0.0000	0
E	0.0034	0	0.0003	0
</pre></body></html>