<html><head></head><body><pre style="word-wrap: break-word; white-space: pre-wrap;">&gt;Q58293
Amino Acid	probability_DNA	binary_DNA	probability_RNA	binary_RNA
M	0.0166	0	0.0359	0
P	0.0042	0	0.0051	0
L	0.0005	0	0.0006	0
C	0.0001	0	0.0002	0
L	0.0001	0	0.0003	0
K	0.0091	0	0.0153	0
I	0.0004	0	0.0004	0
N	0.0769	0	0.0313	0
K	0.1887	0	0.0448	0
K	0.0359	0	0.0046	0
H	0.0013	0	0.0002	0
G	0.0003	0	0.0002	0
E	0.0004	0	0.0009	0
Q	0.0016	0	0.0044	0
T	0.0001	0	0.0002	0
R	0.0007	0	0.0046	0
R	0.0004	0	0.0066	0
I	0.0000	0	0.0001	0
L	0.0000	0	0.0001	0
I	0.0000	0	0.0001	0
E	0.0001	0	0.0002	0
N	0.0000	0	0.0000	0
N	0.0000	0	0.0000	0
L	0.0000	0	0.0000	0
L	0.0000	0	0.0000	0
N	0.0000	0	0.0001	0
K	0.0002	0	0.0008	0
D	0.0002	0	0.0005	0
Y	0.0008	0	0.0018	0
K	0.0031	0	0.0061	0
I	0.0006	0	0.0008	0
T	0.0005	0	0.0007	0
S	0.0067	0	0.0158	0
E	0.0013	0	0.0034	0
G	0.0031	0	0.0051	0
N	0.0365	0	0.0421	0
Y	0.3950	1	0.2805	1
L	0.0143	0	0.0139	0
Y	0.0013	0	0.0009	0
L	0.0004	0	0.0001	0
P	0.0001	0	0.0000	0
I	0.0001	0	0.0001	0
K	0.0004	0	0.0009	0
D	0.0003	0	0.0007	0
V	0.0003	0	0.0004	0
D	0.0005	0	0.0006	0
E	0.0036	0	0.0033	0
D	0.0029	0	0.0021	0
I	0.0028	0	0.0014	0
L	0.0002	0	0.0001	0
K	0.0019	0	0.0016	0
S	0.0039	0	0.0035	0
I	0.0004	0	0.0003	0
L	0.0001	0	0.0001	0
N	0.0006	0	0.0012	0
I	0.0004	0	0.0006	0
E	0.0001	0	0.0002	0
F	0.0001	0	0.0001	0
E	0.0001	0	0.0001	0
L	0.0001	0	0.0001	0
V	0.0001	0	0.0001	0
D	0.0003	0	0.0005	0
K	0.0002	0	0.0002	0
E	0.0002	0	0.0001	0
L	0.0007	0	0.0004	0
E	0.0006	0	0.0004	0
E	0.0031	0	0.0025	0
K	0.0151	0	0.0048	0
K	0.2027	0	0.0287	0
I	0.1008	0	0.0088	0
I	0.1992	0	0.0259	0
K	0.1292	0	0.0137	0
K	0.0315	0	0.0029	0
P	0.0110	0	0.0020	0
S	0.0155	0	0.0037	0
F	0.0022	0	0.0011	0
R	0.0922	0	0.1157	0
E	0.0014	0	0.0008	0
I	0.0011	0	0.0013	0
I	0.0002	0	0.0001	0
S	0.0001	0	0.0001	0
K	0.0005	0	0.0005	0
K	0.0002	0	0.0002	0
Y	0.0001	0	0.0001	0
R	0.0006	0	0.0018	0
K	0.0002	0	0.0005	0
E	0.0001	0	0.0001	0
I	0.0000	0	0.0001	0
D	0.0001	0	0.0001	0
E	0.0001	0	0.0001	0
G	0.0001	0	0.0001	0
L	0.0001	0	0.0001	0
I	0.0000	0	0.0000	0
S	0.0001	0	0.0001	0
L	0.0004	0	0.0001	0
S	0.0077	0	0.0038	0
Y	0.0148	0	0.0064	0
D	0.0042	0	0.0007	0
V	0.0545	0	0.0145	0
V	0.0062	0	0.0043	0
G	0.0032	0	0.0057	0
D	0.0205	0	0.0389	0
L	0.0014	0	0.0039	0
V	0.0005	0	0.0008	0
I	0.0592	0	0.1066	0
L	0.0005	0	0.0008	0
Q	0.0656	0	0.1066	0
I	0.0053	0	0.0091	0
S	0.2639	0	0.3237	1
D	0.0247	0	0.0266	0
E	0.0063	0	0.0047	0
V	0.0022	0	0.0030	0
D	0.0031	0	0.0120	0
E	0.0013	0	0.0043	0
K	0.0170	0	0.0487	0
I	0.0107	0	0.0431	0
R	0.0031	0	0.0131	0
K	0.0009	0	0.0056	0
E	0.0002	0	0.0004	0
I	0.0000	0	0.0001	0
G	0.0000	0	0.0000	0
E	0.0001	0	0.0001	0
L	0.0000	0	0.0000	0
A	0.0000	0	0.0000	0
Y	0.0001	0	0.0002	0
K	0.0001	0	0.0002	0
L	0.0000	0	0.0000	0
I	0.0000	0	0.0000	0
P	0.0001	0	0.0003	0
C	0.0001	0	0.0001	0
K	0.0004	0	0.0003	0
G	0.0010	0	0.0008	0
V	0.0003	0	0.0001	0
F	0.0003	0	0.0001	0
R	0.0018	0	0.0012	0
R	0.1194	0	0.0960	0
K	0.0424	0	0.0184	0
S	0.0332	0	0.0094	0
E	0.0953	0	0.0221	0
V	0.0902	0	0.0312	0
K	0.1738	0	0.1150	0
G	0.4154	1	0.2405	1
E	0.3312	0	0.1025	0
F	0.3294	0	0.0594	0
R	0.4054	1	0.1039	0
V	0.0313	0	0.0044	0
R	0.1736	0	0.0230	0
E	0.0231	0	0.0027	0
L	0.0099	0	0.0014	0
E	0.0041	0	0.0006	0
H	0.0012	0	0.0003	0
L	0.0004	0	0.0003	0
A	0.0002	0	0.0002	0
G	0.0459	0	0.0650	0
E	0.0141	0	0.0169	0
N	0.0090	0	0.0063	0
R	0.0116	0	0.0091	0
T	0.0041	0	0.0038	0
L	0.0060	0	0.0077	0
T	0.0028	0	0.0064	0
I	0.0058	0	0.0112	0
H	0.0045	0	0.0115	0
K	0.0126	0	0.0503	0
E	0.0060	0	0.0455	0
N	0.0272	0	0.1560	1
G	0.0168	0	0.1065	0
Y	0.0004	0	0.0023	0
R	0.0194	0	0.0541	0
L	0.0031	0	0.0036	0
W	0.0196	0	0.0246	0
V	0.0029	0	0.0027	0
D	0.0344	0	0.0364	0
I	0.0080	0	0.0053	0
A	0.0077	0	0.0056	0
K	0.0368	0	0.0257	0
V	0.0132	0	0.0081	0
Y	0.2878	0	0.2035	1
F	0.1726	0	0.1497	0
S	0.0229	0	0.0237	0
P	0.1074	0	0.1133	0
R	0.3471	0	0.3605	1
L	0.0519	0	0.0381	0
G	0.0582	0	0.0597	0
G	0.0559	0	0.1422	0
E	0.0014	0	0.0036	0
R	0.0041	0	0.0100	0
A	0.0001	0	0.0002	0
R	0.0003	0	0.0011	0
I	0.0000	0	0.0001	0
M	0.0001	0	0.0002	0
K	0.0001	0	0.0002	0
K	0.0000	0	0.0001	0
V	0.0000	0	0.0001	0
S	0.0001	0	0.0007	0
L	0.0001	0	0.0003	0
N	0.0001	0	0.0004	0
D	0.0000	0	0.0002	0
V	0.0001	0	0.0006	0
V	0.0001	0	0.0004	0
V	0.0000	0	0.0003	0
D	0.0006	0	0.0029	0
M	0.0001	0	0.0002	0
F	0.0001	0	0.0003	0
A	0.0000	0	0.0000	0
G	0.0000	0	0.0000	0
V	0.0000	0	0.0000	0
G	0.0000	0	0.0000	0
P	0.0000	0	0.0000	0
F	0.0000	0	0.0000	0
S	0.0001	0	0.0000	0
I	0.0000	0	0.0000	0
A	0.0000	0	0.0000	0
C	0.0000	0	0.0000	0
K	0.0000	0	0.0000	0
N	0.0001	0	0.0000	0
A	0.0000	0	0.0000	0
K	0.0001	0	0.0000	0
K	0.0008	0	0.0001	0
I	0.0001	0	0.0000	0
Y	0.0002	0	0.0000	0
A	0.0002	0	0.0000	0
I	0.0105	0	0.0024	0
D	0.0239	0	0.0048	0
I	0.1216	0	0.0173	0
N	0.0444	0	0.0063	0
P	0.0007	0	0.0000	0
H	0.0005	0	0.0000	0
A	0.0001	0	0.0000	0
I	0.0000	0	0.0000	0
E	0.0000	0	0.0000	0
L	0.0000	0	0.0000	0
L	0.0000	0	0.0000	0
K	0.0001	0	0.0000	0
K	0.0001	0	0.0000	0
N	0.0002	0	0.0000	0
I	0.0000	0	0.0000	0
K	0.0000	0	0.0000	0
L	0.0001	0	0.0000	0
N	0.0001	0	0.0000	0
K	0.0005	0	0.0000	0
L	0.0002	0	0.0000	0
E	0.0003	0	0.0001	0
H	0.0015	0	0.0003	0
K	0.0077	0	0.0008	0
I	0.0002	0	0.0000	0
I	0.0008	0	0.0001	0
P	0.0007	0	0.0001	0
I	0.0082	0	0.0015	0
L	0.0022	0	0.0007	0
S	0.0005	0	0.0002	0
D	0.0064	0	0.0032	0
V	0.0005	0	0.0003	0
R	0.0048	0	0.0075	0
E	0.0041	0	0.0049	0
V	0.0002	0	0.0001	0
D	0.0005	0	0.0003	0
V	0.0009	0	0.0005	0
K	0.0186	0	0.0135	0
G	0.0007	0	0.0003	0
N	0.0018	0	0.0008	0
R	0.0013	0	0.0009	0
V	0.0002	0	0.0002	0
I	0.0007	0	0.0015	0
M	0.0003	0	0.0015	0
N	0.0583	0	0.3364	1
L	0.3174	0	0.4842	1
P	0.2205	0	0.3145	1
K	0.4470	1	0.5103	1
F	0.2012	0	0.2006	1
A	0.2257	0	0.2106	1
H	0.2495	0	0.1543	1
K	0.1507	0	0.0482	0
F	0.0074	0	0.0010	0
I	0.0066	0	0.0024	0
D	0.0313	0	0.0175	0
K	0.0056	0	0.0017	0
A	0.0005	0	0.0001	0
L	0.0005	0	0.0001	0
D	0.0104	0	0.0039	0
I	0.0004	0	0.0001	0
V	0.0002	0	0.0001	0
E	0.0347	0	0.0376	0
E	0.0024	0	0.0008	0
G	0.0016	0	0.0006	0
G	0.0003	0	0.0001	0
V	0.0011	0	0.0006	0
I	0.0001	0	0.0000	0
H	0.0004	0	0.0003	0
Y	0.0001	0	0.0000	0
Y	0.0003	0	0.0001	0
T	0.0006	0	0.0002	0
I	0.0051	0	0.0017	0
G	0.0168	0	0.0063	0
K	0.0489	0	0.0215	0
D	0.0422	0	0.0156	0
F	0.0144	0	0.0056	0
D	0.0064	0	0.0036	0
K	0.0285	0	0.0200	0
A	0.0007	0	0.0002	0
I	0.0003	0	0.0001	0
K	0.0009	0	0.0005	0
L	0.0003	0	0.0001	0
F	0.0001	0	0.0000	0
E	0.0007	0	0.0002	0
K	0.0005	0	0.0001	0
K	0.0002	0	0.0000	0
C	0.0001	0	0.0000	0
D	0.0004	0	0.0001	0
C	0.0001	0	0.0000	0
E	0.0003	0	0.0001	0
V	0.0004	0	0.0001	0
L	0.0004	0	0.0001	0
E	0.0007	0	0.0003	0
K	0.0009	0	0.0005	0
R	0.0111	0	0.0056	0
I	0.0143	0	0.0096	0
V	0.0021	0	0.0032	0
K	0.1173	0	0.1412	0
S	0.0062	0	0.0053	0
Y	0.3251	0	0.1667	1
A	0.0014	0	0.0025	0
P	0.0019	0	0.0087	0
R	0.0324	0	0.0712	0
E	0.0685	0	0.0573	0
Y	0.0352	0	0.0344	0
I	0.1430	0	0.0914	0
L	0.0026	0	0.0005	0
A	0.0024	0	0.0009	0
L	0.0002	0	0.0000	0
D	0.0010	0	0.0008	0
F	0.0000	0	0.0000	0
K	0.0014	0	0.0009	0
I	0.0001	0	0.0000	0
N	0.0007	0	0.0002	0
K	0.0222	0	0.0060	0
K	0.1432	0	0.0205	0
</pre></body></html>