<html><head></head><body><pre style="word-wrap: break-word; white-space: pre-wrap;">&gt;O89511
Amino Acid	probability_DNA	binary_DNA	probability_RNA	binary_RNA
M	0.0074	0	0.0007	0
E	0.0011	0	0.0002	0
Q	0.0004	0	0.0001	0
D	0.0001	0	0.0000	0
K	0.0001	0	0.0000	0
I	0.0002	0	0.0000	0
L	0.0007	0	0.0003	0
A	0.0003	0	0.0000	0
H	0.0120	0	0.0010	0
Q	0.0711	0	0.0025	0
A	0.0057	0	0.0001	0
S	0.0078	0	0.0004	0
L	0.0127	0	0.0012	0
N	0.0077	0	0.0008	0
T	0.0030	0	0.0001	0
K	0.0024	0	0.0001	0
P	0.0006	0	0.0000	0
S	0.0004	0	0.0000	0
L	0.0006	0	0.0000	0
L	0.0003	0	0.0000	0
P	0.0003	0	0.0001	0
P	0.0002	0	0.0000	0
P	0.0002	0	0.0001	0
V	0.0001	0	0.0000	0
G	0.0004	0	0.0001	0
N	0.0005	0	0.0001	0
P	0.0012	0	0.0003	0
P	0.0012	0	0.0004	0
P	0.0038	0	0.0012	0
V	0.0214	0	0.0120	0
I	0.0072	0	0.0047	0
S	0.0392	0	0.0192	0
Y	0.0022	0	0.0005	0
P	0.0829	0	0.0323	0
F	0.0035	0	0.0034	0
Q	0.0388	0	0.0394	0
I	0.0006	0	0.0003	0
T	0.0078	0	0.0035	0
L	0.0038	0	0.0014	0
A	0.0002	0	0.0000	0
S	0.0007	0	0.0002	0
L	0.0003	0	0.0001	0
G	0.0005	0	0.0001	0
T	0.0030	0	0.0003	0
E	0.0045	0	0.0002	0
D	0.0119	0	0.0005	0
A	0.0093	0	0.0001	0
A	0.0117	0	0.0002	0
D	0.0203	0	0.0003	0
S	0.4396	1	0.0126	0
V	0.0071	0	0.0001	0
S	0.2956	0	0.0054	0
I	0.0145	0	0.0001	0
A	0.1339	0	0.0069	0
S	0.1702	0	0.0125	0
N	0.0156	0	0.0005	0
S	0.0033	0	0.0001	0
V	0.0066	0	0.0002	0
L	0.0002	0	0.0000	0
A	0.0063	0	0.0001	0
T	0.0035	0	0.0002	0
Y	0.0004	0	0.0000	0
T	0.0005	0	0.0000	0
A	0.0011	0	0.0001	0
L	0.0004	0	0.0000	0
Y	0.0265	0	0.0005	0
R	0.2461	0	0.0017	0
H	0.0157	0	0.0000	0
A	0.0007	0	0.0000	0
Q	0.0024	0	0.0000	0
L	0.0004	0	0.0000	0
K	0.0004	0	0.0000	0
H	0.0008	0	0.0000	0
L	0.0001	0	0.0000	0
K	0.0004	0	0.0000	0
A	0.0000	0	0.0000	0
T	0.0000	0	0.0000	0
I	0.0000	0	0.0000	0
H	0.0001	0	0.0000	0
P	0.0001	0	0.0000	0
T	0.0001	0	0.0000	0
Y	0.0002	0	0.0000	0
M	0.0003	0	0.0000	0
A	0.0003	0	0.0000	0
P	0.0007	0	0.0001	0
K	0.0011	0	0.0003	0
Y	0.0004	0	0.0001	0
P	0.0004	0	0.0001	0
T	0.0004	0	0.0001	0
S	0.0073	0	0.0073	0
V	0.0002	0	0.0001	0
A	0.0003	0	0.0001	0
L	0.0001	0	0.0000	0
V	0.0002	0	0.0000	0
W	0.0002	0	0.0000	0
V	0.0002	0	0.0000	0
P	0.0001	0	0.0000	0
A	0.0002	0	0.0000	0
N	0.0006	0	0.0000	0
S	0.0002	0	0.0000	0
T	0.0009	0	0.0000	0
A	0.0001	0	0.0000	0
T	0.0003	0	0.0000	0
S	0.0002	0	0.0000	0
T	0.0002	0	0.0000	0
Q	0.0001	0	0.0000	0
V	0.0000	0	0.0000	0
L	0.0001	0	0.0000	0
D	0.0006	0	0.0001	0
T	0.0001	0	0.0000	0
Y	0.0231	0	0.0032	0
G	0.0012	0	0.0001	0
G	0.0017	0	0.0002	0
L	0.0172	0	0.0014	0
H	0.6743	1	0.0430	0
F	0.7198	1	0.0134	0
C	0.7692	1	0.0169	0
I	0.1903	0	0.0024	0
G	0.0221	0	0.0002	0
G	0.0099	0	0.0001	0
S	0.0058	0	0.0000	0
V	0.0025	0	0.0000	0
N	0.0042	0	0.0000	0
S	0.0019	0	0.0000	0
V	0.0010	0	0.0000	0
K	0.0007	0	0.0000	0
P	0.0003	0	0.0000	0
I	0.0001	0	0.0000	0
D	0.0002	0	0.0000	0
V	0.0001	0	0.0000	0
E	0.0010	0	0.0000	0
A	0.0002	0	0.0000	0
N	0.0006	0	0.0000	0
L	0.0005	0	0.0000	0
T	0.0009	0	0.0000	0
N	0.0010	0	0.0000	0
L	0.0002	0	0.0000	0
N	0.0004	0	0.0000	0
P	0.0001	0	0.0000	0
I	0.0002	0	0.0000	0
I	0.0001	0	0.0000	0
K	0.0023	0	0.0000	0
A	0.0007	0	0.0000	0
S	0.0014	0	0.0000	0
T	0.0005	0	0.0000	0
T	0.0027	0	0.0000	0
F	0.0023	0	0.0000	0
T	0.0012	0	0.0000	0
D	0.0071	0	0.0001	0
T	0.0006	0	0.0000	0
P	0.0015	0	0.0000	0
K	0.0661	0	0.0013	0
L	0.0015	0	0.0000	0
L	0.0026	0	0.0001	0
Y	0.0024	0	0.0000	0
Y	0.0147	0	0.0005	0
S	0.0008	0	0.0000	0
K	0.0020	0	0.0001	0
A	0.0003	0	0.0000	0
Q	0.0003	0	0.0000	0
A	0.0004	0	0.0000	0
T	0.0011	0	0.0000	0
A	0.0014	0	0.0000	0
P	0.0048	0	0.0001	0
T	0.2659	0	0.0028	0
S	0.1111	0	0.0005	0
P	0.0576	0	0.0002	0
T	0.0173	0	0.0000	0
C	0.0013	0	0.0000	0
Y	0.0808	0	0.0012	0
L	0.0015	0	0.0000	0
T	0.0076	0	0.0000	0
I	0.0009	0	0.0000	0
Q	0.0135	0	0.0000	0
G	0.0020	0	0.0000	0
Q	0.0037	0	0.0000	0
I	0.0005	0	0.0000	0
E	0.0445	0	0.0001	0
L	0.0007	0	0.0000	0
S	0.0370	0	0.0000	0
S	0.0089	0	0.0000	0
P	0.0056	0	0.0000	0
L	0.0107	0	0.0000	0
L	0.0018	0	0.0000	0
Q	0.0188	0	0.0001	0
A	0.0035	0	0.0000	0
S	0.0148	0	0.0001	0
S	0.0221	0	0.0001	0
</pre></body></html>