<html><head></head><body><pre style="word-wrap: break-word; white-space: pre-wrap;">&gt;Q01658
Amino Acid	probability_DNA	binary_DNA	probability_RNA	binary_RNA
M	0.0260	0	0.0000	0
A	0.0037	0	0.0000	0
S	0.0011	0	0.0000	0
S	0.0006	0	0.0000	0
S	0.0004	0	0.0000	0
G	0.0004	0	0.0000	0
N	0.0010	0	0.0000	0
D	0.0007	0	0.0000	0
D	0.0008	0	0.0000	0
D	0.0025	0	0.0000	0
L	0.0053	0	0.0000	0
T	0.0007	0	0.0000	0
I	0.0005	0	0.0000	0
P	0.1560	0	0.0000	0
R	0.0855	0	0.0000	0
A	0.2707	0	0.0000	0
A	0.0624	0	0.0000	0
I	0.0089	0	0.0000	0
N	0.4372	1	0.0000	0
K	0.8805	1	0.0000	0
M	0.0029	0	0.0000	0
I	0.0013	0	0.0000	0
K	0.3489	0	0.0000	0
E	0.0035	0	0.0000	0
T	0.0003	0	0.0000	0
L	0.0003	0	0.0000	0
P	0.0003	0	0.0000	0
N	0.0043	0	0.0000	0
V	0.0088	0	0.0000	0
R	0.2677	0	0.0000	0
V	0.0209	0	0.0000	0
A	0.5172	1	0.0000	0
N	0.8883	1	0.0000	0
D	0.3875	1	0.0000	0
A	0.0061	0	0.0000	0
R	0.1005	0	0.0000	0
E	0.0052	0	0.0000	0
L	0.0004	0	0.0000	0
V	0.0016	0	0.0000	0
V	0.0053	0	0.0000	0
N	0.0216	0	0.0000	0
C	0.0002	0	0.0000	0
C	0.0003	0	0.0000	0
T	0.0006	0	0.0000	0
E	0.0010	0	0.0000	0
F	0.0185	0	0.0000	0
I	0.0013	0	0.0000	0
H	0.1145	0	0.0000	0
L	0.0805	0	0.0000	0
I	0.0004	0	0.0000	0
S	0.0137	0	0.0000	0
S	0.2467	0	0.0000	0
E	0.0171	0	0.0000	0
A	0.0039	0	0.0000	0
N	0.0546	0	0.0000	0
E	0.0017	0	0.0000	0
I	0.0010	0	0.0000	0
C	0.0004	0	0.0000	0
N	0.0069	0	0.0000	0
K	0.0091	0	0.0000	0
S	0.0036	0	0.0000	0
E	0.0950	0	0.0000	0
K	0.8637	1	0.0000	0
K	0.9012	1	0.0000	0
T	0.8476	1	0.0000	0
I	0.0269	0	0.0000	0
S	0.1663	0	0.0000	0
P	0.0053	0	0.0000	0
E	0.0014	0	0.0000	0
H	0.0010	0	0.0000	0
V	0.0001	0	0.0000	0
I	0.0001	0	0.0000	0
Q	0.0005	0	0.0000	0
A	0.0001	0	0.0000	0
L	0.0002	0	0.0000	0
E	0.0023	0	0.0000	0
S	0.0014	0	0.0000	0
L	0.0002	0	0.0000	0
G	0.0001	0	0.0000	0
F	0.0003	0	0.0000	0
G	0.0003	0	0.0000	0
S	0.0059	0	0.0000	0
Y	0.0022	0	0.0000	0
I	0.0005	0	0.0000	0
S	0.0010	0	0.0000	0
E	0.0015	0	0.0000	0
V	0.0001	0	0.0000	0
K	0.0038	0	0.0000	0
E	0.0006	0	0.0000	0
V	0.0003	0	0.0000	0
L	0.0004	0	0.0000	0
Q	0.0005	0	0.0000	0
E	0.0016	0	0.0000	0
C	0.0010	0	0.0000	0
K	0.3182	0	0.0000	0
T	0.0041	0	0.0000	0
V	0.0233	0	0.0000	0
A	0.2196	0	0.0000	0
L	0.0613	0	0.0000	0
K	0.0148	0	0.0000	0
R	0.2952	0	0.0000	0
R	0.2506	0	0.0000	0
K	0.3827	1	0.0000	0
A	0.3919	1	0.0000	0
S	0.0592	0	0.0000	0
S	0.1506	0	0.0000	0
R	0.4666	1	0.0000	0
L	0.0198	0	0.0000	0
E	0.0832	0	0.0000	0
N	0.1894	0	0.0000	0
L	0.0359	0	0.0000	0
G	0.0042	0	0.0000	0
I	0.0182	0	0.0000	0
P	0.0280	0	0.0000	0
E	0.0144	0	0.0000	0
E	0.0017	0	0.0000	0
E	0.0006	0	0.0000	0
L	0.0002	0	0.0000	0
L	0.0003	0	0.0000	0
R	0.0008	0	0.0000	0
Q	0.0004	0	0.0000	0
Q	0.0013	0	0.0000	0
Q	0.0007	0	0.0000	0
E	0.0010	0	0.0000	0
L	0.0002	0	0.0000	0
F	0.0003	0	0.0000	0
A	0.0008	0	0.0000	0
K	0.0027	0	0.0000	0
A	0.0014	0	0.0000	0
R	0.0523	0	0.0000	0
Q	0.0012	0	0.0000	0
Q	0.0053	0	0.0000	0
Q	0.0007	0	0.0000	0
A	0.0002	0	0.0000	0
E	0.0006	0	0.0000	0
L	0.0002	0	0.0000	0
A	0.0002	0	0.0000	0
Q	0.0019	0	0.0000	0
Q	0.0011	0	0.0000	0
E	0.0005	0	0.0000	0
W	0.0028	0	0.0000	0
L	0.0034	0	0.0000	0
Q	0.0019	0	0.0000	0
M	0.0018	0	0.0000	0
Q	0.0047	0	0.0000	0
Q	0.0019	0	0.0000	0
A	0.0003	0	0.0000	0
A	0.0002	0	0.0000	0
Q	0.0018	0	0.0000	0
Q	0.0051	0	0.0000	0
A	0.0006	0	0.0000	0
Q	0.0010	0	0.0000	0
L	0.0002	0	0.0000	0
A	0.0006	0	0.0000	0
A	0.0006	0	0.0000	0
A	0.0008	0	0.0000	0
S	0.0027	0	0.0000	0
A	0.0027	0	0.0000	0
S	0.0236	0	0.0000	0
A	0.0054	0	0.0000	0
S	0.0061	0	0.0000	0
N	0.0253	0	0.0000	0
Q	0.0074	0	0.0000	0
A	0.0020	0	0.0000	0
G	0.0020	0	0.0000	0
S	0.0051	0	0.0000	0
S	0.0071	0	0.0000	0
Q	0.0056	0	0.0000	0
D	0.0031	0	0.0000	0
E	0.0028	0	0.0000	0
E	0.0026	0	0.0000	0
D	0.0021	0	0.0000	0
D	0.0022	0	0.0000	0
D	0.0017	0	0.0000	0
D	0.0025	0	0.0000	0
I	0.0027	0	0.0000	0
</pre></body></html>