<html><head></head><body><pre style="word-wrap: break-word; white-space: pre-wrap;">&gt;D3K5I7
Amino Acid	probability_DNA	binary_DNA	probability_RNA	binary_RNA
M	0.0001	0	0.0256	0
D	0.0001	0	0.0345	0
N	0.0001	0	0.0079	0
Y	0.0008	0	0.0766	0
Q	0.0001	0	0.0062	0
E	0.0002	0	0.0071	0
L	0.0000	0	0.0010	0
A	0.0000	0	0.0008	0
I	0.0000	0	0.0002	0
Q	0.0000	0	0.0007	0
F	0.0000	0	0.0001	0
A	0.0000	0	0.0001	0
A	0.0000	0	0.0001	0
Q	0.0000	0	0.0002	0
A	0.0000	0	0.0002	0
V	0.0000	0	0.0005	0
D	0.0001	0	0.0062	0
R	0.0004	0	0.0068	0
N	0.0001	0	0.0010	0
E	0.0000	0	0.0003	0
I	0.0000	0	0.0004	0
E	0.0002	0	0.0053	0
Q	0.0000	0	0.0006	0
W	0.0000	0	0.0001	0
V	0.0000	0	0.0008	0
R	0.0002	0	0.0099	0
E	0.0002	0	0.0047	0
F	0.0000	0	0.0007	0
A	0.0002	0	0.0012	0
Y	0.0014	0	0.0043	0
Q	0.0009	0	0.0008	0
G	0.0009	0	0.0007	0
F	0.0001	0	0.0002	0
D	0.0002	0	0.0001	0
A	0.0000	0	0.0000	0
R	0.0001	0	0.0002	0
R	0.0001	0	0.0001	0
V	0.0000	0	0.0000	0
I	0.0000	0	0.0000	0
E	0.0001	0	0.0002	0
L	0.0000	0	0.0000	0
L	0.0000	0	0.0000	0
K	0.0003	0	0.0142	0
Q	0.0001	0	0.0005	0
Y	0.0003	0	0.0038	0
G	0.0000	0	0.0002	0
G	0.0002	0	0.0036	0
A	0.0009	0	0.0122	0
D	0.0009	0	0.0133	0
W	0.0007	0	0.0096	0
E	0.0148	0	0.3332	1
K	0.0423	0	0.5846	1
D	0.0060	0	0.1334	0
A	0.0001	0	0.0009	0
K	0.0050	0	0.1693	1
K	0.0069	0	0.2053	1
M	0.0000	0	0.0011	0
I	0.0000	0	0.0005	0
V	0.0003	0	0.0180	0
L	0.0003	0	0.0106	0
A	0.0076	0	0.2571	1
L	0.0005	0	0.0120	0
T	0.0570	0	0.3793	1
R	0.0838	0	0.6462	1
G	0.0287	0	0.4621	1
N	0.0844	0	0.3570	1
K	0.1210	0	0.3407	1
P	0.0074	0	0.3834	1
R	0.0083	0	0.4182	1
R	0.0112	0	0.4406	1
M	0.0015	0	0.0552	0
M	0.0000	0	0.0009	0
M	0.0025	0	0.0523	0
K	0.0044	0	0.0878	0
M	0.0001	0	0.0010	0
S	0.0003	0	0.0025	0
K	0.0000	0	0.0007	0
E	0.0000	0	0.0003	0
G	0.0000	0	0.0001	0
K	0.0000	0	0.0003	0
A	0.0000	0	0.0000	0
T	0.0000	0	0.0000	0
V	0.0000	0	0.0000	0
E	0.0000	0	0.0000	0
A	0.0000	0	0.0000	0
L	0.0000	0	0.0000	0
I	0.0000	0	0.0000	0
N	0.0000	0	0.0000	0
K	0.0000	0	0.0002	0
Y	0.0000	0	0.0001	0
K	0.0000	0	0.0001	0
L	0.0000	0	0.0000	0
K	0.0000	0	0.0016	0
E	0.0000	0	0.0015	0
G	0.0001	0	0.0085	0
N	0.0003	0	0.0187	0
P	0.0002	0	0.0104	0
S	0.0004	0	0.0244	0
R	0.0012	0	0.0838	0
D	0.0008	0	0.0199	0
E	0.0007	0	0.0102	0
L	0.0001	0	0.0008	0
T	0.0055	0	0.0351	0
L	0.0002	0	0.0006	0
S	0.0093	0	0.0515	0
R	0.0080	0	0.1424	0
V	0.0000	0	0.0001	0
A	0.0000	0	0.0001	0
A	0.0000	0	0.0001	0
A	0.0000	0	0.0000	0
L	0.0000	0	0.0004	0
A	0.0000	0	0.0001	0
G	0.0000	0	0.0001	0
R	0.0000	0	0.0002	0
T	0.0000	0	0.0002	0
C	0.0000	0	0.0000	0
Q	0.0000	0	0.0002	0
A	0.0000	0	0.0000	0
L	0.0000	0	0.0000	0
V	0.0000	0	0.0001	0
V	0.0000	0	0.0000	0
L	0.0000	0	0.0000	0
S	0.0000	0	0.0000	0
E	0.0000	0	0.0001	0
W	0.0000	0	0.0004	0
L	0.0000	0	0.0001	0
P	0.0002	0	0.0015	0
V	0.0001	0	0.0007	0
T	0.0000	0	0.0004	0
G	0.0009	0	0.0071	0
T	0.0019	0	0.0100	0
T	0.0001	0	0.0007	0
M	0.0000	0	0.0002	0
D	0.0000	0	0.0005	0
G	0.0000	0	0.0019	0
L	0.0000	0	0.0005	0
S	0.0000	0	0.0003	0
P	0.0000	0	0.0003	0
A	0.0000	0	0.0011	0
Y	0.0000	0	0.0032	0
P	0.0000	0	0.0025	0
R	0.0002	0	0.0205	0
H	0.0001	0	0.0066	0
M	0.0001	0	0.0086	0
M	0.0001	0	0.0119	0
H	0.0177	0	0.5090	1
P	0.0093	0	0.2630	1
S	0.0026	0	0.1143	0
F	0.0001	0	0.0092	0
A	0.0000	0	0.0035	0
G	0.0001	0	0.0082	0
M	0.0000	0	0.0018	0
V	0.0000	0	0.0008	0
D	0.0000	0	0.0018	0
P	0.0000	0	0.0017	0
S	0.0000	0	0.0036	0
L	0.0000	0	0.0009	0
P	0.0000	0	0.0077	0
G	0.0000	0	0.0105	0
D	0.0000	0	0.0024	0
Y	0.0000	0	0.0029	0
L	0.0000	0	0.0031	0
R	0.0002	0	0.0414	0
A	0.0000	0	0.0029	0
I	0.0000	0	0.0005	0
L	0.0000	0	0.0002	0
D	0.0000	0	0.0019	0
A	0.0000	0	0.0006	0
H	0.0002	0	0.0287	0
S	0.0001	0	0.0143	0
L	0.0000	0	0.0023	0
Y	0.0006	0	0.0896	0
L	0.0039	0	0.2495	1
L	0.0001	0	0.0092	0
Q	0.0001	0	0.0150	0
F	0.0001	0	0.0107	0
S	0.0058	0	0.3220	1
R	0.0009	0	0.0745	0
V	0.0027	0	0.2614	1
I	0.0003	0	0.0315	0
N	0.0162	0	0.7045	1
P	0.0082	0	0.4573	1
N	0.0092	0	0.4751	1
L	0.0002	0	0.0136	0
R	0.0028	0	0.2283	1
G	0.0002	0	0.0197	0
R	0.0002	0	0.0257	0
T	0.0000	0	0.0062	0
K	0.0001	0	0.0082	0
E	0.0000	0	0.0018	0
E	0.0000	0	0.0004	0
V	0.0000	0	0.0002	0
A	0.0000	0	0.0002	0
A	0.0000	0	0.0005	0
T	0.0000	0	0.0022	0
F	0.0000	0	0.0006	0
T	0.0000	0	0.0013	0
Q	0.0000	0	0.0100	0
P	0.0000	0	0.0048	0
M	0.0000	0	0.0006	0
N	0.0000	0	0.0157	0
A	0.0000	0	0.0009	0
A	0.0000	0	0.0006	0
V	0.0000	0	0.0010	0
N	0.0002	0	0.0234	0
S	0.0001	0	0.0063	0
N	0.0000	0	0.0018	0
F	0.0000	0	0.0004	0
I	0.0000	0	0.0002	0
S	0.0000	0	0.0003	0
H	0.0000	0	0.0008	0
E	0.0000	0	0.0002	0
K	0.0000	0	0.0002	0
R	0.0000	0	0.0008	0
R	0.0000	0	0.0007	0
E	0.0000	0	0.0006	0
F	0.0000	0	0.0003	0
L	0.0000	0	0.0002	0
K	0.0000	0	0.0005	0
A	0.0000	0	0.0016	0
F	0.0000	0	0.0001	0
G	0.0000	0	0.0001	0
L	0.0000	0	0.0001	0
V	0.0000	0	0.0001	0
D	0.0000	0	0.0012	0
S	0.0000	0	0.0008	0
N	0.0000	0	0.0020	0
G	0.0000	0	0.0010	0
K	0.0001	0	0.0161	0
P	0.0000	0	0.0035	0
S	0.0001	0	0.0333	0
A	0.0002	0	0.0721	0
A	0.0000	0	0.0112	0
V	0.0000	0	0.0007	0
M	0.0001	0	0.0205	0
A	0.0001	0	0.0103	0
A	0.0000	0	0.0003	0
A	0.0000	0	0.0005	0
Q	0.0000	0	0.0049	0
A	0.0000	0	0.0002	0
Y	0.0000	0	0.0011	0
K	0.0004	0	0.0746	0
T	0.0000	0	0.0017	0
A	0.0000	0	0.0018	0
A	0.0000	0	0.0083	0
</pre></body></html>