<html><head></head><body><pre style="word-wrap: break-word; white-space: pre-wrap;">&gt;P23477
Amino Acid	probability_DNA	binary_DNA	probability_RNA	binary_RNA
M	0.0046	0	0.0001	0
G	0.0020	0	0.0001	0
A	0.0002	0	0.0000	0
E	0.0011	0	0.0000	0
F	0.0001	0	0.0000	0
L	0.0001	0	0.0000	0
V	0.0006	0	0.0002	0
G	0.0013	0	0.0001	0
R	0.0134	0	0.0003	0
S	0.0066	0	0.0000	0
G	0.0170	0	0.0000	0
S	0.0196	0	0.0000	0
G	0.0069	0	0.0000	0
K	0.1070	0	0.0000	0
T	0.0177	0	0.0000	0
K	0.0089	0	0.0000	0
L	0.0001	0	0.0000	0
I	0.0000	0	0.0000	0
I	0.0001	0	0.0000	0
N	0.0087	0	0.0000	0
S	0.0240	0	0.0000	0
I	0.0001	0	0.0000	0
Q	0.0001	0	0.0000	0
D	0.0006	0	0.0000	0
E	0.0001	0	0.0000	0
L	0.0001	0	0.0000	0
R	0.0001	0	0.0000	0
R	0.0001	0	0.0000	0
A	0.0001	0	0.0000	0
P	0.0002	0	0.0000	0
F	0.0007	0	0.0000	0
G	0.0009	0	0.0000	0
K	0.0017	0	0.0000	0
P	0.0102	0	0.0000	0
I	0.0024	0	0.0000	0
I	0.0002	0	0.0000	0
F	0.0017	0	0.0000	0
L	0.0013	0	0.0000	0
V	0.0222	0	0.0000	0
P	0.0821	0	0.0001	0
D	0.4198	1	0.0020	0
Q	0.5359	1	0.0018	0
M	0.0523	0	0.0001	0
T	0.0217	0	0.0000	0
F	0.0284	0	0.0000	0
L	0.0008	0	0.0000	0
M	0.0002	0	0.0000	0
E	0.0004	0	0.0000	0
Y	0.0002	0	0.0000	0
E	0.0006	0	0.0000	0
L	0.0000	0	0.0000	0
A	0.0000	0	0.0000	0
K	0.0001	0	0.0000	0
T	0.0001	0	0.0000	0
P	0.0000	0	0.0000	0
D	0.0002	0	0.0000	0
M	0.0008	0	0.0000	0
G	0.0009	0	0.0000	0
G	0.0011	0	0.0000	0
M	0.0008	0	0.0000	0
I	0.0008	0	0.0000	0
R	0.0255	0	0.0000	0
A	0.0009	0	0.0000	0
Q	0.0084	0	0.0000	0
V	0.0003	0	0.0000	0
F	0.0010	0	0.0000	0
S	0.6937	1	0.0001	0
F	0.0168	0	0.0000	0
S	0.0252	0	0.0000	0
R	0.0243	0	0.0000	0
L	0.0012	0	0.0000	0
A	0.0002	0	0.0000	0
W	0.0010	0	0.0000	0
R	0.0064	0	0.0000	0
V	0.0002	0	0.0000	0
L	0.0000	0	0.0000	0
Q	0.0007	0	0.0000	0
H	0.0001	0	0.0000	0
T	0.0000	0	0.0000	0
G	0.0000	0	0.0000	0
G	0.0000	0	0.0000	0
M	0.0001	0	0.0000	0
S	0.0001	0	0.0000	0
R	0.0002	0	0.0000	0
P	0.0001	0	0.0000	0
F	0.0001	0	0.0000	0
L	0.0002	0	0.0000	0
T	0.0004	0	0.0000	0
S	0.0006	0	0.0000	0
T	0.0002	0	0.0000	0
G	0.0002	0	0.0000	0
V	0.0002	0	0.0000	0
Q	0.0001	0	0.0000	0
M	0.0002	0	0.0000	0
L	0.0000	0	0.0000	0
L	0.0000	0	0.0000	0
R	0.0013	0	0.0000	0
K	0.0001	0	0.0000	0
L	0.0000	0	0.0000	0
I	0.0000	0	0.0000	0
E	0.0001	0	0.0000	0
E	0.0001	0	0.0000	0
H	0.0001	0	0.0000	0
K	0.0002	0	0.0000	0
Q	0.0001	0	0.0000	0
E	0.0001	0	0.0000	0
F	0.0001	0	0.0000	0
K	0.0001	0	0.0000	0
V	0.0000	0	0.0000	0
Y	0.0000	0	0.0000	0
Q	0.0001	0	0.0000	0
K	0.0002	0	0.0000	0
A	0.0001	0	0.0000	0
S	0.0002	0	0.0000	0
D	0.0008	0	0.0000	0
K	0.0010	0	0.0000	0
S	0.0021	0	0.0000	0
G	0.0004	0	0.0000	0
F	0.0001	0	0.0000	0
T	0.0002	0	0.0000	0
A	0.0008	0	0.0000	0
Q	0.0009	0	0.0000	0
V	0.0000	0	0.0000	0
E	0.0001	0	0.0000	0
R	0.0005	0	0.0000	0
M	0.0001	0	0.0000	0
L	0.0005	0	0.0000	0
T	0.0006	0	0.0000	0
E	0.0002	0	0.0000	0
F	0.0001	0	0.0000	0
K	0.0046	0	0.0000	0
R	0.0010	0	0.0000	0
Y	0.0005	0	0.0000	0
C	0.0004	0	0.0000	0
L	0.0001	0	0.0000	0
E	0.0008	0	0.0000	0
P	0.0006	0	0.0000	0
E	0.0002	0	0.0000	0
D	0.0001	0	0.0000	0
I	0.0000	0	0.0000	0
R	0.0002	0	0.0000	0
R	0.0001	0	0.0000	0
M	0.0001	0	0.0000	0
A	0.0001	0	0.0000	0
E	0.0003	0	0.0000	0
S	0.0007	0	0.0000	0
G	0.0003	0	0.0000	0
T	0.0005	0	0.0000	0
A	0.0012	0	0.0000	0
S	0.0009	0	0.0000	0
E	0.0005	0	0.0000	0
Y	0.0005	0	0.0000	0
R	0.0006	0	0.0000	0
G	0.0005	0	0.0000	0
E	0.0006	0	0.0000	0
R	0.0012	0	0.0000	0
V	0.0003	0	0.0000	0
L	0.0003	0	0.0000	0
S	0.0006	0	0.0000	0
E	0.0002	0	0.0000	0
K	0.0007	0	0.0000	0
L	0.0001	0	0.0000	0
H	0.0003	0	0.0000	0
D	0.0001	0	0.0000	0
L	0.0000	0	0.0000	0
S	0.0001	0	0.0000	0
I	0.0001	0	0.0000	0
L	0.0000	0	0.0000	0
Y	0.0007	0	0.0000	0
Q	0.0016	0	0.0000	0
Q	0.0016	0	0.0000	0
M	0.0017	0	0.0000	0
E	0.0002	0	0.0000	0
K	0.0002	0	0.0000	0
S	0.0003	0	0.0000	0
L	0.0001	0	0.0000	0
A	0.0002	0	0.0000	0
D	0.0001	0	0.0000	0
Q	0.0001	0	0.0000	0
Y	0.0001	0	0.0000	0
L	0.0001	0	0.0000	0
H	0.0008	0	0.0000	0
S	0.0045	0	0.0000	0
E	0.0008	0	0.0000	0
D	0.0003	0	0.0000	0
Y	0.0001	0	0.0000	0
L	0.0001	0	0.0000	0
T	0.0001	0	0.0000	0
L	0.0000	0	0.0000	0
L	0.0000	0	0.0000	0
A	0.0001	0	0.0000	0
E	0.0003	0	0.0000	0
H	0.0002	0	0.0000	0
I	0.0001	0	0.0000	0
P	0.0001	0	0.0000	0
L	0.0001	0	0.0000	0
A	0.0001	0	0.0000	0
E	0.0001	0	0.0000	0
D	0.0001	0	0.0000	0
I	0.0001	0	0.0000	0
K	0.0002	0	0.0000	0
G	0.0001	0	0.0000	0
A	0.0000	0	0.0000	0
H	0.0001	0	0.0000	0
I	0.0000	0	0.0000	0
Y	0.0001	0	0.0000	0
V	0.0001	0	0.0000	0
D	0.0020	0	0.0000	0
G	0.0015	0	0.0000	0
F	0.0044	0	0.0000	0
Y	0.0380	0	0.0000	0
Q	0.0132	0	0.0000	0
F	0.0019	0	0.0000	0
T	0.0120	0	0.0000	0
P	0.0018	0	0.0000	0
Q	0.0007	0	0.0000	0
E	0.0101	0	0.0000	0
F	0.0022	0	0.0000	0
R	0.0002	0	0.0000	0
V	0.0001	0	0.0000	0
L	0.0000	0	0.0000	0
E	0.0001	0	0.0000	0
Q	0.0000	0	0.0000	0
L	0.0000	0	0.0000	0
M	0.0001	0	0.0000	0
V	0.0001	0	0.0000	0
H	0.0003	0	0.0000	0
A	0.0001	0	0.0000	0
E	0.0001	0	0.0000	0
H	0.0007	0	0.0000	0
I	0.0000	0	0.0000	0
T	0.0001	0	0.0000	0
F	0.0001	0	0.0000	0
S	0.0005	0	0.0000	0
L	0.0010	0	0.0000	0
T	0.0169	0	0.0000	0
A	0.0310	0	0.0000	0
D	0.4584	1	0.0000	0
K	0.5128	1	0.0000	0
P	0.8905	1	0.0000	0
S	0.1191	0	0.0000	0
Y	0.9369	1	0.0000	0
E	0.3449	0	0.0000	0
R	0.7337	1	0.0000	0
E	0.1432	0	0.0000	0
P	0.0520	0	0.0000	0
H	0.0223	0	0.0000	0
E	0.0512	0	0.0000	0
L	0.0070	0	0.0000	0
E	0.0296	0	0.0000	0
L	0.0057	0	0.0000	0
F	0.0018	0	0.0000	0
R	0.0074	0	0.0000	0
M	0.0051	0	0.0000	0
T	0.0089	0	0.0000	0
G	0.0060	0	0.0000	0
K	0.0052	0	0.0000	0
T	0.0001	0	0.0000	0
Y	0.0003	0	0.0000	0
Y	0.0008	0	0.0000	0
R	0.0005	0	0.0000	0
L	0.0001	0	0.0000	0
H	0.0001	0	0.0000	0
Q	0.0001	0	0.0000	0
K	0.0001	0	0.0000	0
A	0.0001	0	0.0000	0
K	0.0002	0	0.0000	0
E	0.0003	0	0.0000	0
L	0.0001	0	0.0000	0
N	0.0002	0	0.0000	0
L	0.0003	0	0.0000	0
D	0.0064	0	0.0000	0
I	0.0069	0	0.0000	0
T	0.0598	0	0.0000	0
Y	0.0415	0	0.0000	0
K	0.0283	0	0.0000	0
E	0.0180	0	0.0000	0
L	0.0036	0	0.0000	0
S	0.0014	0	0.0000	0
G	0.0029	0	0.0000	0
T	0.0060	0	0.0000	0
E	0.0140	0	0.0000	0
R	0.0861	0	0.0000	0
H	0.0169	0	0.0000	0
T	0.0106	0	0.0000	0
K	0.0260	0	0.0000	0
T	0.0159	0	0.0000	0
P	0.0043	0	0.0000	0
E	0.0007	0	0.0000	0
L	0.0003	0	0.0000	0
A	0.0002	0	0.0000	0
H	0.0014	0	0.0000	0
L	0.0001	0	0.0000	0
E	0.0005	0	0.0000	0
A	0.0098	0	0.0000	0
Q	0.0005	0	0.0000	0
Y	0.0003	0	0.0000	0
E	0.0002	0	0.0000	0
A	0.0001	0	0.0000	0
R	0.0003	0	0.0000	0
P	0.0002	0	0.0000	0
A	0.0002	0	0.0000	0
I	0.0002	0	0.0000	0
P	0.0001	0	0.0000	0
Y	0.0001	0	0.0000	0
A	0.0001	0	0.0000	0
E	0.0001	0	0.0000	0
K	0.0001	0	0.0000	0
Q	0.0001	0	0.0000	0
E	0.0004	0	0.0000	0
A	0.0017	0	0.0000	0
L	0.0002	0	0.0000	0
T	0.0066	0	0.0000	0
V	0.0029	0	0.0000	0
M	0.0253	0	0.0000	0
Q	0.0021	0	0.0000	0
A	0.0015	0	0.0000	0
A	0.0021	0	0.0000	0
N	0.0030	0	0.0000	0
R	0.0024	0	0.0000	0
R	0.0016	0	0.0000	0
A	0.0008	0	0.0000	0
E	0.0025	0	0.0000	0
L	0.0001	0	0.0000	0
E	0.0001	0	0.0000	0
G	0.0001	0	0.0000	0
I	0.0000	0	0.0000	0
A	0.0000	0	0.0000	0
R	0.0001	0	0.0000	0
E	0.0001	0	0.0000	0
I	0.0000	0	0.0000	0
H	0.0001	0	0.0000	0
A	0.0002	0	0.0000	0
L	0.0001	0	0.0000	0
V	0.0001	0	0.0000	0
R	0.0002	0	0.0000	0
E	0.0001	0	0.0000	0
K	0.0001	0	0.0000	0
G	0.0002	0	0.0000	0
Y	0.0004	0	0.0000	0
R	0.0192	0	0.0000	0
Y	0.0740	0	0.0000	0
K	0.0150	0	0.0000	0
D	0.0205	0	0.0000	0
V	0.0001	0	0.0000	0
A	0.0002	0	0.0000	0
I	0.0003	0	0.0000	0
L	0.0004	0	0.0000	0
A	0.0018	0	0.0000	0
R	0.1510	0	0.0004	0
Q	0.0258	0	0.0000	0
P	0.0623	0	0.0001	0
E	0.1995	0	0.0005	0
D	0.0346	0	0.0000	0
Y	0.0137	0	0.0000	0
K	0.0283	0	0.0000	0
D	0.0193	0	0.0000	0
M	0.0013	0	0.0000	0
V	0.0002	0	0.0000	0
K	0.0007	0	0.0000	0
E	0.0003	0	0.0000	0
V	0.0001	0	0.0000	0
F	0.0001	0	0.0000	0
A	0.0002	0	0.0000	0
D	0.0010	0	0.0000	0
Y	0.0006	0	0.0000	0
E	0.0003	0	0.0000	0
I	0.0002	0	0.0000	0
P	0.0029	0	0.0000	0
Y	0.0017	0	0.0000	0
F	0.0023	0	0.0000	0
I	0.0024	0	0.0000	0
D	0.0043	0	0.0000	0
G	0.0023	0	0.0000	0
K	0.0043	0	0.0000	0
A	0.0028	0	0.0000	0
S	0.0018	0	0.0000	0
M	0.0019	0	0.0000	0
L	0.0022	0	0.0000	0
N	0.0038	0	0.0000	0
H	0.0073	0	0.0000	0
P	0.0006	0	0.0000	0
L	0.0002	0	0.0000	0
I	0.0001	0	0.0000	0
E	0.0003	0	0.0000	0
F	0.0000	0	0.0000	0
I	0.0001	0	0.0000	0
R	0.0002	0	0.0000	0
S	0.0004	0	0.0000	0
S	0.0002	0	0.0000	0
L	0.0002	0	0.0000	0
D	0.0052	0	0.0000	0
V	0.0004	0	0.0000	0
L	0.0003	0	0.0000	0
K	0.0020	0	0.0000	0
G	0.0020	0	0.0000	0
N	0.0035	0	0.0000	0
W	0.0013	0	0.0000	0
R	0.0035	0	0.0000	0
Y	0.0063	0	0.0000	0
E	0.0015	0	0.0000	0
A	0.0005	0	0.0000	0
V	0.0002	0	0.0000	0
F	0.0002	0	0.0000	0
R	0.0018	0	0.0000	0
C	0.0001	0	0.0000	0
V	0.0001	0	0.0000	0
K	0.0029	0	0.0000	0
T	0.0006	0	0.0000	0
E	0.0004	0	0.0000	0
L	0.0009	0	0.0000	0
L	0.0010	0	0.0000	0
F	0.0024	0	0.0000	0
P	0.0027	0	0.0000	0
L	0.0064	0	0.0000	0
N	0.0064	0	0.0000	0
E	0.0033	0	0.0000	0
P	0.0047	0	0.0000	0
K	0.0041	0	0.0000	0
A	0.0074	0	0.0000	0
K	0.0315	0	0.0000	0
V	0.0029	0	0.0000	0
R	0.0076	0	0.0000	0
E	0.0044	0	0.0000	0
Q	0.0012	0	0.0000	0
V	0.0010	0	0.0000	0
D	0.0026	0	0.0000	0
Q	0.0005	0	0.0000	0
L	0.0002	0	0.0000	0
E	0.0016	0	0.0000	0
N	0.0016	0	0.0000	0
Y	0.0007	0	0.0000	0
C	0.0001	0	0.0000	0
I	0.0004	0	0.0000	0
A	0.0002	0	0.0000	0
Y	0.0002	0	0.0000	0
G	0.0002	0	0.0000	0
I	0.0004	0	0.0000	0
K	0.0041	0	0.0000	0
G	0.0056	0	0.0000	0
D	0.0095	0	0.0000	0
R	0.0119	0	0.0000	0
W	0.0097	0	0.0000	0
T	0.0027	0	0.0000	0
K	0.0023	0	0.0000	0
G	0.0006	0	0.0000	0
D	0.0012	0	0.0000	0
R	0.0010	0	0.0000	0
F	0.0007	0	0.0000	0
Q	0.0055	0	0.0000	0
Y	0.0007	0	0.0000	0
R	0.0011	0	0.0000	0
R	0.0005	0	0.0000	0
F	0.0002	0	0.0000	0
V	0.0002	0	0.0000	0
S	0.0003	0	0.0000	0
L	0.0006	0	0.0000	0
D	0.0010	0	0.0000	0
D	0.0007	0	0.0000	0
D	0.0007	0	0.0000	0
F	0.0003	0	0.0000	0
A	0.0006	0	0.0000	0
Q	0.0014	0	0.0000	0
T	0.0006	0	0.0000	0
D	0.0012	0	0.0000	0
Q	0.0028	0	0.0000	0
E	0.0005	0	0.0000	0
I	0.0012	0	0.0000	0
E	0.0003	0	0.0000	0
M	0.0002	0	0.0000	0
E	0.0004	0	0.0000	0
N	0.0004	0	0.0000	0
M	0.0002	0	0.0000	0
L	0.0001	0	0.0000	0
N	0.0010	0	0.0000	0
D	0.0003	0	0.0000	0
T	0.0001	0	0.0000	0
R	0.0006	0	0.0000	0
D	0.0007	0	0.0000	0
W	0.0008	0	0.0000	0
I	0.0002	0	0.0000	0
V	0.0003	0	0.0000	0
P	0.0030	0	0.0000	0
P	0.0032	0	0.0000	0
L	0.0006	0	0.0000	0
F	0.0008	0	0.0000	0
Q	0.0020	0	0.0000	0
L	0.0003	0	0.0000	0
Q	0.0009	0	0.0000	0
K	0.0028	0	0.0000	0
R	0.0127	0	0.0000	0
M	0.0013	0	0.0000	0
K	0.0409	0	0.0000	0
K	0.1767	0	0.0000	0
A	0.0530	0	0.0000	0
K	0.0796	0	0.0000	0
T	0.0306	0	0.0000	0
V	0.0057	0	0.0000	0
Q	0.0579	0	0.0000	0
E	0.0184	0	0.0000	0
K	0.0009	0	0.0000	0
A	0.0008	0	0.0000	0
E	0.0005	0	0.0000	0
A	0.0007	0	0.0000	0
L	0.0002	0	0.0000	0
Y	0.0005	0	0.0000	0
R	0.0004	0	0.0000	0
Y	0.0003	0	0.0000	0
L	0.0003	0	0.0000	0
E	0.0011	0	0.0000	0
E	0.0010	0	0.0000	0
T	0.0002	0	0.0000	0
D	0.0005	0	0.0000	0
V	0.0006	0	0.0000	0
P	0.0016	0	0.0000	0
L	0.0033	0	0.0000	0
K	0.0074	0	0.0000	0
L	0.0007	0	0.0000	0
D	0.0065	0	0.0000	0
Q	0.0139	0	0.0000	0
E	0.0006	0	0.0000	0
R	0.0024	0	0.0000	0
Q	0.0007	0	0.0000	0
R	0.0007	0	0.0000	0
A	0.0003	0	0.0000	0
E	0.0005	0	0.0000	0
D	0.0014	0	0.0000	0
D	0.0008	0	0.0000	0
G	0.0008	0	0.0000	0
R	0.0008	0	0.0000	0
I	0.0010	0	0.0000	0
I	0.0003	0	0.0000	0
E	0.0003	0	0.0000	0
A	0.0001	0	0.0000	0
Q	0.0004	0	0.0000	0
Q	0.0004	0	0.0000	0
H	0.0004	0	0.0000	0
Q	0.0014	0	0.0000	0
Q	0.0017	0	0.0000	0
A	0.0001	0	0.0000	0
W	0.0003	0	0.0000	0
D	0.0020	0	0.0000	0
A	0.0007	0	0.0000	0
V	0.0002	0	0.0000	0
I	0.0002	0	0.0000	0
Q	0.0003	0	0.0000	0
L	0.0001	0	0.0000	0
L	0.0001	0	0.0000	0
E	0.0010	0	0.0000	0
E	0.0002	0	0.0000	0
F	0.0001	0	0.0000	0
V	0.0001	0	0.0000	0
E	0.0001	0	0.0000	0
M	0.0001	0	0.0000	0
M	0.0001	0	0.0000	0
G	0.0001	0	0.0000	0
D	0.0004	0	0.0000	0
D	0.0006	0	0.0000	0
E	0.0007	0	0.0000	0
I	0.0004	0	0.0000	0
S	0.0060	0	0.0000	0
L	0.0028	0	0.0000	0
D	0.0023	0	0.0000	0
L	0.0003	0	0.0000	0
F	0.0001	0	0.0000	0
Q	0.0004	0	0.0000	0
Q	0.0004	0	0.0000	0
M	0.0002	0	0.0000	0
I	0.0001	0	0.0000	0
E	0.0003	0	0.0000	0
A	0.0007	0	0.0000	0
G	0.0002	0	0.0000	0
A	0.0002	0	0.0000	0
E	0.0025	0	0.0000	0
S	0.0028	0	0.0000	0
L	0.0007	0	0.0000	0
T	0.0024	0	0.0000	0
F	0.0008	0	0.0000	0
S	0.0037	0	0.0000	0
L	0.0019	0	0.0000	0
I	0.0012	0	0.0000	0
P	0.0042	0	0.0000	0
P	0.0047	0	0.0000	0
A	0.0176	0	0.0000	0
L	0.0085	0	0.0000	0
D	0.0155	0	0.0000	0
Q	0.0226	0	0.0000	0
V	0.0010	0	0.0000	0
F	0.0424	0	0.0000	0
V	0.0021	0	0.0000	0
G	0.0062	0	0.0000	0
N	0.2248	0	0.0000	0
M	0.0168	0	0.0000	0
D	0.0584	0	0.0000	0
L	0.0191	0	0.0000	0
S	0.0025	0	0.0000	0
R	0.0191	0	0.0000	0
M	0.0009	0	0.0000	0
Y	0.0009	0	0.0000	0
G	0.0008	0	0.0000	0
T	0.0007	0	0.0000	0
S	0.0019	0	0.0000	0
C	0.0005	0	0.0000	0
T	0.0002	0	0.0000	0
F	0.0001	0	0.0000	0
V	0.0003	0	0.0000	0
L	0.0001	0	0.0000	0
G	0.0003	0	0.0000	0
A	0.0006	0	0.0000	0
N	0.0076	0	0.0000	0
D	0.0243	0	0.0000	0
G	0.0113	0	0.0000	0
V	0.0059	0	0.0000	0
L	0.0022	0	0.0000	0
P	0.0112	0	0.0000	0
A	0.0164	0	0.0000	0
R	0.0142	0	0.0000	0
P	0.0223	0	0.0000	0
D	0.0151	0	0.0000	0
E	0.0039	0	0.0000	0
N	0.0014	0	0.0000	0
G	0.0005	0	0.0000	0
V	0.0003	0	0.0000	0
L	0.0003	0	0.0000	0
S	0.0004	0	0.0000	0
D	0.0003	0	0.0000	0
D	0.0004	0	0.0000	0
D	0.0005	0	0.0000	0
R	0.0035	0	0.0000	0
E	0.0008	0	0.0000	0
W	0.0002	0	0.0000	0
L	0.0003	0	0.0000	0
K	0.0003	0	0.0000	0
T	0.0003	0	0.0000	0
I	0.0002	0	0.0000	0
G	0.0003	0	0.0000	0
V	0.0002	0	0.0000	0
E	0.0003	0	0.0000	0
L	0.0003	0	0.0000	0
S	0.0006	0	0.0000	0
S	0.0012	0	0.0000	0
G	0.0016	0	0.0000	0
G	0.0016	0	0.0000	0
R	0.0180	0	0.0000	0
E	0.0010	0	0.0000	0
R	0.0025	0	0.0000	0
L	0.0004	0	0.0000	0
L	0.0002	0	0.0000	0
D	0.0025	0	0.0000	0
E	0.0003	0	0.0000	0
H	0.0006	0	0.0000	0
F	0.0014	0	0.0000	0
L	0.0005	0	0.0000	0
I	0.0001	0	0.0000	0
Y	0.0035	0	0.0000	0
M	0.0002	0	0.0000	0
A	0.0001	0	0.0000	0
F	0.0002	0	0.0000	0
S	0.0002	0	0.0000	0
S	0.0031	0	0.0000	0
P	0.0009	0	0.0000	0
S	0.0100	0	0.0000	0
D	0.0020	0	0.0000	0
R	0.0005	0	0.0000	0
L	0.0004	0	0.0000	0
Y	0.0074	0	0.0000	0
V	0.0006	0	0.0000	0
S	0.0310	0	0.0000	0
Y	0.0126	0	0.0000	0
P	0.0106	0	0.0000	0
I	0.0532	0	0.0000	0
A	0.0186	0	0.0000	0
D	0.0559	0	0.0000	0
A	0.0308	0	0.0000	0
E	0.0065	0	0.0000	0
G	0.0041	0	0.0000	0
K	0.0054	0	0.0000	0
T	0.0027	0	0.0000	0
L	0.0162	0	0.0000	0
L	0.0587	0	0.0000	0
P	0.0433	0	0.0000	0
S	0.0381	0	0.0000	0
M	0.0017	0	0.0000	0
I	0.0016	0	0.0000	0
V	0.0006	0	0.0000	0
K	0.0010	0	0.0000	0
R	0.0003	0	0.0000	0
L	0.0001	0	0.0000	0
E	0.0002	0	0.0000	0
E	0.0001	0	0.0000	0
L	0.0001	0	0.0000	0
F	0.0001	0	0.0000	0
P	0.0002	0	0.0000	0
H	0.0004	0	0.0000	0
H	0.0003	0	0.0000	0
K	0.0009	0	0.0000	0
E	0.0010	0	0.0000	0
R	0.0011	0	0.0000	0
L	0.0009	0	0.0000	0
L	0.0011	0	0.0000	0
T	0.0034	0	0.0000	0
N	0.0027	0	0.0000	0
E	0.0016	0	0.0000	0
P	0.0012	0	0.0000	0
E	0.0012	0	0.0000	0
Q	0.0019	0	0.0000	0
V	0.0024	0	0.0000	0
S	0.0115	0	0.0000	0
D	0.0043	0	0.0000	0
E	0.0093	0	0.0000	0
E	0.0040	0	0.0000	0
Q	0.0052	0	0.0000	0
L	0.0004	0	0.0000	0
M	0.0012	0	0.0000	0
Y	0.0018	0	0.0000	0
V	0.0004	0	0.0000	0
V	0.0006	0	0.0000	0
N	0.0030	0	0.0000	0
K	0.0016	0	0.0000	0
S	0.0019	0	0.0000	0
V	0.0014	0	0.0000	0
A	0.0011	0	0.0000	0
Q	0.0036	0	0.0000	0
S	0.0013	0	0.0000	0
F	0.0001	0	0.0000	0
T	0.0002	0	0.0000	0
A	0.0007	0	0.0000	0
S	0.0028	0	0.0000	0
Q	0.0006	0	0.0000	0
L	0.0005	0	0.0000	0
R	0.0026	0	0.0000	0
L	0.0006	0	0.0000	0
W	0.0003	0	0.0000	0
T	0.0004	0	0.0000	0
R	0.0012	0	0.0000	0
E	0.0002	0	0.0000	0
Y	0.0003	0	0.0000	0
D	0.0002	0	0.0000	0
I	0.0002	0	0.0000	0
S	0.0002	0	0.0000	0
D	0.0002	0	0.0000	0
V	0.0002	0	0.0000	0
W	0.0006	0	0.0000	0
W	0.0003	0	0.0000	0
S	0.0003	0	0.0000	0
T	0.0001	0	0.0000	0
Y	0.0001	0	0.0000	0
N	0.0003	0	0.0000	0
V	0.0001	0	0.0000	0
L	0.0001	0	0.0000	0
M	0.0001	0	0.0000	0
S	0.0005	0	0.0000	0
E	0.0003	0	0.0000	0
Q	0.0007	0	0.0000	0
D	0.0003	0	0.0000	0
R	0.0006	0	0.0000	0
L	0.0006	0	0.0000	0
Q	0.0009	0	0.0000	0
S	0.0001	0	0.0000	0
K	0.0002	0	0.0000	0
K	0.0012	0	0.0000	0
L	0.0001	0	0.0000	0
F	0.0001	0	0.0000	0
S	0.0003	0	0.0000	0
S	0.0001	0	0.0000	0
L	0.0002	0	0.0000	0
F	0.0002	0	0.0000	0
F	0.0005	0	0.0000	0
R	0.0011	0	0.0000	0
N	0.0013	0	0.0000	0
E	0.0017	0	0.0000	0
V	0.0024	0	0.0000	0
K	0.0114	0	0.0000	0
Q	0.0359	0	0.0000	0
L	0.0132	0	0.0000	0
E	0.0055	0	0.0000	0
R	0.0023	0	0.0000	0
S	0.0014	0	0.0000	0
V	0.0004	0	0.0000	0
S	0.0002	0	0.0000	0
R	0.0005	0	0.0000	0
Q	0.0003	0	0.0000	0
L	0.0001	0	0.0000	0
Y	0.0005	0	0.0000	0
G	0.0004	0	0.0000	0
E	0.0011	0	0.0000	0
R	0.0040	0	0.0000	0
I	0.0060	0	0.0000	0
Q	0.1570	0	0.0000	0
G	0.0093	0	0.0000	0
S	0.1149	0	0.0000	0
V	0.0143	0	0.0000	0
S	0.0158	0	0.0000	0
R	0.0060	0	0.0000	0
M	0.0006	0	0.0000	0
E	0.0033	0	0.0000	0
T	0.0295	0	0.0001	0
F	0.0019	0	0.0000	0
N	0.0007	0	0.0000	0
A	0.0146	0	0.0000	0
C	0.0015	0	0.0000	0
P	0.0099	0	0.0000	0
F	0.0047	0	0.0000	0
S	0.0049	0	0.0000	0
H	0.0018	0	0.0000	0
F	0.0005	0	0.0000	0
A	0.0002	0	0.0000	0
S	0.0167	0	0.0000	0
H	0.0044	0	0.0000	0
G	0.0001	0	0.0000	0
L	0.0002	0	0.0000	0
H	0.0008	0	0.0000	0
L	0.0003	0	0.0000	0
K	0.0007	0	0.0000	0
E	0.0009	0	0.0000	0
R	0.0016	0	0.0000	0
Q	0.0011	0	0.0000	0
F	0.0017	0	0.0000	0
F	0.0006	0	0.0000	0
K	0.0011	0	0.0000	0
L	0.0005	0	0.0000	0
E	0.0040	0	0.0000	0
A	0.0115	0	0.0000	0
P	0.0400	0	0.0000	0
D	0.0188	0	0.0000	0
I	0.0055	0	0.0000	0
G	0.0065	0	0.0000	0
Q	0.0281	0	0.0000	0
L	0.0101	0	0.0000	0
F	0.0057	0	0.0000	0
H	0.1559	0	0.0000	0
S	0.0022	0	0.0000	0
S	0.0002	0	0.0000	0
L	0.0004	0	0.0000	0
K	0.0051	0	0.0000	0
L	0.0031	0	0.0000	0
I	0.0002	0	0.0000	0
S	0.0002	0	0.0000	0
D	0.0009	0	0.0000	0
R	0.0003	0	0.0000	0
L	0.0002	0	0.0000	0
R	0.0004	0	0.0000	0
D	0.0003	0	0.0000	0
E	0.0002	0	0.0000	0
K	0.0003	0	0.0000	0
L	0.0005	0	0.0000	0
D	0.0004	0	0.0000	0
W	0.0013	0	0.0000	0
R	0.0008	0	0.0000	0
D	0.0001	0	0.0000	0
L	0.0001	0	0.0000	0
T	0.0003	0	0.0000	0
K	0.0029	0	0.0000	0
E	0.0014	0	0.0000	0
Q	0.0004	0	0.0000	0
C	0.0001	0	0.0000	0
E	0.0007	0	0.0000	0
L	0.0004	0	0.0000	0
F	0.0001	0	0.0000	0
S	0.0001	0	0.0000	0
Y	0.0007	0	0.0000	0
D	0.0002	0	0.0000	0
A	0.0001	0	0.0000	0
V	0.0003	0	0.0000	0
E	0.0006	0	0.0000	0
R	0.0009	0	0.0000	0
L	0.0001	0	0.0000	0
A	0.0001	0	0.0000	0
P	0.0003	0	0.0000	0
K	0.0010	0	0.0000	0
L	0.0002	0	0.0000	0
Q	0.0016	0	0.0000	0
K	0.0022	0	0.0000	0
E	0.0006	0	0.0000	0
I	0.0002	0	0.0000	0
L	0.0004	0	0.0000	0
L	0.0051	0	0.0000	0
S	0.0080	0	0.0000	0
S	0.0094	0	0.0000	0
N	0.0037	0	0.0000	0
R	0.0082	0	0.0000	0
H	0.0025	0	0.0000	0
Y	0.0013	0	0.0000	0
Y	0.0012	0	0.0000	0
V	0.0009	0	0.0000	0
K	0.0035	0	0.0000	0
E	0.0025	0	0.0000	0
K	0.0486	0	0.0001	0
L	0.0008	0	0.0000	0
Q	0.0010	0	0.0000	0
K	0.0017	0	0.0000	0
I	0.0002	0	0.0000	0
V	0.0001	0	0.0000	0
T	0.0009	0	0.0000	0
R	0.0007	0	0.0000	0
V	0.0001	0	0.0000	0
S	0.0000	0	0.0000	0
G	0.0001	0	0.0000	0
I	0.0001	0	0.0000	0
L	0.0000	0	0.0000	0
S	0.0001	0	0.0000	0
E	0.0001	0	0.0000	0
H	0.0002	0	0.0000	0
A	0.0002	0	0.0000	0
K	0.0004	0	0.0000	0
A	0.0021	0	0.0000	0
S	0.0006	0	0.0000	0
G	0.0014	0	0.0000	0
F	0.0011	0	0.0000	0
V	0.0024	0	0.0000	0
P	0.0023	0	0.0000	0
I	0.0017	0	0.0000	0
G	0.0007	0	0.0000	0
L	0.0007	0	0.0000	0
E	0.0053	0	0.0000	0
L	0.0005	0	0.0000	0
G	0.0039	0	0.0000	0
F	0.0016	0	0.0000	0
G	0.0006	0	0.0000	0
G	0.0009	0	0.0000	0
K	0.0006	0	0.0000	0
G	0.0006	0	0.0000	0
P	0.0003	0	0.0000	0
L	0.0002	0	0.0000	0
P	0.0002	0	0.0000	0
P	0.0002	0	0.0000	0
L	0.0001	0	0.0000	0
T	0.0002	0	0.0000	0
F	0.0001	0	0.0000	0
Q	0.0002	0	0.0000	0
L	0.0001	0	0.0000	0
K	0.0002	0	0.0000	0
N	0.0002	0	0.0000	0
G	0.0002	0	0.0000	0
C	0.0001	0	0.0000	0
T	0.0002	0	0.0000	0
M	0.0001	0	0.0000	0
E	0.0004	0	0.0000	0
L	0.0001	0	0.0000	0
V	0.0004	0	0.0000	0
G	0.0003	0	0.0000	0
R	0.0493	0	0.0000	0
I	0.0014	0	0.0000	0
D	0.1599	0	0.0000	0
R	0.3508	1	0.0000	0
V	0.0049	0	0.0000	0
D	0.0465	0	0.0000	0
K	0.0201	0	0.0000	0
A	0.0021	0	0.0000	0
E	0.0020	0	0.0000	0
S	0.0011	0	0.0000	0
S	0.0011	0	0.0000	0
K	0.0009	0	0.0000	0
G	0.0010	0	0.0000	0
L	0.0005	0	0.0000	0
L	0.0007	0	0.0000	0
L	0.0002	0	0.0000	0
R	0.0007	0	0.0000	0
I	0.0007	0	0.0000	0
V	0.0009	0	0.0000	0
A	0.0092	0	0.0000	0
Y	0.0748	0	0.0000	0
K	0.4343	1	0.0002	0
S	0.1699	0	0.0000	0
S	0.2908	0	0.0000	0
D	0.2816	0	0.0000	0
K	0.3696	1	0.0000	0
G	0.0937	0	0.0000	0
L	0.0224	0	0.0000	0
D	0.0218	0	0.0000	0
L	0.0016	0	0.0000	0
A	0.0032	0	0.0000	0
E	0.0039	0	0.0000	0
V	0.0002	0	0.0000	0
Y	0.0005	0	0.0000	0
Y	0.0023	0	0.0000	0
G	0.0012	0	0.0000	0
L	0.0004	0	0.0000	0
A	0.0020	0	0.0000	0
L	0.0004	0	0.0000	0
Q	0.0063	0	0.0000	0
M	0.0001	0	0.0000	0
L	0.0001	0	0.0000	0
T	0.0003	0	0.0000	0
Y	0.0014	0	0.0000	0
L	0.0005	0	0.0000	0
D	0.0002	0	0.0000	0
L	0.0001	0	0.0000	0
S	0.0002	0	0.0000	0
I	0.0002	0	0.0000	0
T	0.0021	0	0.0000	0
H	0.0022	0	0.0000	0
S	0.0007	0	0.0000	0
A	0.0014	0	0.0000	0
D	0.0024	0	0.0000	0
W	0.0100	0	0.0000	0
L	0.0037	0	0.0000	0
G	0.0057	0	0.0000	0
M	0.0042	0	0.0000	0
R	0.0096	0	0.0000	0
A	0.0022	0	0.0000	0
T	0.0036	0	0.0000	0
P	0.0016	0	0.0000	0
A	0.0009	0	0.0000	0
G	0.0004	0	0.0000	0
V	0.0004	0	0.0000	0
L	0.0002	0	0.0000	0
Y	0.0017	0	0.0000	0
F	0.0001	0	0.0000	0
H	0.0002	0	0.0000	0
I	0.0003	0	0.0000	0
H	0.0024	0	0.0000	0
D	0.0023	0	0.0000	0
P	0.0046	0	0.0000	0
M	0.0088	0	0.0000	0
I	0.0020	0	0.0000	0
Q	0.0158	0	0.0000	0
S	0.0034	0	0.0000	0
N	0.0020	0	0.0000	0
L	0.0012	0	0.0000	0
P	0.0008	0	0.0000	0
L	0.0012	0	0.0000	0
G	0.0009	0	0.0000	0
L	0.0014	0	0.0000	0
D	0.0007	0	0.0000	0
E	0.0019	0	0.0000	0
I	0.0002	0	0.0000	0
E	0.0004	0	0.0000	0
Q	0.0016	0	0.0000	0
E	0.0014	0	0.0000	0
I	0.0001	0	0.0000	0
F	0.0017	0	0.0000	0
K	0.0902	0	0.0000	0
K	0.0089	0	0.0000	0
F	0.0057	0	0.0000	0
K	0.3288	0	0.0000	0
M	0.0073	0	0.0000	0
K	0.0012	0	0.0000	0
G	0.0002	0	0.0000	0
L	0.0001	0	0.0000	0
L	0.0001	0	0.0000	0
L	0.0002	0	0.0000	0
G	0.0002	0	0.0000	0
D	0.0002	0	0.0000	0
Q	0.0001	0	0.0000	0
E	0.0002	0	0.0000	0
V	0.0001	0	0.0000	0
V	0.0002	0	0.0000	0
R	0.0026	0	0.0000	0
L	0.0003	0	0.0000	0
M	0.0002	0	0.0000	0
D	0.0004	0	0.0000	0
T	0.0013	0	0.0000	0
T	0.0005	0	0.0000	0
L	0.0001	0	0.0000	0
Q	0.0002	0	0.0000	0
E	0.0002	0	0.0000	0
G	0.0003	0	0.0000	0
R	0.0004	0	0.0000	0
S	0.0004	0	0.0000	0
N	0.0004	0	0.0000	0
I	0.0001	0	0.0000	0
I	0.0002	0	0.0000	0
N	0.0009	0	0.0000	0
A	0.0006	0	0.0000	0
G	0.0042	0	0.0000	0
L	0.0024	0	0.0000	0
K	0.1874	0	0.0000	0
K	0.2843	0	0.0000	0
D	0.0187	0	0.0000	0
G	0.0229	0	0.0000	0
S	0.0804	0	0.0000	0
L	0.0140	0	0.0000	0
R	0.1827	0	0.0000	0
S	0.0963	0	0.0000	0
D	0.2562	0	0.0000	0
S	0.0743	0	0.0000	0
A	0.0225	0	0.0000	0
A	0.0014	0	0.0000	0
V	0.0010	0	0.0000	0
G	0.0042	0	0.0000	0
E	0.0164	0	0.0000	0
K	0.0015	0	0.0000	0
E	0.0031	0	0.0000	0
F	0.0002	0	0.0000	0
D	0.0004	0	0.0000	0
L	0.0007	0	0.0000	0
L	0.0001	0	0.0000	0
T	0.0002	0	0.0000	0
K	0.0002	0	0.0000	0
H	0.0012	0	0.0000	0
V	0.0001	0	0.0000	0
R	0.0002	0	0.0000	0
R	0.0002	0	0.0000	0
T	0.0001	0	0.0000	0
F	0.0000	0	0.0000	0
Q	0.0001	0	0.0000	0
E	0.0000	0	0.0000	0
A	0.0000	0	0.0000	0
G	0.0000	0	0.0000	0
E	0.0002	0	0.0000	0
Q	0.0005	0	0.0000	0
I	0.0000	0	0.0000	0
T	0.0000	0	0.0000	0
D	0.0001	0	0.0000	0
G	0.0001	0	0.0000	0
R	0.0003	0	0.0000	0
V	0.0001	0	0.0000	0
S	0.0006	0	0.0000	0
I	0.0007	0	0.0000	0
E	0.0043	0	0.0000	0
P	0.0022	0	0.0000	0
Y	0.0067	0	0.0000	0
K	0.0028	0	0.0000	0
M	0.0020	0	0.0000	0
K	0.0005	0	0.0000	0
N	0.0006	0	0.0000	0
K	0.0033	0	0.0000	0
T	0.0030	0	0.0000	0
P	0.0003	0	0.0000	0
C	0.0002	0	0.0000	0
T	0.0016	0	0.0000	0
Y	0.0009	0	0.0000	0
C	0.0002	0	0.0000	0
A	0.0020	0	0.0000	0
F	0.0035	0	0.0000	0
K	0.0020	0	0.0000	0
S	0.0015	0	0.0000	0
V	0.0002	0	0.0000	0
C	0.0002	0	0.0000	0
Q	0.0006	0	0.0000	0
F	0.0009	0	0.0000	0
D	0.0009	0	0.0000	0
E	0.0007	0	0.0000	0
S	0.0007	0	0.0000	0
L	0.0005	0	0.0000	0
E	0.0008	0	0.0000	0
E	0.0005	0	0.0000	0
N	0.0017	0	0.0000	0
E	0.0051	0	0.0000	0
Y	0.0021	0	0.0000	0
R	0.0090	0	0.0000	0
P	0.0006	0	0.0000	0
L	0.0002	0	0.0000	0
K	0.0003	0	0.0000	0
A	0.0016	0	0.0000	0
E	0.0006	0	0.0000	0
K	0.0010	0	0.0000	0
D	0.0005	0	0.0000	0
K	0.0002	0	0.0000	0
T	0.0001	0	0.0000	0
I	0.0000	0	0.0000	0
L	0.0001	0	0.0000	0
E	0.0002	0	0.0000	0
W	0.0001	0	0.0000	0
I	0.0001	0	0.0000	0
K	0.0003	0	0.0000	0
K	0.0004	0	0.0000	0
E	0.0003	0	0.0000	0
A	0.0002	0	0.0000	0
D	0.0006	0	0.0000	0
G	0.0015	0	0.0000	0
N	0.0028	0	0.0000	0
E	0.0030	0	0.0000	0
H	0.0218	0	0.0000	0
S	0.1214	0	0.0000	0
</pre></body></html>