<html><head></head><body><pre style="word-wrap: break-word; white-space: pre-wrap;">&gt;G1T8A2
Amino Acid	probability_DNA	binary_DNA	probability_RNA	binary_RNA
M	0.0956	0	0.1697	1
Q	0.1085	0	0.1183	0
L	0.0012	0	0.0020	0
F	0.1040	0	0.1972	1
V	0.0017	0	0.0021	0
R	0.1828	0	0.1858	1
A	0.0168	0	0.0151	0
Q	0.0140	0	0.0199	0
E	0.0989	0	0.1129	0
L	0.1235	0	0.1187	0
H	0.0097	0	0.0059	0
T	0.0044	0	0.0051	0
L	0.0003	0	0.0001	0
E	0.0003	0	0.0005	0
V	0.0001	0	0.0001	0
T	0.0007	0	0.0007	0
G	0.0003	0	0.0002	0
R	0.0017	0	0.0016	0
E	0.0015	0	0.0009	0
T	0.0033	0	0.0012	0
V	0.0004	0	0.0001	0
A	0.0001	0	0.0001	0
Q	0.0001	0	0.0001	0
I	0.0000	0	0.0000	0
K	0.0296	0	0.0386	0
A	0.0001	0	0.0000	0
H	0.0002	0	0.0001	0
V	0.0000	0	0.0000	0
A	0.0000	0	0.0000	0
S	0.0000	0	0.0000	0
L	0.0000	0	0.0000	0
E	0.0000	0	0.0000	0
G	0.0000	0	0.0000	0
I	0.0000	0	0.0000	0
A	0.0000	0	0.0000	0
P	0.0000	0	0.0000	0
E	0.0000	0	0.0000	0
D	0.0000	0	0.0000	0
Q	0.0000	0	0.0000	0
V	0.0001	0	0.0000	0
V	0.0000	0	0.0001	0
L	0.0000	0	0.0002	0
L	0.0013	0	0.0061	0
A	0.0001	0	0.0003	0
G	0.0002	0	0.0004	0
T	0.0003	0	0.0002	0
P	0.0001	0	0.0001	0
L	0.0000	0	0.0000	0
E	0.0001	0	0.0004	0
D	0.0004	0	0.0011	0
E	0.0015	0	0.0026	0
A	0.0009	0	0.0007	0
T	0.0024	0	0.0025	0
L	0.0001	0	0.0001	0
G	0.0001	0	0.0002	0
Q	0.0001	0	0.0004	0
C	0.0013	0	0.0087	0
G	0.0002	0	0.0012	0
V	0.0001	0	0.0002	0
E	0.0008	0	0.0123	0
A	0.0008	0	0.0120	0
L	0.0031	0	0.0393	0
S	0.0009	0	0.0060	0
T	0.0285	0	0.1747	1
L	0.0001	0	0.0008	0
E	0.0016	0	0.0186	0
V	0.0002	0	0.0017	0
A	0.0003	0	0.0039	0
G	0.0019	0	0.0205	0
R	0.2019	0	0.6235	1
M	0.1193	0	0.3858	1
L	0.2009	0	0.5189	1
G	0.2006	0	0.5945	1
G	0.1711	0	0.4082	1
K	0.2497	0	0.5473	1
V	0.1087	0	0.3723	1
H	0.1139	0	0.5484	1
G	0.0861	0	0.4069	1
S	0.1074	0	0.5053	1
L	0.0091	0	0.1651	1
A	0.0180	0	0.2630	1
R	0.0914	0	0.6720	1
V	0.0101	0	0.0954	0
G	0.0031	0	0.0559	0
K	0.0070	0	0.2521	1
V	0.0011	0	0.0283	0
R	0.0095	0	0.2080	1
G	0.0022	0	0.0779	0
Q	0.0041	0	0.0829	0
T	0.0026	0	0.0600	0
L	0.0017	0	0.0384	0
K	0.0145	0	0.2718	1
V	0.0022	0	0.0320	0
A	0.0056	0	0.0583	0
K	0.0513	0	0.2639	1
Q	0.0742	0	0.2154	1
E	0.0020	0	0.0073	0
K	0.1047	0	0.2394	1
K	0.0325	0	0.0586	0
K	0.1237	0	0.1482	0
K	0.1012	0	0.1102	0
R	0.2590	0	0.1308	0
T	0.3316	0	0.0746	0
G	0.1738	0	0.0478	0
R	0.6223	1	0.0972	0
A	0.0170	0	0.0041	0
K	0.1035	0	0.0410	0
R	0.1742	0	0.0951	0
R	0.2026	0	0.1009	0
M	0.0200	0	0.0221	0
Q	0.0340	0	0.0455	0
Y	0.0050	0	0.0205	0
N	0.0047	0	0.0395	0
R	0.0088	0	0.1192	0
R	0.0177	0	0.2313	1
F	0.0002	0	0.0011	0
V	0.0000	0	0.0002	0
N	0.0018	0	0.0246	0
V	0.0006	0	0.0037	0
V	0.0014	0	0.0121	0
P	0.0022	0	0.0116	0
T	0.0113	0	0.0477	0
F	0.0142	0	0.0572	0
G	0.0276	0	0.1052	0
K	0.0331	0	0.0975	0
K	0.0808	0	0.0475	0
K	0.1789	0	0.0217	0
G	0.0588	0	0.0020	0
P	0.0115	0	0.0017	0
N	0.0653	0	0.0194	0
A	0.0239	0	0.0091	0
N	0.0626	0	0.0200	0
S	0.1302	0	0.0394	0
</pre></body></html>