<html><head></head><body><pre style="word-wrap: break-word; white-space: pre-wrap;">&gt;P43487
Amino Acid	probability_DNA	binary_DNA	probability_RNA	binary_RNA
M	0.0023	0	0.0330	0
A	0.0002	0	0.0023	0
A	0.0001	0	0.0003	0
A	0.0000	0	0.0001	0
K	0.0001	0	0.0001	0
D	0.0000	0	0.0000	0
T	0.0000	0	0.0001	0
H	0.0000	0	0.0001	0
E	0.0000	0	0.0001	0
D	0.0000	0	0.0000	0
H	0.0000	0	0.0001	0
D	0.0000	0	0.0000	0
T	0.0000	0	0.0000	0
S	0.0000	0	0.0001	0
T	0.0000	0	0.0001	0
E	0.0000	0	0.0000	0
N	0.0000	0	0.0000	0
T	0.0000	0	0.0000	0
D	0.0000	0	0.0000	0
E	0.0000	0	0.0000	0
S	0.0000	0	0.0000	0
N	0.0000	0	0.0000	0
H	0.0000	0	0.0000	0
D	0.0000	0	0.0000	0
P	0.0000	0	0.0000	0
Q	0.0001	0	0.0003	0
F	0.0000	0	0.0001	0
E	0.0002	0	0.0004	0
P	0.0002	0	0.0005	0
I	0.0001	0	0.0003	0
V	0.0000	0	0.0000	0
S	0.0001	0	0.0001	0
L	0.0000	0	0.0000	0
P	0.0000	0	0.0000	0
E	0.0001	0	0.0000	0
Q	0.0001	0	0.0000	0
E	0.0001	0	0.0000	0
I	0.0001	0	0.0000	0
K	0.0014	0	0.0003	0
T	0.0011	0	0.0002	0
L	0.0032	0	0.0008	0
E	0.0018	0	0.0008	0
E	0.0016	0	0.0012	0
D	0.0043	0	0.0048	0
E	0.0017	0	0.0017	0
E	0.0023	0	0.0012	0
E	0.0007	0	0.0007	0
L	0.0005	0	0.0014	0
F	0.0003	0	0.0009	0
K	0.0542	0	0.1736	1
M	0.0055	0	0.0130	0
R	0.5265	1	0.3359	1
A	0.0048	0	0.0046	0
K	0.2479	0	0.1397	0
L	0.0103	0	0.0072	0
F	0.0208	0	0.0135	0
R	0.0131	0	0.0062	0
F	0.0013	0	0.0004	0
A	0.0003	0	0.0001	0
S	0.0010	0	0.0007	0
E	0.0004	0	0.0003	0
N	0.0010	0	0.0006	0
D	0.0013	0	0.0008	0
L	0.0129	0	0.0081	0
P	0.0051	0	0.0029	0
E	0.0253	0	0.0071	0
W	0.0384	0	0.0114	0
K	0.0150	0	0.0037	0
E	0.0063	0	0.0040	0
R	0.0281	0	0.0252	0
G	0.0274	0	0.0226	0
T	0.0047	0	0.0207	0
G	0.0109	0	0.0772	0
D	0.5275	1	0.7059	1
V	0.0009	0	0.0019	0
K	0.2966	0	0.4610	1
L	0.0033	0	0.0045	0
L	0.2195	0	0.2490	1
K	0.6076	1	0.5423	1
H	0.2841	0	0.2518	1
K	0.6284	1	0.5539	1
E	0.1220	0	0.1137	0
K	0.2773	0	0.3129	1
G	0.1103	0	0.0797	0
A	0.1930	0	0.1792	1
I	0.0011	0	0.0023	0
R	0.2069	0	0.3714	1
L	0.0061	0	0.0088	0
L	0.0351	0	0.0382	0
M	0.0059	0	0.0051	0
R	0.6099	1	0.5898	1
R	0.0823	0	0.1253	0
D	0.2565	0	0.2952	1
K	0.5658	1	0.3995	1
T	0.2416	0	0.1465	0
L	0.0804	0	0.1624	1
K	0.5710	1	0.5792	1
I	0.0429	0	0.0110	0
C	0.0062	0	0.0036	0
A	0.0051	0	0.0050	0
N	0.0189	0	0.0088	0
H	0.0015	0	0.0003	0
Y	0.0007	0	0.0003	0
I	0.0003	0	0.0001	0
T	0.0006	0	0.0004	0
P	0.0004	0	0.0003	0
M	0.0008	0	0.0010	0
M	0.0005	0	0.0003	0
E	0.0051	0	0.0019	0
L	0.0010	0	0.0001	0
K	0.0142	0	0.0030	0
P	0.0711	0	0.0210	0
N	0.0897	0	0.0397	0
A	0.2720	0	0.1390	0
G	0.6628	1	0.1573	1
S	0.6775	1	0.1149	0
D	0.4185	1	0.0515	0
R	0.7161	1	0.0263	0
A	0.1343	0	0.0031	0
W	0.0073	0	0.0004	0
V	0.0429	0	0.0012	0
W	0.0040	0	0.0001	0
N	0.0007	0	0.0000	0
T	0.0006	0	0.0000	0
H	0.0037	0	0.0002	0
A	0.0011	0	0.0000	0
D	0.0006	0	0.0000	0
F	0.0009	0	0.0001	0
A	0.0004	0	0.0000	0
D	0.0019	0	0.0001	0
E	0.0012	0	0.0001	0
C	0.0015	0	0.0001	0
P	0.0009	0	0.0001	0
K	0.0374	0	0.0056	0
P	0.0045	0	0.0005	0
E	0.0102	0	0.0014	0
L	0.0209	0	0.0036	0
L	0.0009	0	0.0002	0
A	0.0017	0	0.0004	0
I	0.0006	0	0.0001	0
R	0.6120	1	0.1304	0
F	0.1514	0	0.0181	0
L	0.9142	1	0.0662	0
N	0.8419	1	0.0284	0
A	0.3018	0	0.0132	0
E	0.0296	0	0.0017	0
N	0.0012	0	0.0001	0
A	0.0003	0	0.0001	0
Q	0.0006	0	0.0003	0
K	0.0002	0	0.0001	0
F	0.0004	0	0.0002	0
K	0.0298	0	0.0407	0
T	0.0004	0	0.0005	0
K	0.0005	0	0.0011	0
F	0.0000	0	0.0001	0
E	0.0001	0	0.0004	0
E	0.0002	0	0.0007	0
C	0.0000	0	0.0000	0
R	0.0002	0	0.0007	0
K	0.0005	0	0.0038	0
E	0.0001	0	0.0001	0
I	0.0000	0	0.0000	0
E	0.0001	0	0.0002	0
E	0.0001	0	0.0005	0
R	0.0001	0	0.0001	0
E	0.0001	0	0.0000	0
K	0.0001	0	0.0001	0
K	0.0001	0	0.0001	0
A	0.0001	0	0.0001	0
G	0.0001	0	0.0000	0
S	0.0001	0	0.0000	0
G	0.0001	0	0.0000	0
K	0.0001	0	0.0000	0
N	0.0001	0	0.0000	0
D	0.0001	0	0.0001	0
H	0.0001	0	0.0001	0
A	0.0001	0	0.0000	0
E	0.0001	0	0.0001	0
K	0.0003	0	0.0001	0
V	0.0014	0	0.0006	0
A	0.0005	0	0.0001	0
E	0.0002	0	0.0000	0
K	0.0003	0	0.0000	0
L	0.0002	0	0.0000	0
E	0.0006	0	0.0001	0
A	0.0016	0	0.0003	0
L	0.0005	0	0.0000	0
S	0.0018	0	0.0002	0
V	0.0007	0	0.0000	0
K	0.0059	0	0.0009	0
E	0.0052	0	0.0003	0
E	0.0088	0	0.0003	0
T	0.0052	0	0.0002	0
K	0.0036	0	0.0002	0
E	0.0022	0	0.0001	0
D	0.0027	0	0.0001	0
A	0.0025	0	0.0003	0
E	0.0012	0	0.0003	0
E	0.0026	0	0.0006	0
K	0.0207	0	0.0053	0
Q	0.1146	0	0.0216	0
</pre></body></html>