<html><head></head><body><pre style="word-wrap: break-word; white-space: pre-wrap;">&gt;Q9RY49
Amino Acid	probability_DNA	binary_DNA	probability_RNA	binary_RNA
M	0.0035	0	0.0051	0
Q	0.0074	0	0.0049	0
V	0.0001	0	0.0000	0
I	0.0001	0	0.0000	0
L	0.0001	0	0.0001	0
L	0.0002	0	0.0008	0
E	0.0019	0	0.0077	0
P	0.0074	0	0.0220	0
S	0.0055	0	0.0180	0
R	0.0170	0	0.0922	0
L	0.0279	0	0.1257	0
G	0.1202	0	0.1800	1
K	0.1858	0	0.2224	1
T	0.1523	0	0.1230	0
G	0.0570	0	0.0632	0
E	0.0028	0	0.0024	0
V	0.0013	0	0.0011	0
V	0.0017	0	0.0022	0
S	0.0062	0	0.0100	0
V	0.0013	0	0.0012	0
K	0.1710	0	0.2413	1
D	0.1532	0	0.2780	1
G	0.3888	1	0.2794	1
Y	0.5149	1	0.2542	1
A	0.0851	0	0.0747	0
R	0.6137	1	0.1442	0
N	0.7603	1	0.0425	0
W	0.5072	1	0.0338	0
L	0.0080	0	0.0006	0
I	0.0036	0	0.0002	0
P	0.0062	0	0.0004	0
Q	0.0438	0	0.0025	0
G	0.0124	0	0.0009	0
L	0.0011	0	0.0000	0
A	0.0005	0	0.0000	0
V	0.0031	0	0.0002	0
S	0.0115	0	0.0005	0
A	0.0026	0	0.0001	0
T	0.0034	0	0.0001	0
R	0.0016	0	0.0000	0
T	0.0023	0	0.0000	0
N	0.0032	0	0.0000	0
M	0.0005	0	0.0000	0
K	0.0055	0	0.0001	0
T	0.0004	0	0.0000	0
L	0.0003	0	0.0000	0
E	0.0004	0	0.0000	0
A	0.0002	0	0.0000	0
Q	0.0005	0	0.0000	0
L	0.0008	0	0.0000	0
R	0.0003	0	0.0000	0
S	0.0004	0	0.0000	0
I	0.0001	0	0.0000	0
E	0.0001	0	0.0000	0
K	0.0002	0	0.0000	0
R	0.0009	0	0.0000	0
Q	0.0002	0	0.0000	0
A	0.0001	0	0.0000	0
Q	0.0002	0	0.0000	0
E	0.0004	0	0.0000	0
K	0.0032	0	0.0001	0
A	0.0002	0	0.0000	0
V	0.0001	0	0.0000	0
A	0.0001	0	0.0000	0
E	0.0002	0	0.0000	0
D	0.0001	0	0.0000	0
L	0.0001	0	0.0000	0
A	0.0001	0	0.0000	0
S	0.0000	0	0.0000	0
R	0.0001	0	0.0000	0
L	0.0000	0	0.0000	0
N	0.0000	0	0.0000	0
G	0.0000	0	0.0000	0
V	0.0000	0	0.0000	0
A	0.0002	0	0.0000	0
V	0.0001	0	0.0000	0
E	0.0002	0	0.0000	0
L	0.0002	0	0.0000	0
S	0.0019	0	0.0000	0
V	0.0010	0	0.0000	0
R	0.0439	0	0.0007	0
A	0.0034	0	0.0000	0
G	0.0522	0	0.0007	0
E	0.0248	0	0.0002	0
G	0.0490	0	0.0004	0
K	0.1111	0	0.0004	0
I	0.0035	0	0.0000	0
Y	0.1392	0	0.0007	0
G	0.0848	0	0.0008	0
A	0.2759	0	0.0017	0
V	0.0630	0	0.0003	0
T	0.1615	0	0.0004	0
H	0.0051	0	0.0000	0
Q	0.0046	0	0.0000	0
D	0.0004	0	0.0000	0
V	0.0000	0	0.0000	0
A	0.0001	0	0.0000	0
N	0.0001	0	0.0000	0
S	0.0000	0	0.0000	0
L	0.0000	0	0.0000	0
D	0.0004	0	0.0000	0
Q	0.0001	0	0.0000	0
L	0.0001	0	0.0000	0
G	0.0001	0	0.0000	0
F	0.0001	0	0.0000	0
D	0.0002	0	0.0000	0
V	0.0001	0	0.0000	0
D	0.0003	0	0.0000	0
R	0.0008	0	0.0000	0
R	0.0024	0	0.0001	0
K	0.0002	0	0.0000	0
I	0.0001	0	0.0000	0
D	0.0002	0	0.0000	0
M	0.0001	0	0.0000	0
P	0.0003	0	0.0001	0
K	0.0014	0	0.0007	0
T	0.0025	0	0.0010	0
V	0.0108	0	0.0076	0
K	0.2851	0	0.1947	1
E	0.0135	0	0.0030	0
V	0.0006	0	0.0002	0
G	0.0002	0	0.0001	0
E	0.0075	0	0.0040	0
Y	0.0449	0	0.0231	0
D	0.0101	0	0.0063	0
I	0.0001	0	0.0000	0
A	0.0029	0	0.0009	0
Y	0.0004	0	0.0000	0
R	0.0869	0	0.0126	0
A	0.0049	0	0.0003	0
H	0.0412	0	0.0048	0
P	0.0039	0	0.0004	0
E	0.0027	0	0.0003	0
V	0.0003	0	0.0000	0
T	0.0007	0	0.0001	0
I	0.0001	0	0.0000	0
P	0.0022	0	0.0004	0
M	0.0001	0	0.0000	0
K	0.0015	0	0.0003	0
L	0.0001	0	0.0000	0
V	0.0002	0	0.0000	0
V	0.0001	0	0.0000	0
H	0.0005	0	0.0000	0
A	0.0005	0	0.0000	0
A	0.0009	0	0.0000	0
K	0.0240	0	0.0013	0
</pre></body></html>