<html><head></head><body><pre style="word-wrap: break-word; white-space: pre-wrap;">&gt;Q9BQ15
Amino Acid	probability_DNA	binary_DNA	probability_RNA	binary_RNA
M	0.0001	0	0.3004	1
T	0.0000	0	0.0451	0
T	0.0000	0	0.0104	0
E	0.0000	0	0.0039	0
T	0.0000	0	0.0008	0
F	0.0000	0	0.0020	0
V	0.0000	0	0.0005	0
K	0.0000	0	0.0005	0
D	0.0000	0	0.0004	0
I	0.0000	0	0.0002	0
K	0.0000	0	0.0040	0
P	0.0000	0	0.0029	0
G	0.0000	0	0.0104	0
L	0.0000	0	0.0138	0
K	0.0000	0	0.0285	0
N	0.0001	0	0.1332	0
L	0.0000	0	0.0036	0
N	0.0001	0	0.1968	1
L	0.0000	0	0.0013	0
I	0.0000	0	0.0065	0
F	0.0000	0	0.0002	0
I	0.0000	0	0.0008	0
V	0.0000	0	0.0007	0
L	0.0000	0	0.0027	0
E	0.0000	0	0.0209	0
T	0.0000	0	0.0487	0
G	0.0000	0	0.0776	0
R	0.0000	0	0.1425	0
V	0.0000	0	0.1954	1
T	0.0001	0	0.3804	1
K	0.0001	0	0.2456	1
T	0.0002	0	0.3192	1
K	0.0004	0	0.3855	1
D	0.0002	0	0.2025	1
G	0.0001	0	0.0902	0
H	0.0005	0	0.2124	1
E	0.0009	0	0.2324	1
V	0.0002	0	0.0623	0
R	0.0000	0	0.0114	0
T	0.0000	0	0.0439	0
C	0.0000	0	0.0015	0
K	0.0000	0	0.0218	0
V	0.0000	0	0.0391	0
A	0.0003	0	0.2959	1
D	0.0002	0	0.2000	1
K	0.0010	0	0.4629	1
T	0.0006	0	0.3341	1
G	0.0000	0	0.0071	0
S	0.0000	0	0.0393	0
I	0.0000	0	0.0025	0
N	0.0005	0	0.4173	1
I	0.0001	0	0.0281	0
S	0.0004	0	0.1253	0
V	0.0000	0	0.0086	0
W	0.0014	0	0.4823	1
D	0.0000	0	0.0171	0
D	0.0000	0	0.0112	0
V	0.0002	0	0.1844	1
G	0.0000	0	0.0070	0
N	0.0000	0	0.0061	0
L	0.0000	0	0.0322	0
I	0.0000	0	0.0020	0
Q	0.0000	0	0.0697	0
P	0.0000	0	0.0109	0
G	0.0000	0	0.0014	0
D	0.0000	0	0.0008	0
I	0.0000	0	0.0010	0
I	0.0000	0	0.0007	0
R	0.0000	0	0.0158	0
L	0.0000	0	0.0039	0
T	0.0003	0	0.3934	1
K	0.0003	0	0.3566	1
G	0.0000	0	0.0596	0
Y	0.0004	0	0.8561	1
A	0.0001	0	0.1682	1
S	0.0001	0	0.2902	1
V	0.0000	0	0.0449	0
F	0.0001	0	0.7348	1
K	0.0002	0	0.4835	1
G	0.0001	0	0.2375	1
C	0.0001	0	0.3372	1
L	0.0000	0	0.0448	0
T	0.0004	0	0.5124	1
L	0.0000	0	0.0113	0
Y	0.0002	0	0.3724	1
T	0.0007	0	0.4948	1
G	0.0001	0	0.1127	0
R	0.0012	0	0.4925	1
G	0.0000	0	0.0453	0
G	0.0000	0	0.0065	0
D	0.0000	0	0.0560	0
L	0.0000	0	0.0009	0
Q	0.0000	0	0.0015	0
K	0.0000	0	0.0022	0
I	0.0000	0	0.0030	0
G	0.0000	0	0.0011	0
E	0.0000	0	0.0011	0
F	0.0000	0	0.0005	0
C	0.0000	0	0.0014	0
M	0.0000	0	0.0007	0
V	0.0000	0	0.0017	0
Y	0.0000	0	0.0037	0
S	0.0000	0	0.0860	0
E	0.0001	0	0.2377	1
V	0.0001	0	0.2524	1
P	0.0000	0	0.0734	0
N	0.0000	0	0.0636	0
F	0.0000	0	0.0095	0
S	0.0000	0	0.0096	0
E	0.0000	0	0.0384	0
P	0.0000	0	0.1207	0
N	0.0000	0	0.0276	0
P	0.0000	0	0.0331	0
E	0.0000	0	0.0108	0
Y	0.0000	0	0.0023	0
S	0.0000	0	0.0133	0
T	0.0000	0	0.0195	0
Q	0.0000	0	0.0448	0
Q	0.0000	0	0.0610	0
A	0.0000	0	0.1352	0
P	0.0000	0	0.2123	1
N	0.0001	0	0.5989	1
K	0.0002	0	0.5459	1
A	0.0001	0	0.3531	1
V	0.0001	0	0.3224	1
Q	0.0001	0	0.2633	1
N	0.0001	0	0.1838	1
D	0.0000	0	0.0681	0
S	0.0000	0	0.0526	0
N	0.0001	0	0.2325	1
P	0.0000	0	0.1216	0
S	0.0002	0	0.2284	1
A	0.0002	0	0.2219	1
S	0.0003	0	0.3689	1
Q	0.0002	0	0.3886	1
P	0.0004	0	0.3542	1
T	0.0002	0	0.2610	1
T	0.0003	0	0.3193	1
G	0.0001	0	0.2804	1
P	0.0000	0	0.2120	1
S	0.0000	0	0.0405	0
A	0.0000	0	0.0098	0
A	0.0000	0	0.0076	0
S	0.0000	0	0.0083	0
P	0.0000	0	0.0068	0
A	0.0000	0	0.0063	0
S	0.0000	0	0.0118	0
E	0.0000	0	0.0147	0
N	0.0000	0	0.0618	0
Q	0.0000	0	0.0921	0
N	0.0000	0	0.1834	1
G	0.0000	0	0.1194	0
N	0.0001	0	0.4775	1
G	0.0000	0	0.1928	1
L	0.0000	0	0.0173	0
S	0.0001	0	0.2236	1
A	0.0000	0	0.0343	0
P	0.0000	0	0.0046	0
P	0.0000	0	0.0081	0
G	0.0000	0	0.0125	0
P	0.0000	0	0.0300	0
G	0.0000	0	0.0647	0
G	0.0000	0	0.0324	0
G	0.0000	0	0.0129	0
P	0.0000	0	0.0110	0
H	0.0000	0	0.0281	0
P	0.0000	0	0.0588	0
P	0.0000	0	0.0383	0
H	0.0000	0	0.3079	1
T	0.0000	0	0.1151	0
P	0.0000	0	0.3270	1
S	0.0000	0	0.5745	1
H	0.0001	0	0.6201	1
P	0.0000	0	0.1072	0
P	0.0001	0	0.6782	1
S	0.0001	0	0.8001	1
T	0.0001	0	0.7965	1
R	0.0001	0	0.8715	1
I	0.0000	0	0.1258	0
T	0.0001	0	0.6465	1
R	0.0001	0	0.8778	1
S	0.0000	0	0.7104	1
Q	0.0000	0	0.5362	1
P	0.0000	0	0.2666	1
N	0.0000	0	0.4944	1
H	0.0000	0	0.4400	1
T	0.0000	0	0.2250	1
P	0.0000	0	0.0375	0
A	0.0000	0	0.0110	0
G	0.0000	0	0.0181	0
P	0.0000	0	0.0664	0
P	0.0000	0	0.0436	0
G	0.0000	0	0.0503	0
P	0.0000	0	0.0209	0
S	0.0000	0	0.0143	0
S	0.0000	0	0.0133	0
N	0.0000	0	0.0471	0
P	0.0000	0	0.0686	0
V	0.0000	0	0.0215	0
S	0.0000	0	0.4803	1
N	0.0000	0	0.7373	1
G	0.0000	0	0.7294	1
K	0.0000	0	0.8525	1
E	0.0000	0	0.6200	1
T	0.0000	0	0.3860	1
R	0.0000	0	0.8735	1
R	0.0000	0	0.9339	1
S	0.0000	0	0.7592	1
S	0.0000	0	0.5930	1
K	0.0000	0	0.7442	1
R	0.0002	0	0.8918	1
</pre></body></html>