<html><head></head><body><pre style="word-wrap: break-word; white-space: pre-wrap;">&gt;D2YW41
Amino Acid	probability_DNA	binary_DNA	probability_RNA	binary_RNA
P	0.0021	0	0.0045	0
T	0.0002	0	0.0001	0
Y	0.0001	0	0.0000	0
V	0.0000	0	0.0000	0
D	0.0001	0	0.0000	0
P	0.0001	0	0.0000	0
S	0.0001	0	0.0001	0
K	0.0004	0	0.0004	0
C	0.0001	0	0.0000	0
D	0.0051	0	0.0158	0
G	0.0005	0	0.0011	0
C	0.0003	0	0.0008	0
K	0.1017	0	0.2959	1
G	0.1629	0	0.2095	1
G	0.2336	0	0.1177	0
E	0.2204	0	0.0664	0
K	0.0996	0	0.0171	0
T	0.0038	0	0.0018	0
A	0.0002	0	0.0001	0
C	0.0001	0	0.0001	0
M	0.0001	0	0.0001	0
Y	0.0000	0	0.0000	0
I	0.0000	0	0.0000	0
C	0.0000	0	0.0000	0
P	0.0001	0	0.0006	0
N	0.0000	0	0.0001	0
D	0.0000	0	0.0001	0
L	0.0000	0	0.0000	0
M	0.0000	0	0.0000	0
I	0.0001	0	0.0002	0
L	0.0001	0	0.0001	0
D	0.0004	0	0.0002	0
P	0.0008	0	0.0002	0
E	0.0007	0	0.0002	0
E	0.0010	0	0.0002	0
M	0.0019	0	0.0005	0
K	0.0014	0	0.0003	0
A	0.0001	0	0.0000	0
F	0.0002	0	0.0000	0
N	0.0003	0	0.0001	0
Q	0.0003	0	0.0001	0
E	0.0005	0	0.0002	0
P	0.0010	0	0.0002	0
E	0.0001	0	0.0001	0
A	0.0001	0	0.0002	0
C	0.0004	0	0.0007	0
W	0.0026	0	0.0212	0
E	0.0008	0	0.0057	0
C	0.0050	0	0.0058	0
Y	0.0114	0	0.0326	0
S	0.0005	0	0.0028	0
C	0.0000	0	0.0001	0
I	0.0002	0	0.0006	0
K	0.0000	0	0.0001	0
I	0.0000	0	0.0000	0
C	0.0000	0	0.0000	0
P	0.0008	0	0.0129	0
Q	0.0001	0	0.0003	0
G	0.0002	0	0.0014	0
A	0.0001	0	0.0004	0
I	0.0001	0	0.0006	0
T	0.0014	0	0.0032	0
A	0.0003	0	0.0003	0
R	0.0013	0	0.0008	0
P	0.0008	0	0.0002	0
Y	0.0004	0	0.0001	0
A	0.0002	0	0.0001	0
D	0.0003	0	0.0001	0
F	0.0004	0	0.0001	0
A	0.0006	0	0.0001	0
P	0.0013	0	0.0004	0
M	0.0015	0	0.0004	0
G	0.0262	0	0.0087	0
G	0.0017	0	0.0008	0
T	0.0006	0	0.0002	0
C	0.0006	0	0.0003	0
I	0.0616	0	0.0259	0
P	0.0021	0	0.0004	0
L	0.0162	0	0.0050	0
R	0.0364	0	0.0131	0
G	0.0258	0	0.0087	0
S	0.0327	0	0.0115	0
E	0.0091	0	0.0026	0
D	0.0101	0	0.0018	0
I	0.0024	0	0.0009	0
M	0.0094	0	0.0130	0
W	0.0019	0	0.0024	0
T	0.0016	0	0.0016	0
I	0.0009	0	0.0005	0
K	0.0965	0	0.1386	0
F	0.0032	0	0.0020	0
R	0.1113	0	0.1305	0
N	0.0335	0	0.0303	0
G	0.0787	0	0.0559	0
S	0.0777	0	0.0495	0
V	0.0456	0	0.0434	0
K	0.0216	0	0.0311	0
R	0.5045	1	0.4265	1
F	0.0716	0	0.0830	0
K	0.2776	0	0.3816	1
F	0.0314	0	0.0801	0
P	0.0203	0	0.0939	0
I	0.0009	0	0.0040	0
R	0.0178	0	0.1078	0
T	0.0761	0	0.2999	1
T	0.0226	0	0.1109	0
P	0.0286	0	0.1679	1
E	0.0103	0	0.0715	0
G	0.0088	0	0.0625	0
S	0.0075	0	0.0756	0
I	0.0011	0	0.0116	0
K	0.0301	0	0.2879	1
P	0.0049	0	0.0488	0
F	0.0008	0	0.0161	0
E	0.0006	0	0.0170	0
G	0.0004	0	0.0096	0
K	0.0000	0	0.0006	0
P	0.0001	0	0.0006	0
E	0.0001	0	0.0004	0
A	0.0000	0	0.0001	0
G	0.0000	0	0.0004	0
D	0.0001	0	0.0004	0
L	0.0001	0	0.0004	0
E	0.0003	0	0.0035	0
N	0.0002	0	0.0006	0
E	0.0001	0	0.0003	0
L	0.0000	0	0.0001	0
L	0.0000	0	0.0000	0
F	0.0000	0	0.0001	0
T	0.0001	0	0.0002	0
E	0.0001	0	0.0002	0
T	0.0002	0	0.0002	0
A	0.0001	0	0.0001	0
L	0.0001	0	0.0001	0
T	0.0006	0	0.0009	0
V	0.0008	0	0.0005	0
P	0.0006	0	0.0002	0
Q	0.0073	0	0.0033	0
V	0.0015	0	0.0003	0
A	0.0011	0	0.0005	0
L	0.0004	0	0.0002	0
G	0.0009	0	0.0005	0
Q	0.0021	0	0.0010	0
K	0.0127	0	0.0045	0
A	0.0012	0	0.0010	0
Q	0.0004	0	0.0009	0
I	0.0005	0	0.0007	0
A	0.0015	0	0.0039	0
D	0.0017	0	0.0040	0
A	0.0006	0	0.0009	0
E	0.0010	0	0.0015	0
T	0.0030	0	0.0080	0
S	0.0042	0	0.0163	0
Q	0.0025	0	0.0118	0
C	0.0003	0	0.0008	0
W	0.0011	0	0.0042	0
F	0.0004	0	0.0026	0
D	0.0002	0	0.0024	0
L	0.0001	0	0.0007	0
P	0.0002	0	0.0016	0
C	0.0004	0	0.0042	0
E	0.0027	0	0.0382	0
G	0.0091	0	0.0794	0
G	0.0097	0	0.0343	0
N	0.0248	0	0.0496	0
R	0.1684	0	0.1401	0
</pre></body></html>