<html><head></head><body><pre style="word-wrap: break-word; white-space: pre-wrap;">&gt;Q53VU8
Amino Acid	probability_DNA	binary_DNA	probability_RNA	binary_RNA
M	0.0312	0	0.0040	0
P	0.0040	0	0.0004	0
Q	0.0008	0	0.0001	0
A	0.0003	0	0.0001	0
V	0.0000	0	0.0000	0
V	0.0001	0	0.0000	0
L	0.0000	0	0.0000	0
E	0.0001	0	0.0000	0
L	0.0000	0	0.0000	0
V	0.0003	0	0.0001	0
G	0.0001	0	0.0000	0
E	0.0012	0	0.0004	0
K	0.0024	0	0.0008	0
P	0.0015	0	0.0004	0
P	0.0074	0	0.0042	0
L	0.0042	0	0.0039	0
Y	0.1119	0	0.1130	0
P	0.2877	0	0.1608	1
A	0.0153	0	0.0034	0
R	0.4127	1	0.0637	0
Y	0.1672	0	0.0076	0
A	0.0045	0	0.0004	0
H	0.2438	0	0.0689	0
G	0.0142	0	0.0015	0
L	0.0004	0	0.0000	0
F	0.0001	0	0.0000	0
F	0.0005	0	0.0000	0
A	0.0003	0	0.0000	0
L	0.0001	0	0.0000	0
L	0.0001	0	0.0000	0
S	0.0082	0	0.0002	0
R	0.0089	0	0.0003	0
V	0.0003	0	0.0000	0
S	0.0006	0	0.0000	0
P	0.0126	0	0.0005	0
E	0.0015	0	0.0000	0
L	0.0012	0	0.0001	0
A	0.0003	0	0.0000	0
Q	0.0003	0	0.0000	0
K	0.0007	0	0.0001	0
L	0.0001	0	0.0000	0
H	0.0012	0	0.0004	0
E	0.0001	0	0.0000	0
A	0.0001	0	0.0000	0
P	0.0004	0	0.0000	0
R	0.0010	0	0.0000	0
K	0.1356	0	0.0041	0
P	0.0054	0	0.0001	0
F	0.0038	0	0.0000	0
T	0.0347	0	0.0004	0
L	0.0050	0	0.0000	0
A	0.0094	0	0.0000	0
P	0.0046	0	0.0000	0
L	0.0007	0	0.0000	0
P	0.0015	0	0.0000	0
R	0.0327	0	0.0001	0
A	0.0014	0	0.0000	0
G	0.0036	0	0.0000	0
P	0.0050	0	0.0000	0
E	0.0021	0	0.0000	0
G	0.0075	0	0.0000	0
A	0.0009	0	0.0000	0
T	0.0012	0	0.0000	0
L	0.0021	0	0.0000	0
K	0.0072	0	0.0000	0
G	0.0051	0	0.0000	0
T	0.0689	0	0.0003	0
L	0.0052	0	0.0000	0
R	0.0826	0	0.0003	0
L	0.0009	0	0.0000	0
R	0.2362	0	0.0010	0
L	0.0018	0	0.0000	0
T	0.0009	0	0.0000	0
T	0.0014	0	0.0000	0
L	0.0003	0	0.0000	0
D	0.0010	0	0.0000	0
D	0.0087	0	0.0001	0
G	0.0008	0	0.0000	0
L	0.0001	0	0.0000	0
F	0.0002	0	0.0000	0
A	0.0003	0	0.0000	0
P	0.0001	0	0.0000	0
F	0.0000	0	0.0000	0
L	0.0001	0	0.0000	0
R	0.0016	0	0.0000	0
A	0.0001	0	0.0000	0
L	0.0000	0	0.0000	0
L	0.0001	0	0.0000	0
E	0.0001	0	0.0000	0
A	0.0001	0	0.0000	0
A	0.0001	0	0.0000	0
P	0.0001	0	0.0000	0
D	0.0001	0	0.0000	0
G	0.0001	0	0.0000	0
L	0.0001	0	0.0000	0
P	0.0013	0	0.0000	0
L	0.0003	0	0.0000	0
G	0.0245	0	0.0002	0
D	0.0943	0	0.0012	0
S	0.0282	0	0.0003	0
S	0.0586	0	0.0010	0
Y	0.0018	0	0.0000	0
R	0.0877	0	0.0007	0
L	0.0019	0	0.0000	0
A	0.0034	0	0.0000	0
R	0.0036	0	0.0000	0
V	0.0020	0	0.0000	0
L	0.0055	0	0.0000	0
A	0.0147	0	0.0001	0
T	0.0173	0	0.0001	0
R	0.0158	0	0.0001	0
E	0.0042	0	0.0000	0
G	0.0107	0	0.0001	0
H	0.0073	0	0.0001	0
P	0.0040	0	0.0000	0
L	0.0146	0	0.0004	0
A	0.0015	0	0.0000	0
G	0.0217	0	0.0002	0
A	0.0037	0	0.0000	0
T	0.0027	0	0.0000	0
S	0.0009	0	0.0000	0
W	0.0019	0	0.0000	0
E	0.0004	0	0.0000	0
E	0.0001	0	0.0000	0
L	0.0000	0	0.0000	0
K	0.0003	0	0.0000	0
E	0.0001	0	0.0000	0
A	0.0002	0	0.0000	0
P	0.0003	0	0.0000	0
K	0.0009	0	0.0000	0
R	0.0020	0	0.0000	0
E	0.0014	0	0.0000	0
K	0.0033	0	0.0000	0
A	0.0002	0	0.0000	0
T	0.0017	0	0.0000	0
F	0.0001	0	0.0000	0
R	0.0018	0	0.0000	0
F	0.0045	0	0.0000	0
L	0.0004	0	0.0000	0
T	0.0040	0	0.0001	0
P	0.0010	0	0.0000	0
T	0.0004	0	0.0000	0
V	0.0007	0	0.0000	0
F	0.0069	0	0.0001	0
A	0.6098	1	0.0029	0
T	0.4587	1	0.0005	0
S	0.1061	0	0.0001	0
K	0.1742	0	0.0001	0
P	0.0429	0	0.0000	0
G	0.0117	0	0.0000	0
G	0.0148	0	0.0000	0
R	0.0724	0	0.0000	0
T	0.0312	0	0.0000	0
R	0.0603	0	0.0000	0
Y	0.0553	0	0.0000	0
T	0.0017	0	0.0000	0
P	0.0018	0	0.0000	0
L	0.0006	0	0.0000	0
P	0.0005	0	0.0000	0
D	0.0004	0	0.0000	0
P	0.0017	0	0.0000	0
R	0.0015	0	0.0000	0
L	0.0002	0	0.0000	0
I	0.0001	0	0.0000	0
A	0.0006	0	0.0000	0
G	0.0970	0	0.0007	0
S	0.0442	0	0.0002	0
L	0.0053	0	0.0000	0
L	0.0012	0	0.0000	0
D	0.0686	0	0.0026	0
K	0.3565	1	0.0077	0
W	0.0049	0	0.0000	0
Q	0.0191	0	0.0001	0
A	0.0102	0	0.0000	0
H	0.0010	0	0.0000	0
S	0.0004	0	0.0000	0
P	0.0003	0	0.0000	0
F	0.0002	0	0.0000	0
P	0.0001	0	0.0000	0
Y	0.0002	0	0.0000	0
N	0.0001	0	0.0000	0
P	0.0001	0	0.0000	0
K	0.0001	0	0.0000	0
E	0.0001	0	0.0000	0
E	0.0001	0	0.0000	0
A	0.0000	0	0.0000	0
A	0.0000	0	0.0000	0
L	0.0001	0	0.0000	0
R	0.0002	0	0.0000	0
E	0.0001	0	0.0000	0
L	0.0000	0	0.0000	0
F	0.0000	0	0.0000	0
E	0.0001	0	0.0000	0
L	0.0001	0	0.0000	0
D	0.0001	0	0.0000	0
L	0.0000	0	0.0000	0
E	0.0006	0	0.0000	0
V	0.0007	0	0.0000	0
A	0.0147	0	0.0000	0
G	0.2492	0	0.0001	0
F	0.3926	1	0.0002	0
R	0.4399	1	0.0000	0
N	0.0266	0	0.0000	0
L	0.0030	0	0.0000	0
R	0.1257	0	0.0000	0
F	0.0071	0	0.0000	0
H	0.0113	0	0.0000	0
R	0.2562	0	0.0000	0
V	0.0026	0	0.0000	0
Q	0.0098	0	0.0000	0
A	0.0268	0	0.0000	0
G	0.3547	1	0.0000	0
K	0.6890	1	0.0000	0
G	0.4794	1	0.0000	0
F	0.4684	1	0.0000	0
F	0.1170	0	0.0000	0
P	0.0193	0	0.0000	0
G	0.0045	0	0.0000	0
F	0.0023	0	0.0000	0
T	0.0054	0	0.0000	0
G	0.0098	0	0.0000	0
E	0.0716	0	0.0000	0
A	0.0057	0	0.0000	0
T	0.5251	1	0.0001	0
L	0.0117	0	0.0000	0
R	0.3153	0	0.0000	0
L	0.0052	0	0.0000	0
W	0.2148	0	0.0000	0
S	0.0198	0	0.0000	0
Q	0.0036	0	0.0000	0
S	0.0013	0	0.0000	0
L	0.0005	0	0.0000	0
E	0.0005	0	0.0000	0
A	0.0005	0	0.0000	0
Q	0.0020	0	0.0000	0
E	0.0015	0	0.0000	0
A	0.0001	0	0.0000	0
L	0.0001	0	0.0000	0
G	0.0006	0	0.0000	0
R	0.0001	0	0.0000	0
L	0.0000	0	0.0000	0
H	0.0000	0	0.0000	0
A	0.0001	0	0.0000	0
L	0.0001	0	0.0000	0
A	0.0001	0	0.0000	0
F	0.0001	0	0.0000	0
F	0.0004	0	0.0000	0
S	0.0006	0	0.0000	0
G	0.0018	0	0.0000	0
V	0.0036	0	0.0000	0
G	0.1107	0	0.0019	0
A	0.1914	0	0.0065	0
K	0.6491	1	0.0212	0
T	0.6227	1	0.0133	0
P	0.3154	0	0.0415	0
Y	0.1761	0	0.0624	0
G	0.2317	0	0.0964	0
M	0.0986	0	0.0122	0
G	0.2367	0	0.0110	0
L	0.1511	0	0.0023	0
A	0.0203	0	0.0001	0
V	0.0266	0	0.0002	0
P	0.0221	0	0.0001	0
L	0.0132	0	0.0001	0
</pre></body></html>