<html><head></head><body><pre style="word-wrap: break-word; white-space: pre-wrap;">&gt;Q77Q82
Amino Acid	probability_DNA	binary_DNA	probability_RNA	binary_RNA
M	0.0869	0	0.0000	0
D	0.0157	0	0.0000	0
P	0.0060	0	0.0000	0
G	0.0156	0	0.0000	0
Q	0.1009	0	0.0000	0
R	0.3304	0	0.0000	0
P	0.1154	0	0.0000	0
N	0.1092	0	0.0000	0
P	0.0149	0	0.0000	0
F	0.0038	0	0.0000	0
G	0.0049	0	0.0000	0
A	0.0025	0	0.0000	0
P	0.0027	0	0.0000	0
G	0.0043	0	0.0000	0
A	0.0009	0	0.0000	0
I	0.0009	0	0.0000	0
P	0.0006	0	0.0000	0
K	0.0008	0	0.0000	0
K	0.0006	0	0.0000	0
P	0.0002	0	0.0000	0
C	0.0002	0	0.0000	0
L	0.0003	0	0.0000	0
S	0.0018	0	0.0000	0
Q	0.0036	0	0.0000	0
G	0.0049	0	0.0000	0
S	0.0026	0	0.0000	0
P	0.0020	0	0.0000	0
G	0.0059	0	0.0000	0
T	0.0120	0	0.0000	0
S	0.0108	0	0.0000	0
G	0.0038	0	0.0000	0
S	0.0025	0	0.0000	0
G	0.0006	0	0.0000	0
A	0.0002	0	0.0000	0
P	0.0002	0	0.0000	0
C	0.0001	0	0.0000	0
D	0.0005	0	0.0000	0
E	0.0007	0	0.0000	0
P	0.0004	0	0.0000	0
S	0.0008	0	0.0000	0
R	0.0013	0	0.0000	0
S	0.0018	0	0.0000	0
E	0.0006	0	0.0000	0
S	0.0002	0	0.0000	0
P	0.0002	0	0.0000	0
G	0.0002	0	0.0000	0
E	0.0003	0	0.0000	0
G	0.0002	0	0.0000	0
P	0.0003	0	0.0000	0
S	0.0014	0	0.0000	0
G	0.0016	0	0.0000	0
T	0.0123	0	0.0000	0
G	0.0111	0	0.0000	0
G	0.0082	0	0.0000	0
S	0.0076	0	0.0000	0
A	0.0016	0	0.0000	0
A	0.0003	0	0.0000	0
A	0.0002	0	0.0000	0
G	0.0001	0	0.0000	0
D	0.0001	0	0.0000	0
I	0.0001	0	0.0000	0
T	0.0001	0	0.0000	0
R	0.0001	0	0.0000	0
Q	0.0001	0	0.0000	0
A	0.0000	0	0.0000	0
V	0.0000	0	0.0000	0
V	0.0001	0	0.0000	0
A	0.0001	0	0.0000	0
A	0.0001	0	0.0000	0
I	0.0001	0	0.0000	0
T	0.0002	0	0.0000	0
E	0.0002	0	0.0000	0
W	0.0004	0	0.0000	0
S	0.0002	0	0.0000	0
R	0.0003	0	0.0000	0
T	0.0005	0	0.0000	0
R	0.0003	0	0.0000	0
Q	0.0004	0	0.0000	0
L	0.0002	0	0.0000	0
R	0.0244	0	0.0000	0
I	0.0017	0	0.0000	0
S	0.0255	0	0.0000	0
T	0.3737	1	0.0000	0
G	0.0312	0	0.0000	0
A	0.0324	0	0.0000	0
S	0.0150	0	0.0000	0
E	0.0465	0	0.0000	0
G	0.3309	0	0.0000	0
K	0.6441	1	0.0000	0
A	0.3568	1	0.0000	0
S	0.6327	1	0.0000	0
I	0.4553	1	0.0000	0
K	0.7000	1	0.0000	0
D	0.0095	0	0.0000	0
W	0.0078	0	0.0000	0
I	0.0007	0	0.0000	0
V	0.0002	0	0.0000	0
C	0.0021	0	0.0000	0
Q	0.0049	0	0.0000	0
V	0.0004	0	0.0000	0
N	0.0013	0	0.0000	0
S	0.0013	0	0.0000	0
G	0.0013	0	0.0000	0
K	0.0035	0	0.0000	0
F	0.0073	0	0.0000	0
P	0.0004	0	0.0000	0
G	0.0005	0	0.0000	0
V	0.0002	0	0.0000	0
E	0.0004	0	0.0000	0
W	0.0018	0	0.0000	0
E	0.0004	0	0.0000	0
D	0.0008	0	0.0000	0
E	0.0039	0	0.0000	0
E	0.0022	0	0.0000	0
R	0.0169	0	0.0000	0
T	0.0299	0	0.0000	0
R	0.0035	0	0.0000	0
F	0.0007	0	0.0000	0
R	0.0517	0	0.0000	0
I	0.0015	0	0.0000	0
P	0.0106	0	0.0000	0
V	0.6775	1	0.0000	0
T	0.4152	1	0.0000	0
P	0.8642	1	0.0000	0
L	0.8177	1	0.0000	0
A	0.8749	1	0.0000	0
D	0.7028	1	0.0000	0
P	0.7319	1	0.0000	0
C	0.3245	0	0.0000	0
F	0.0590	0	0.0000	0
E	0.0659	0	0.0000	0
W	0.0318	0	0.0000	0
R	0.0059	0	0.0000	0
R	0.0044	0	0.0000	0
D	0.0087	0	0.0000	0
G	0.0052	0	0.0000	0
E	0.0068	0	0.0000	0
L	0.0003	0	0.0000	0
G	0.0098	0	0.0000	0
V	0.0042	0	0.0000	0
V	0.0019	0	0.0000	0
Y	0.5810	1	0.0000	0
I	0.0152	0	0.0000	0
R	0.0259	0	0.0000	0
E	0.0044	0	0.0000	0
R	0.3820	1	0.0000	0
G	0.0182	0	0.0000	0
N	0.0371	0	0.0000	0
M	0.0295	0	0.0000	0
P	0.0143	0	0.0000	0
V	0.0005	0	0.0000	0
D	0.0006	0	0.0000	0
A	0.0021	0	0.0000	0
S	0.0207	0	0.0000	0
F	0.0010	0	0.0000	0
K	0.0015	0	0.0000	0
G	0.0012	0	0.0000	0
T	0.0216	0	0.0000	0
R	0.0950	0	0.0000	0
G	0.0356	0	0.0000	0
R	0.6732	1	0.0000	0
R	0.6671	1	0.0000	0
R	0.9839	1	0.0000	0
M	0.0291	0	0.0000	0
L	0.6569	1	0.0000	0
A	0.9902	1	0.0000	0
A	0.5981	1	0.0000	0
L	0.0327	0	0.0000	0
R	0.9586	1	0.0000	0
R	0.7621	1	0.0000	0
T	0.3141	0	0.0000	0
R	0.2737	0	0.0000	0
G	0.0284	0	0.0000	0
L	0.0012	0	0.0000	0
Q	0.0210	0	0.0000	0
E	0.0094	0	0.0000	0
I	0.0035	0	0.0000	0
G	0.0141	0	0.0000	0
K	0.0315	0	0.0000	0
G	0.1084	0	0.0000	0
I	0.0752	0	0.0000	0
S	0.0905	0	0.0000	0
Q	0.3968	1	0.0000	0
D	0.2862	0	0.0000	0
G	0.1721	0	0.0000	0
H	0.0260	0	0.0000	0
H	0.1099	0	0.0000	0
F	0.1202	0	0.0000	0
L	0.8130	1	0.0000	0
V	0.0442	0	0.0000	0
F	0.0529	0	0.0000	0
R	0.0982	0	0.0000	0
V	0.0028	0	0.0000	0
R	0.0937	0	0.0000	0
K	0.0300	0	0.0000	0
P	0.0078	0	0.0000	0
E	0.0016	0	0.0000	0
E	0.0024	0	0.0000	0
E	0.0039	0	0.0000	0
Q	0.0018	0	0.0000	0
C	0.0020	0	0.0000	0
V	0.0071	0	0.0000	0
E	0.0035	0	0.0000	0
C	0.0008	0	0.0000	0
G	0.0017	0	0.0000	0
V	0.0053	0	0.0000	0
V	0.0037	0	0.0000	0
A	0.0042	0	0.0000	0
G	0.0025	0	0.0000	0
A	0.0027	0	0.0000	0
V	0.0030	0	0.0000	0
H	0.0029	0	0.0000	0
D	0.0006	0	0.0000	0
F	0.0004	0	0.0000	0
N	0.0009	0	0.0000	0
N	0.0004	0	0.0000	0
M	0.0002	0	0.0000	0
A	0.0003	0	0.0000	0
R	0.0003	0	0.0000	0
L	0.0001	0	0.0000	0
L	0.0001	0	0.0000	0
Q	0.0005	0	0.0000	0
E	0.0004	0	0.0000	0
G	0.0003	0	0.0000	0
F	0.0004	0	0.0000	0
F	0.0005	0	0.0000	0
S	0.0004	0	0.0000	0
P	0.0009	0	0.0000	0
G	0.0016	0	0.0000	0
Q	0.0010	0	0.0000	0
C	0.0012	0	0.0000	0
L	0.0006	0	0.0000	0
P	0.0012	0	0.0000	0
G	0.0012	0	0.0000	0
E	0.0009	0	0.0000	0
I	0.0009	0	0.0000	0
V	0.0005	0	0.0000	0
T	0.0004	0	0.0000	0
P	0.0005	0	0.0000	0
V	0.0006	0	0.0000	0
P	0.0008	0	0.0000	0
S	0.0011	0	0.0000	0
C	0.0010	0	0.0000	0
T	0.0015	0	0.0000	0
T	0.0010	0	0.0000	0
A	0.0008	0	0.0000	0
E	0.0007	0	0.0000	0
G	0.0008	0	0.0000	0
Q	0.0022	0	0.0000	0
E	0.0011	0	0.0000	0
A	0.0014	0	0.0000	0
V	0.0012	0	0.0000	0
I	0.0010	0	0.0000	0
D	0.0019	0	0.0000	0
W	0.0007	0	0.0000	0
G	0.0005	0	0.0000	0
R	0.0011	0	0.0000	0
L	0.0001	0	0.0000	0
F	0.0233	0	0.0000	0
I	0.0011	0	0.0000	0
R	0.0100	0	0.0000	0
M	0.0021	0	0.0000	0
Y	0.0250	0	0.0000	0
Y	0.0945	0	0.0000	0
N	0.0025	0	0.0000	0
G	0.0003	0	0.0000	0
E	0.0020	0	0.0000	0
Q	0.0012	0	0.0000	0
V	0.0013	0	0.0000	0
H	0.0677	0	0.0000	0
E	0.0673	0	0.0000	0
L	0.0057	0	0.0000	0
L	0.0171	0	0.0000	0
T	0.0026	0	0.0000	0
T	0.0394	0	0.0000	0
S	0.0274	0	0.0000	0
Q	0.0042	0	0.0000	0
S	0.0057	0	0.0000	0
G	0.0007	0	0.0000	0
C	0.0003	0	0.0000	0
R	0.0967	0	0.0000	0
I	0.0015	0	0.0000	0
S	0.0005	0	0.0000	0
S	0.0004	0	0.0000	0
A	0.0005	0	0.0000	0
L	0.0004	0	0.0000	0
R	0.0003	0	0.0000	0
R	0.0006	0	0.0000	0
D	0.0009	0	0.0000	0
P	0.0009	0	0.0000	0
A	0.0014	0	0.0000	0
V	0.0007	0	0.0000	0
H	0.0006	0	0.0000	0
Y	0.0002	0	0.0000	0
C	0.0001	0	0.0000	0
A	0.0001	0	0.0000	0
V	0.0001	0	0.0000	0
G	0.0001	0	0.0000	0
S	0.0001	0	0.0000	0
P	0.0001	0	0.0000	0
G	0.0002	0	0.0000	0
Q	0.0004	0	0.0000	0
V	0.0001	0	0.0000	0
W	0.0002	0	0.0000	0
L	0.0001	0	0.0000	0
P	0.0002	0	0.0000	0
N	0.0003	0	0.0000	0
V	0.0002	0	0.0000	0
P	0.0002	0	0.0000	0
N	0.0002	0	0.0000	0
L	0.0003	0	0.0000	0
A	0.0004	0	0.0000	0
C	0.0004	0	0.0000	0
E	0.0008	0	0.0000	0
I	0.0006	0	0.0000	0
A	0.0005	0	0.0000	0
K	0.0007	0	0.0000	0
R	0.0007	0	0.0000	0
E	0.0003	0	0.0000	0
L	0.0003	0	0.0000	0
C	0.0004	0	0.0000	0
D	0.0001	0	0.0000	0
T	0.0000	0	0.0000	0
L	0.0001	0	0.0000	0
D	0.0005	0	0.0000	0
A	0.0002	0	0.0000	0
C	0.0001	0	0.0000	0
A	0.0001	0	0.0000	0
K	0.0006	0	0.0000	0
G	0.0002	0	0.0000	0
I	0.0001	0	0.0000	0
L	0.0001	0	0.0000	0
L	0.0002	0	0.0000	0
T	0.0003	0	0.0000	0
S	0.0005	0	0.0000	0
S	0.0013	0	0.0000	0
C	0.0011	0	0.0000	0
N	0.0009	0	0.0000	0
G	0.0007	0	0.0000	0
I	0.0006	0	0.0000	0
F	0.0754	0	0.0001	0
C	0.0046	0	0.0000	0
V	0.0036	0	0.0000	0
C	0.0070	0	0.0000	0
Y	0.0022	0	0.0000	0
H	0.0011	0	0.0000	0
N	0.0166	0	0.0000	0
G	0.0145	0	0.0000	0
P	0.0957	0	0.0000	0
V	0.0072	0	0.0000	0
H	0.0144	0	0.0000	0
F	0.0018	0	0.0000	0
I	0.0004	0	0.0000	0
G	0.0001	0	0.0000	0
N	0.0001	0	0.0000	0
T	0.0001	0	0.0000	0
V	0.0001	0	0.0000	0
P	0.0001	0	0.0000	0
P	0.0002	0	0.0000	0
D	0.0002	0	0.0000	0
S	0.0002	0	0.0000	0
G	0.0003	0	0.0000	0
P	0.0002	0	0.0000	0
L	0.0008	0	0.0000	0
L	0.0007	0	0.0000	0
L	0.0003	0	0.0000	0
P	0.0022	0	0.0000	0
Q	0.0149	0	0.0000	0
G	0.0006	0	0.0000	0
K	0.0007	0	0.0000	0
P	0.0004	0	0.0000	0
T	0.0003	0	0.0000	0
R	0.0007	0	0.0000	0
I	0.0002	0	0.0000	0
F	0.0004	0	0.0000	0
N	0.0005	0	0.0000	0
P	0.0012	0	0.0000	0
N	0.0065	0	0.0000	0
T	0.0037	0	0.0000	0
F	0.0011	0	0.0000	0
L	0.0005	0	0.0000	0
V	0.0026	0	0.0000	0
G	0.0015	0	0.0000	0
L	0.0003	0	0.0000	0
A	0.0004	0	0.0000	0
N	0.0021	0	0.0000	0
S	0.0004	0	0.0000	0
P	0.0007	0	0.0000	0
L	0.0018	0	0.0000	0
P	0.0057	0	0.0000	0
A	0.0021	0	0.0000	0
P	0.0013	0	0.0000	0
S	0.0012	0	0.0000	0
H	0.0012	0	0.0000	0
V	0.0027	0	0.0000	0
T	0.0097	0	0.0000	0
C	0.0052	0	0.0000	0
P	0.0010	0	0.0000	0
L	0.0003	0	0.0000	0
V	0.0001	0	0.0000	0
K	0.0004	0	0.0000	0
L	0.0001	0	0.0000	0
W	0.0002	0	0.0000	0
L	0.0001	0	0.0000	0
G	0.0001	0	0.0000	0
K	0.0001	0	0.0000	0
P	0.0001	0	0.0000	0
V	0.0001	0	0.0000	0
A	0.0001	0	0.0000	0
V	0.0002	0	0.0000	0
G	0.0003	0	0.0000	0
K	0.0002	0	0.0000	0
L	0.0002	0	0.0000	0
E	0.0003	0	0.0000	0
P	0.0002	0	0.0000	0
H	0.0005	0	0.0000	0
A	0.0002	0	0.0000	0
P	0.0003	0	0.0000	0
S	0.0005	0	0.0000	0
P	0.0004	0	0.0000	0
R	0.0005	0	0.0000	0
D	0.0004	0	0.0000	0
F	0.0003	0	0.0000	0
A	0.0003	0	0.0000	0
A	0.0001	0	0.0000	0
R	0.0002	0	0.0000	0
C	0.0002	0	0.0000	0
S	0.0006	0	0.0000	0
N	0.0005	0	0.0000	0
F	0.0002	0	0.0000	0
S	0.0006	0	0.0000	0
D	0.0036	0	0.0000	0
A	0.0004	0	0.0000	0
C	0.0001	0	0.0000	0
V	0.0001	0	0.0000	0
V	0.0003	0	0.0000	0
L	0.0001	0	0.0000	0
E	0.0006	0	0.0000	0
I	0.0001	0	0.0000	0
M	0.0001	0	0.0000	0
P	0.0001	0	0.0000	0
K	0.0002	0	0.0000	0
P	0.0001	0	0.0000	0
L	0.0001	0	0.0000	0
W	0.0002	0	0.0000	0
D	0.0002	0	0.0000	0
A	0.0002	0	0.0000	0
M	0.0004	0	0.0000	0
Q	0.0035	0	0.0000	0
</pre></body></html>