<html><head></head><body><pre style="word-wrap: break-word; white-space: pre-wrap;">&gt;O13833
Amino Acid	probability_DNA	binary_DNA	probability_RNA	binary_RNA
M	0.1842	0	0.0045	0
N	0.1191	0	0.0039	0
I	0.0458	0	0.0008	0
S	0.1888	0	0.0023	0
S	0.1710	0	0.0011	0
A	0.0099	0	0.0000	0
Q	0.0099	0	0.0000	0
F	0.0291	0	0.0000	0
I	0.0039	0	0.0000	0
P	0.0017	0	0.0000	0
G	0.0010	0	0.0000	0
V	0.0004	0	0.0000	0
H	0.0006	0	0.0000	0
T	0.0007	0	0.0000	0
V	0.0007	0	0.0000	0
E	0.0012	0	0.0000	0
E	0.0023	0	0.0000	0
I	0.0004	0	0.0000	0
E	0.0003	0	0.0000	0
A	0.0003	0	0.0000	0
E	0.0013	0	0.0000	0
I	0.0001	0	0.0000	0
H	0.0005	0	0.0000	0
K	0.0024	0	0.0000	0
N	0.0011	0	0.0000	0
L	0.0001	0	0.0000	0
H	0.0003	0	0.0000	0
I	0.0004	0	0.0000	0
S	0.0050	0	0.0000	0
K	0.0076	0	0.0001	0
S	0.0034	0	0.0000	0
C	0.0048	0	0.0001	0
S	0.0380	0	0.0004	0
Y	0.1591	0	0.0019	0
Q	0.0522	0	0.0008	0
K	0.0202	0	0.0001	0
V	0.0006	0	0.0000	0
P	0.0007	0	0.0000	0
N	0.0033	0	0.0000	0
S	0.0005	0	0.0000	0
H	0.0026	0	0.0001	0
K	0.0034	0	0.0001	0
E	0.0008	0	0.0000	0
F	0.0003	0	0.0000	0
T	0.0012	0	0.0000	0
K	0.0026	0	0.0000	0
F	0.0001	0	0.0000	0
C	0.0000	0	0.0000	0
Y	0.0002	0	0.0000	0
E	0.0000	0	0.0000	0
V	0.0000	0	0.0000	0
Y	0.0000	0	0.0000	0
N	0.0000	0	0.0000	0
E	0.0001	0	0.0000	0
I	0.0000	0	0.0000	0
K	0.0001	0	0.0000	0
I	0.0000	0	0.0000	0
S	0.0002	0	0.0000	0
D	0.0003	0	0.0000	0
K	0.0001	0	0.0000	0
E	0.0001	0	0.0000	0
F	0.0003	0	0.0000	0
K	0.0002	0	0.0000	0
E	0.0002	0	0.0000	0
K	0.0073	0	0.0015	0
R	0.0001	0	0.0000	0
A	0.0000	0	0.0000	0
A	0.0000	0	0.0000	0
L	0.0000	0	0.0000	0
D	0.0000	0	0.0000	0
T	0.0001	0	0.0000	0
L	0.0000	0	0.0000	0
R	0.0001	0	0.0000	0
L	0.0001	0	0.0000	0
C	0.0000	0	0.0000	0
L	0.0000	0	0.0000	0
K	0.0013	0	0.0002	0
R	0.0001	0	0.0000	0
I	0.0000	0	0.0000	0
S	0.0001	0	0.0000	0
P	0.0003	0	0.0001	0
D	0.0002	0	0.0000	0
A	0.0000	0	0.0000	0
E	0.0004	0	0.0000	0
L	0.0001	0	0.0000	0
V	0.0002	0	0.0000	0
A	0.0002	0	0.0000	0
F	0.0548	0	0.1834	1
G	0.1768	0	0.4934	1
S	0.4037	1	0.7458	1
L	0.1646	0	0.2055	1
E	0.0087	0	0.0224	0
S	0.0132	0	0.0672	0
G	0.0019	0	0.0072	0
L	0.0009	0	0.0025	0
A	0.0021	0	0.0046	0
L	0.0325	0	0.0723	0
K	0.3293	0	0.4046	1
N	0.3843	1	0.4285	1
S	0.5316	1	0.5198	1
D	0.8312	1	0.6242	1
M	0.0414	0	0.0523	0
D	0.7735	1	0.7585	1
L	0.0079	0	0.0019	0
C	0.0062	0	0.0018	0
V	0.0011	0	0.0001	0
L	0.0029	0	0.0002	0
M	0.0035	0	0.0002	0
D	0.0208	0	0.0017	0
S	0.0153	0	0.0011	0
R	0.0608	0	0.0067	0
V	0.0104	0	0.0009	0
Q	0.0032	0	0.0001	0
S	0.0010	0	0.0000	0
D	0.0004	0	0.0000	0
T	0.0012	0	0.0001	0
I	0.0003	0	0.0000	0
A	0.0001	0	0.0000	0
L	0.0007	0	0.0001	0
Q	0.0095	0	0.0010	0
F	0.0002	0	0.0000	0
Y	0.0003	0	0.0000	0
E	0.0018	0	0.0002	0
E	0.0009	0	0.0001	0
L	0.0001	0	0.0000	0
I	0.0037	0	0.0005	0
A	0.0035	0	0.0004	0
E	0.0009	0	0.0001	0
G	0.0003	0	0.0000	0
F	0.0003	0	0.0000	0
E	0.0020	0	0.0004	0
G	0.0005	0	0.0001	0
K	0.0023	0	0.0003	0
F	0.0028	0	0.0004	0
L	0.0214	0	0.0093	0
Q	0.0123	0	0.0045	0
R	0.1825	0	0.1660	1
A	0.1771	0	0.1307	0
R	0.4975	1	0.2993	1
I	0.1767	0	0.0711	0
P	0.0038	0	0.0011	0
I	0.1304	0	0.0212	0
I	0.0162	0	0.0036	0
K	0.6467	1	0.1564	1
L	0.0042	0	0.0001	0
T	0.0769	0	0.0036	0
S	0.0028	0	0.0000	0
D	0.0045	0	0.0001	0
T	0.0063	0	0.0001	0
K	0.0219	0	0.0003	0
N	0.0191	0	0.0002	0
G	0.0082	0	0.0001	0
F	0.0030	0	0.0000	0
G	0.0046	0	0.0001	0
A	0.0065	0	0.0001	0
S	0.0379	0	0.0005	0
F	0.0032	0	0.0000	0
Q	0.0092	0	0.0001	0
C	0.0029	0	0.0000	0
A	0.6615	1	0.0762	0
I	0.0219	0	0.0008	0
G	0.0884	0	0.0103	0
F	0.0644	0	0.0101	0
N	0.1993	0	0.0824	0
N	0.5007	1	0.3302	1
R	0.1129	0	0.0420	0
L	0.0272	0	0.0059	0
A	0.0609	0	0.0089	0
I	0.0113	0	0.0022	0
H	0.0034	0	0.0007	0
N	0.0675	0	0.0101	0
T	0.0010	0	0.0000	0
L	0.0008	0	0.0001	0
L	0.0002	0	0.0000	0
L	0.0002	0	0.0000	0
S	0.0001	0	0.0000	0
S	0.0000	0	0.0000	0
Y	0.0001	0	0.0000	0
T	0.0001	0	0.0000	0
K	0.0002	0	0.0000	0
L	0.0002	0	0.0000	0
D	0.0002	0	0.0000	0
A	0.0002	0	0.0000	0
R	0.0005	0	0.0001	0
L	0.0001	0	0.0000	0
K	0.0021	0	0.0002	0
P	0.0000	0	0.0000	0
M	0.0000	0	0.0000	0
V	0.0000	0	0.0000	0
L	0.0001	0	0.0000	0
L	0.0000	0	0.0000	0
V	0.0001	0	0.0000	0
K	0.0073	0	0.0003	0
H	0.0001	0	0.0000	0
W	0.0001	0	0.0000	0
A	0.0000	0	0.0000	0
K	0.0006	0	0.0001	0
R	0.0003	0	0.0000	0
K	0.0002	0	0.0000	0
Q	0.0001	0	0.0000	0
I	0.0002	0	0.0000	0
N	0.0008	0	0.0002	0
S	0.0341	0	0.0114	0
P	0.2293	0	0.0577	0
Y	0.1543	0	0.0191	0
F	0.0775	0	0.0047	0
G	0.0130	0	0.0004	0
T	0.0062	0	0.0003	0
L	0.0061	0	0.0010	0
S	0.1203	0	0.0351	0
S	0.2151	0	0.0490	0
Y	0.1618	0	0.0229	0
G	0.0073	0	0.0001	0
Y	0.0007	0	0.0000	0
V	0.0002	0	0.0000	0
L	0.0000	0	0.0000	0
M	0.0001	0	0.0000	0
V	0.0001	0	0.0000	0
L	0.0001	0	0.0000	0
Y	0.0019	0	0.0000	0
Y	0.0002	0	0.0000	0
L	0.0001	0	0.0000	0
I	0.0004	0	0.0000	0
H	0.0005	0	0.0000	0
V	0.0008	0	0.0000	0
I	0.0007	0	0.0000	0
K	0.0040	0	0.0001	0
P	0.0008	0	0.0000	0
P	0.0017	0	0.0000	0
V	0.0005	0	0.0000	0
F	0.0005	0	0.0000	0
P	0.0013	0	0.0000	0
N	0.0008	0	0.0000	0
L	0.0004	0	0.0000	0
L	0.0010	0	0.0000	0
L	0.0016	0	0.0000	0
S	0.0011	0	0.0000	0
P	0.0018	0	0.0000	0
L	0.0034	0	0.0000	0
K	0.0019	0	0.0000	0
Q	0.0030	0	0.0000	0
E	0.0050	0	0.0000	0
K	0.0079	0	0.0000	0
I	0.0143	0	0.0001	0
V	0.0022	0	0.0000	0
D	0.0040	0	0.0000	0
G	0.0136	0	0.0001	0
F	0.0149	0	0.0002	0
D	0.0065	0	0.0001	0
V	0.0028	0	0.0000	0
G	0.0049	0	0.0001	0
F	0.0145	0	0.0001	0
D	0.0010	0	0.0000	0
D	0.0020	0	0.0000	0
K	0.0017	0	0.0000	0
L	0.0012	0	0.0000	0
E	0.0016	0	0.0000	0
D	0.0026	0	0.0000	0
I	0.0008	0	0.0000	0
P	0.0011	0	0.0000	0
P	0.0020	0	0.0000	0
S	0.0023	0	0.0000	0
Q	0.0076	0	0.0001	0
N	0.0033	0	0.0000	0
Y	0.0036	0	0.0000	0
S	0.0055	0	0.0001	0
S	0.0088	0	0.0001	0
L	0.0010	0	0.0000	0
G	0.0003	0	0.0000	0
S	0.0003	0	0.0000	0
L	0.0001	0	0.0000	0
L	0.0001	0	0.0000	0
H	0.0001	0	0.0000	0
G	0.0001	0	0.0000	0
F	0.0001	0	0.0000	0
F	0.0001	0	0.0000	0
R	0.0002	0	0.0000	0
F	0.0006	0	0.0000	0
Y	0.0004	0	0.0000	0
A	0.0002	0	0.0000	0
Y	0.0012	0	0.0000	0
K	0.0020	0	0.0000	0
F	0.0020	0	0.0000	0
E	0.0013	0	0.0000	0
P	0.0017	0	0.0000	0
R	0.0039	0	0.0000	0
E	0.0013	0	0.0000	0
K	0.0006	0	0.0000	0
V	0.0010	0	0.0000	0
V	0.0003	0	0.0000	0
T	0.0018	0	0.0000	0
F	0.0006	0	0.0000	0
R	0.0160	0	0.0000	0
R	0.0086	0	0.0000	0
P	0.0047	0	0.0000	0
D	0.0031	0	0.0000	0
G	0.0011	0	0.0000	0
Y	0.0038	0	0.0000	0
L	0.0004	0	0.0000	0
T	0.0003	0	0.0000	0
K	0.0020	0	0.0000	0
Q	0.0014	0	0.0000	0
E	0.0005	0	0.0000	0
K	0.0003	0	0.0000	0
G	0.0007	0	0.0000	0
W	0.0008	0	0.0000	0
T	0.0013	0	0.0000	0
S	0.0013	0	0.0000	0
A	0.0006	0	0.0000	0
T	0.0004	0	0.0000	0
E	0.0011	0	0.0000	0
H	0.0009	0	0.0000	0
T	0.0036	0	0.0000	0
G	0.0009	0	0.0000	0
S	0.0012	0	0.0000	0
A	0.0041	0	0.0000	0
D	0.0012	0	0.0000	0
Q	0.0025	0	0.0000	0
I	0.0024	0	0.0000	0
I	0.0024	0	0.0000	0
K	0.0047	0	0.0000	0
D	0.0025	0	0.0000	0
R	0.0060	0	0.0000	0
Y	0.0010	0	0.0000	0
I	0.0002	0	0.0000	0
L	0.0001	0	0.0000	0
A	0.0001	0	0.0000	0
I	0.0007	0	0.0000	0
E	0.0064	0	0.0000	0
D	0.0021	0	0.0000	0
P	0.0002	0	0.0000	0
F	0.0002	0	0.0000	0
E	0.0002	0	0.0000	0
I	0.0002	0	0.0000	0
S	0.0003	0	0.0000	0
H	0.0009	0	0.0000	0
N	0.0134	0	0.0002	0
V	0.0021	0	0.0000	0
G	0.0083	0	0.0001	0
R	0.2633	0	0.0031	0
T	0.2521	0	0.0010	0
V	0.2941	0	0.0012	0
S	0.4670	1	0.0022	0
S	0.2631	0	0.0009	0
S	0.3761	1	0.0011	0
G	0.1543	0	0.0002	0
L	0.0008	0	0.0000	0
Y	0.0015	0	0.0000	0
R	0.0005	0	0.0000	0
I	0.0001	0	0.0000	0
R	0.0123	0	0.0000	0
G	0.0002	0	0.0000	0
E	0.0001	0	0.0000	0
F	0.0002	0	0.0000	0
M	0.0044	0	0.0000	0
A	0.0054	0	0.0000	0
A	0.0029	0	0.0000	0
S	0.0015	0	0.0000	0
R	0.0003	0	0.0000	0
L	0.0003	0	0.0000	0
L	0.0000	0	0.0000	0
N	0.0009	0	0.0000	0
S	0.0018	0	0.0000	0
R	0.0005	0	0.0000	0
S	0.0009	0	0.0000	0
Y	0.0043	0	0.0000	0
P	0.0010	0	0.0000	0
I	0.0003	0	0.0000	0
P	0.0003	0	0.0000	0
Y	0.0011	0	0.0000	0
D	0.0006	0	0.0000	0
S	0.0001	0	0.0000	0
L	0.0000	0	0.0000	0
F	0.0000	0	0.0000	0
E	0.0002	0	0.0000	0
E	0.0001	0	0.0000	0
A	0.0001	0	0.0000	0
P	0.0001	0	0.0000	0
I	0.0004	0	0.0000	0
P	0.0010	0	0.0000	0
P	0.0336	0	0.0002	0
R	0.2105	0	0.0004	0
R	0.2000	0	0.0001	0
Q	0.3220	0	0.0000	0
K	0.2423	0	0.0000	0
K	0.1513	0	0.0000	0
T	0.0179	0	0.0000	0
D	0.0131	0	0.0000	0
E	0.0206	0	0.0000	0
Q	0.0226	0	0.0000	0
S	0.0302	0	0.0000	0
N	0.0070	0	0.0000	0
K	0.0052	0	0.0000	0
K	0.0048	0	0.0000	0
L	0.0005	0	0.0000	0
L	0.0005	0	0.0000	0
N	0.0017	0	0.0000	0
E	0.0006	0	0.0000	0
T	0.0003	0	0.0000	0
D	0.0008	0	0.0000	0
G	0.0025	0	0.0000	0
D	0.0082	0	0.0000	0
N	0.0618	0	0.0004	0
S	0.0639	0	0.0005	0
E	0.0386	0	0.0007	0
</pre></body></html>