<html><head></head><body><pre style="word-wrap: break-word; white-space: pre-wrap;">&gt;P82916
Amino Acid	probability_DNA	binary_DNA	probability_RNA	binary_RNA
M	0.0000	0	0.5137	1
S	0.0000	0	0.7007	1
V	0.0000	0	0.1817	1
V	0.0000	0	0.2271	1
R	0.0001	0	0.4737	1
S	0.0000	0	0.1150	0
S	0.0002	0	0.3267	1
V	0.0000	0	0.0081	0
H	0.0006	0	0.3834	1
A	0.0006	0	0.2867	1
K	0.0006	0	0.3297	1
W	0.0000	0	0.0008	0
I	0.0000	0	0.0013	0
V	0.0000	0	0.0052	0
G	0.0000	0	0.0013	0
K	0.0000	0	0.0099	0
V	0.0000	0	0.0018	0
I	0.0000	0	0.2324	1
G	0.0000	0	0.5406	1
T	0.0000	0	0.3330	1
A	0.0000	0	0.6910	1
M	0.0000	0	0.7680	1
Q	0.0000	0	0.5708	1
K	0.0000	0	0.9246	1
T	0.0001	0	0.3055	1
A	0.0000	0	0.0229	0
K	0.0001	0	0.4626	1
V	0.0000	0	0.0020	0
R	0.0000	0	0.0164	0
V	0.0000	0	0.0032	0
T	0.0000	0	0.0972	0
R	0.0001	0	0.4393	1
L	0.0000	0	0.0107	0
V	0.0000	0	0.0322	0
L	0.0000	0	0.0251	0
D	0.0000	0	0.0801	0
P	0.0000	0	0.2874	1
Y	0.0000	0	0.3769	1
L	0.0000	0	0.0442	0
L	0.0000	0	0.1878	1
K	0.0001	0	0.7914	1
Y	0.0000	0	0.0566	0
F	0.0000	0	0.0042	0
N	0.0001	0	0.3488	1
K	0.0002	0	0.5280	1
R	0.0006	0	0.6701	1
K	0.0003	0	0.3910	1
T	0.0007	0	0.7120	1
Y	0.0004	0	0.4471	1
F	0.0000	0	0.0851	0
A	0.0000	0	0.0038	0
H	0.0000	0	0.1645	1
D	0.0000	0	0.0042	0
A	0.0000	0	0.0067	0
L	0.0000	0	0.0055	0
Q	0.0000	0	0.0120	0
Q	0.0000	0	0.0356	0
C	0.0000	0	0.0430	0
T	0.0000	0	0.1711	1
V	0.0000	0	0.1939	1
G	0.0000	0	0.0450	0
D	0.0001	0	0.3712	1
I	0.0000	0	0.1839	1
V	0.0000	0	0.0089	0
L	0.0000	0	0.0037	0
L	0.0000	0	0.0015	0
K	0.0000	0	0.0105	0
A	0.0000	0	0.0128	0
L	0.0000	0	0.1314	0
P	0.0000	0	0.1424	0
V	0.0001	0	0.4987	1
P	0.0011	0	0.9201	1
R	0.0027	0	0.8710	1
T	0.0015	0	0.7021	1
K	0.0060	0	0.7716	1
H	0.0028	0	0.4645	1
V	0.0017	0	0.2913	1
K	0.0134	0	0.7286	1
H	0.0021	0	0.3790	1
E	0.0002	0	0.0800	0
L	0.0001	0	0.0431	0
A	0.0000	0	0.0570	0
E	0.0001	0	0.0822	0
I	0.0000	0	0.0012	0
V	0.0000	0	0.0010	0
F	0.0000	0	0.0021	0
K	0.0000	0	0.0136	0
V	0.0000	0	0.0009	0
G	0.0000	0	0.0006	0
Q	0.0000	0	0.0016	0
V	0.0000	0	0.0002	0
V	0.0000	0	0.0007	0
D	0.0000	0	0.0005	0
P	0.0000	0	0.0003	0
V	0.0000	0	0.0007	0
T	0.0000	0	0.0024	0
G	0.0000	0	0.0102	0
K	0.0002	0	0.1051	0
R	0.0003	0	0.1447	0
C	0.0000	0	0.0028	0
A	0.0000	0	0.0479	0
G	0.0000	0	0.0309	0
T	0.0000	0	0.0031	0
T	0.0000	0	0.0018	0
Y	0.0000	0	0.0011	0
L	0.0000	0	0.0009	0
E	0.0000	0	0.0024	0
S	0.0000	0	0.0012	0
P	0.0000	0	0.0005	0
V	0.0000	0	0.0003	0
D	0.0000	0	0.0003	0
L	0.0000	0	0.0002	0
E	0.0000	0	0.0004	0
T	0.0000	0	0.0004	0
T	0.0000	0	0.0003	0
P	0.0000	0	0.0002	0
L	0.0000	0	0.0002	0
A	0.0000	0	0.0032	0
K	0.0000	0	0.0015	0
N	0.0000	0	0.0022	0
L	0.0000	0	0.0010	0
E	0.0000	0	0.0031	0
E	0.0000	0	0.0022	0
L	0.0000	0	0.0013	0
S	0.0000	0	0.0387	0
L	0.0000	0	0.0050	0
S	0.0001	0	0.1402	0
T	0.0002	0	0.3603	1
T	0.0002	0	0.3771	1
Q	0.0002	0	0.4396	1
</pre></body></html>