<html><head></head><body><pre style="word-wrap: break-word; white-space: pre-wrap;">&gt;Q03243
Amino Acid	probability_DNA	binary_DNA	probability_RNA	binary_RNA
M	0.0812	0	0.0038	0
A	0.0080	0	0.0002	0
E	0.0019	0	0.0000	0
L	0.0007	0	0.0000	0
A	0.0003	0	0.0000	0
C	0.0002	0	0.0000	0
F	0.0001	0	0.0000	0
C	0.0001	0	0.0000	0
Y	0.0004	0	0.0000	0
P	0.0005	0	0.0000	0
H	0.0011	0	0.0000	0
L	0.0005	0	0.0000	0
E	0.0011	0	0.0000	0
N	0.0019	0	0.0001	0
D	0.0043	0	0.0002	0
S	0.0038	0	0.0002	0
Y	0.0021	0	0.0001	0
K	0.0765	0	0.0071	0
F	0.0088	0	0.0003	0
I	0.0167	0	0.0006	0
P	0.0518	0	0.0014	0
F	0.0107	0	0.0001	0
N	0.5031	1	0.0033	0
N	0.4940	1	0.0028	0
L	0.4701	1	0.0011	0
A	0.0211	0	0.0000	0
I	0.0259	0	0.0001	0
K	0.4271	1	0.0151	0
A	0.0127	0	0.0001	0
M	0.0051	0	0.0000	0
L	0.0030	0	0.0000	0
T	0.0151	0	0.0001	0
A	0.0259	0	0.0000	0
K	0.0722	0	0.0001	0
V	0.0025	0	0.0000	0
D	0.0106	0	0.0000	0
K	0.1238	0	0.0000	0
K	0.0248	0	0.0000	0
D	0.0135	0	0.0000	0
M	0.0188	0	0.0000	0
D	0.0093	0	0.0000	0
K	0.0319	0	0.0000	0
F	0.0019	0	0.0000	0
Y	0.0065	0	0.0001	0
D	0.0094	0	0.0001	0
S	0.0113	0	0.0001	0
I	0.0139	0	0.0003	0
I	0.0180	0	0.0005	0
Y	0.0464	0	0.0022	0
G	0.0149	0	0.0004	0
I	0.0035	0	0.0001	0
A	0.0007	0	0.0000	0
P	0.0004	0	0.0000	0
P	0.0011	0	0.0000	0
P	0.0005	0	0.0000	0
Q	0.0020	0	0.0000	0
F	0.0043	0	0.0000	0
K	0.0345	0	0.0003	0
K	0.0076	0	0.0000	0
R	0.0261	0	0.0001	0
Y	0.0016	0	0.0000	0
N	0.0061	0	0.0000	0
T	0.0195	0	0.0000	0
N	0.1301	0	0.0002	0
D	0.1599	0	0.0002	0
N	0.1667	0	0.0001	0
S	0.5833	1	0.0003	0
R	0.7681	1	0.0002	0
G	0.3826	1	0.0001	0
M	0.1836	0	0.0001	0
N	0.1949	0	0.0001	0
F	0.0177	0	0.0000	0
E	0.0139	0	0.0000	0
T	0.0068	0	0.0000	0
I	0.0002	0	0.0000	0
M	0.0001	0	0.0000	0
F	0.0005	0	0.0000	0
T	0.0008	0	0.0000	0
K	0.0007	0	0.0000	0
V	0.0001	0	0.0000	0
A	0.0000	0	0.0000	0
M	0.0001	0	0.0000	0
L	0.0000	0	0.0000	0
I	0.0000	0	0.0000	0
C	0.0000	0	0.0000	0
E	0.0000	0	0.0000	0
A	0.0000	0	0.0000	0
L	0.0001	0	0.0000	0
N	0.0007	0	0.0000	0
S	0.0001	0	0.0000	0
L	0.0001	0	0.0000	0
K	0.0021	0	0.0000	0
V	0.0021	0	0.0000	0
T	0.1530	0	0.0000	0
Q	0.2854	0	0.0000	0
A	0.0577	0	0.0000	0
N	0.0420	0	0.0000	0
V	0.0014	0	0.0000	0
S	0.0013	0	0.0000	0
N	0.0006	0	0.0000	0
V	0.0001	0	0.0000	0
L	0.0002	0	0.0000	0
S	0.0038	0	0.0000	0
R	0.0110	0	0.0000	0
V	0.0009	0	0.0000	0
V	0.0011	0	0.0000	0
S	0.0146	0	0.0000	0
I	0.0024	0	0.0000	0
R	0.0489	0	0.0000	0
H	0.0192	0	0.0000	0
L	0.0004	0	0.0000	0
E	0.0430	0	0.0002	0
N	0.0385	0	0.0003	0
L	0.0006	0	0.0000	0
V	0.0001	0	0.0000	0
I	0.0042	0	0.0000	0
R	0.0436	0	0.0001	0
K	0.0009	0	0.0000	0
E	0.0027	0	0.0000	0
N	0.0018	0	0.0000	0
P	0.0032	0	0.0001	0
Q	0.0010	0	0.0000	0
D	0.0005	0	0.0000	0
I	0.0001	0	0.0000	0
L	0.0001	0	0.0000	0
F	0.0001	0	0.0000	0
H	0.0002	0	0.0000	0
S	0.0003	0	0.0000	0
K	0.0006	0	0.0000	0
D	0.0015	0	0.0001	0
L	0.0001	0	0.0000	0
L	0.0007	0	0.0001	0
L	0.0001	0	0.0000	0
K	0.0045	0	0.0004	0
S	0.0012	0	0.0001	0
T	0.0001	0	0.0000	0
L	0.0001	0	0.0000	0
I	0.0002	0	0.0001	0
A	0.0002	0	0.0000	0
I	0.0001	0	0.0000	0
G	0.0027	0	0.0000	0
Q	0.0257	0	0.0001	0
S	0.0835	0	0.0001	0
K	0.3191	0	0.0001	0
E	0.0635	0	0.0000	0
I	0.0169	0	0.0000	0
E	0.0852	0	0.0000	0
T	0.0965	0	0.0001	0
T	0.1509	0	0.0003	0
I	0.0392	0	0.0001	0
T	0.0738	0	0.0002	0
A	0.0580	0	0.0001	0
E	0.1751	0	0.0008	0
G	0.0034	0	0.0000	0
G	0.0008	0	0.0000	0
E	0.0019	0	0.0000	0
I	0.0007	0	0.0000	0
V	0.0013	0	0.0000	0
F	0.0027	0	0.0000	0
Q	0.0737	0	0.0006	0
N	0.0112	0	0.0000	0
A	0.0085	0	0.0000	0
A	0.0170	0	0.0002	0
F	0.0041	0	0.0000	0
T	0.0281	0	0.0003	0
M	0.0017	0	0.0000	0
W	0.0689	0	0.0001	0
K	0.2902	0	0.0002	0
L	0.0099	0	0.0000	0
T	0.0058	0	0.0000	0
Y	0.0283	0	0.0000	0
L	0.0025	0	0.0000	0
E	0.0039	0	0.0000	0
H	0.0039	0	0.0000	0
Q	0.0011	0	0.0000	0
L	0.0001	0	0.0000	0
M	0.0001	0	0.0000	0
P	0.0000	0	0.0000	0
I	0.0000	0	0.0000	0
L	0.0001	0	0.0000	0
D	0.0001	0	0.0000	0
Q	0.0001	0	0.0000	0
N	0.0002	0	0.0000	0
F	0.0001	0	0.0000	0
I	0.0001	0	0.0000	0
E	0.0001	0	0.0000	0
Y	0.0001	0	0.0000	0
K	0.0007	0	0.0000	0
V	0.0002	0	0.0000	0
T	0.0019	0	0.0000	0
L	0.0004	0	0.0000	0
N	0.0020	0	0.0000	0
E	0.0007	0	0.0000	0
D	0.0005	0	0.0000	0
K	0.0006	0	0.0000	0
P	0.0005	0	0.0000	0
I	0.0015	0	0.0001	0
S	0.0015	0	0.0001	0
D	0.0129	0	0.0013	0
V	0.0380	0	0.0032	0
H	0.0016	0	0.0001	0
V	0.0004	0	0.0000	0
K	0.0042	0	0.0005	0
E	0.0003	0	0.0000	0
L	0.0001	0	0.0000	0
V	0.0002	0	0.0000	0
A	0.0004	0	0.0001	0
E	0.0005	0	0.0000	0
L	0.0001	0	0.0000	0
R	0.0857	0	0.0013	0
W	0.1647	0	0.0008	0
Q	0.0129	0	0.0001	0
Y	0.0108	0	0.0001	0
N	0.3214	0	0.0134	0
K	0.3726	1	0.0219	0
F	0.0076	0	0.0004	0
A	0.0016	0	0.0001	0
V	0.0004	0	0.0001	0
I	0.0003	0	0.0001	0
T	0.0054	0	0.0057	0
H	0.0823	0	0.0359	0
G	0.1196	0	0.2766	1
K	0.2650	0	0.6067	1
G	0.0505	0	0.4276	1
H	0.2021	0	0.4838	1
Y	0.0206	0	0.1237	0
R	0.0708	0	0.4185	1
I	0.0007	0	0.0026	0
V	0.0002	0	0.0015	0
K	0.0007	0	0.0048	0
Y	0.0220	0	0.1257	0
S	0.0465	0	0.1768	1
S	0.0083	0	0.0497	0
V	0.0002	0	0.0025	0
A	0.0004	0	0.0133	0
N	0.0087	0	0.3020	1
H	0.0334	0	0.4466	1
A	0.0009	0	0.0161	0
D	0.0077	0	0.2567	1
R	0.1438	0	0.6082	1
V	0.0119	0	0.0291	0
Y	0.0024	0	0.0090	0
A	0.0102	0	0.0644	0
T	0.0070	0	0.0258	0
F	0.0002	0	0.0003	0
K	0.0044	0	0.0201	0
S	0.0011	0	0.0007	0
N	0.0002	0	0.0001	0
V	0.0005	0	0.0006	0
K	0.0005	0	0.0016	0
T	0.0002	0	0.0003	0
G	0.0002	0	0.0002	0
V	0.0001	0	0.0002	0
N	0.0003	0	0.0004	0
N	0.0006	0	0.0007	0
D	0.0002	0	0.0003	0
F	0.0001	0	0.0000	0
N	0.0001	0	0.0000	0
L	0.0000	0	0.0000	0
L	0.0000	0	0.0000	0
D	0.0001	0	0.0001	0
Q	0.0001	0	0.0000	0
R	0.0000	0	0.0000	0
I	0.0000	0	0.0000	0
I	0.0000	0	0.0000	0
W	0.0003	0	0.0003	0
Q	0.0005	0	0.0008	0
N	0.0001	0	0.0001	0
W	0.0001	0	0.0001	0
Y	0.0001	0	0.0000	0
A	0.0000	0	0.0001	0
F	0.0000	0	0.0000	0
T	0.0004	0	0.0014	0
S	0.0002	0	0.0006	0
S	0.0002	0	0.0010	0
M	0.0001	0	0.0004	0
K	0.0014	0	0.0346	0
Q	0.0011	0	0.0318	0
G	0.0020	0	0.0346	0
N	0.0049	0	0.0142	0
T	0.0165	0	0.0755	0
L	0.0010	0	0.0017	0
D	0.0009	0	0.0009	0
V	0.0001	0	0.0000	0
C	0.0000	0	0.0000	0
K	0.0014	0	0.0003	0
R	0.0089	0	0.0008	0
L	0.0001	0	0.0000	0
L	0.0000	0	0.0000	0
F	0.0096	0	0.0025	0
Q	0.0409	0	0.0018	0
K	0.0401	0	0.0017	0
M	0.0014	0	0.0002	0
K	0.0013	0	0.0001	0
P	0.0023	0	0.0003	0
E	0.0014	0	0.0003	0
K	0.0039	0	0.0010	0
N	0.0064	0	0.0015	0
P	0.0057	0	0.0012	0
F	0.0072	0	0.0010	0
K	0.1329	0	0.0204	0
G	0.0996	0	0.0112	0
L	0.0109	0	0.0008	0
S	0.0483	0	0.0026	0
T	0.0268	0	0.0019	0
D	0.0020	0	0.0001	0
R	0.0065	0	0.0003	0
K	0.0099	0	0.0007	0
M	0.0006	0	0.0001	0
D	0.0001	0	0.0001	0
E	0.0000	0	0.0000	0
V	0.0000	0	0.0001	0
S	0.0000	0	0.0001	0
Q	0.0000	0	0.0001	0
V	0.0000	0	0.0002	0
G	0.0001	0	0.0008	0
V	0.0007	0	0.0086	0
</pre></body></html>