<html><head></head><body><pre style="word-wrap: break-word; white-space: pre-wrap;">&gt;Q46897
Amino Acid	probability_DNA	binary_DNA	probability_RNA	binary_RNA
M	0.1838	0	0.0027	0
Y	0.1619	0	0.0009	0
L	0.0007	0	0.0000	0
S	0.0058	0	0.0001	0
K	0.1096	0	0.0021	0
V	0.0054	0	0.0000	0
I	0.0043	0	0.0001	0
I	0.0010	0	0.0000	0
A	0.0236	0	0.0007	0
R	0.0389	0	0.0012	0
A	0.0324	0	0.0012	0
W	0.0191	0	0.0013	0
S	0.0023	0	0.0002	0
R	0.0912	0	0.0343	0
D	0.0900	0	0.0522	0
L	0.0119	0	0.0033	0
Y	0.2679	0	0.1417	0
Q	0.1808	0	0.1206	0
L	0.0392	0	0.0084	0
H	0.2346	0	0.0493	0
Q	0.0623	0	0.0033	0
G	0.0003	0	0.0000	0
L	0.0002	0	0.0000	0
W	0.0030	0	0.0001	0
H	0.0003	0	0.0000	0
L	0.0001	0	0.0000	0
F	0.0001	0	0.0000	0
P	0.0001	0	0.0000	0
N	0.0001	0	0.0000	0
R	0.0001	0	0.0000	0
P	0.0001	0	0.0000	0
D	0.0001	0	0.0000	0
A	0.0001	0	0.0000	0
A	0.0001	0	0.0000	0
R	0.0002	0	0.0000	0
D	0.0011	0	0.0000	0
F	0.0001	0	0.0000	0
L	0.0001	0	0.0000	0
F	0.0009	0	0.0000	0
H	0.0006	0	0.0000	0
V	0.0002	0	0.0000	0
E	0.0003	0	0.0000	0
K	0.0004	0	0.0000	0
R	0.0011	0	0.0001	0
N	0.0007	0	0.0000	0
T	0.0006	0	0.0000	0
P	0.0050	0	0.0002	0
E	0.0025	0	0.0001	0
G	0.0008	0	0.0000	0
C	0.0001	0	0.0000	0
H	0.0004	0	0.0000	0
V	0.0001	0	0.0000	0
L	0.0001	0	0.0000	0
L	0.0001	0	0.0000	0
Q	0.0003	0	0.0000	0
S	0.0006	0	0.0000	0
A	0.0007	0	0.0000	0
Q	0.0018	0	0.0000	0
M	0.0012	0	0.0000	0
P	0.0009	0	0.0000	0
V	0.0017	0	0.0000	0
S	0.0020	0	0.0000	0
T	0.0015	0	0.0000	0
A	0.0004	0	0.0000	0
V	0.0002	0	0.0000	0
A	0.0001	0	0.0000	0
T	0.0001	0	0.0000	0
V	0.0001	0	0.0000	0
I	0.0003	0	0.0000	0
K	0.0005	0	0.0000	0
T	0.0004	0	0.0000	0
K	0.0018	0	0.0000	0
Q	0.0007	0	0.0000	0
V	0.0011	0	0.0000	0
E	0.0005	0	0.0000	0
F	0.0002	0	0.0000	0
Q	0.0004	0	0.0000	0
L	0.0001	0	0.0000	0
Q	0.0004	0	0.0000	0
V	0.0006	0	0.0000	0
G	0.0007	0	0.0000	0
V	0.0012	0	0.0000	0
P	0.0050	0	0.0001	0
L	0.0006	0	0.0000	0
Y	0.0030	0	0.0002	0
F	0.0008	0	0.0000	0
R	0.0361	0	0.0015	0
L	0.0010	0	0.0000	0
R	0.2035	0	0.0387	0
A	0.0128	0	0.0010	0
N	0.1234	0	0.0087	0
P	0.0088	0	0.0003	0
I	0.0439	0	0.0011	0
K	0.3997	1	0.0347	0
T	0.5728	1	0.0435	0
I	0.0916	0	0.0017	0
L	0.4196	1	0.0186	0
D	0.4388	1	0.0630	0
N	0.4085	1	0.0332	0
Q	0.4556	1	0.0489	0
K	0.3434	0	0.0143	0
R	0.3770	1	0.0088	0
L	0.3782	1	0.0083	0
D	0.1036	0	0.0011	0
S	0.1504	0	0.0010	0
K	0.1695	0	0.0017	0
G	0.0394	0	0.0001	0
N	0.0286	0	0.0001	0
I	0.1303	0	0.0009	0
K	0.1952	0	0.0012	0
R	0.3162	0	0.0061	0
C	0.1625	0	0.0020	0
R	0.4500	1	0.0076	0
V	0.0153	0	0.0001	0
P	0.0101	0	0.0001	0
L	0.0008	0	0.0000	0
I	0.0004	0	0.0000	0
K	0.0024	0	0.0000	0
E	0.0005	0	0.0000	0
A	0.0002	0	0.0000	0
E	0.0002	0	0.0000	0
Q	0.0003	0	0.0000	0
I	0.0002	0	0.0000	0
A	0.0002	0	0.0000	0
W	0.0017	0	0.0001	0
L	0.0003	0	0.0000	0
Q	0.0009	0	0.0000	0
R	0.0251	0	0.0000	0
K	0.0517	0	0.0001	0
L	0.0016	0	0.0000	0
G	0.0119	0	0.0000	0
N	0.0327	0	0.0001	0
A	0.0229	0	0.0001	0
A	0.0358	0	0.0004	0
R	0.0423	0	0.0004	0
V	0.0128	0	0.0001	0
E	0.0073	0	0.0001	0
D	0.0638	0	0.0009	0
V	0.0115	0	0.0001	0
H	0.1102	0	0.0023	0
P	0.0083	0	0.0001	0
I	0.0138	0	0.0001	0
S	0.1067	0	0.0011	0
E	0.1986	0	0.0022	0
R	0.2817	0	0.0020	0
P	0.2250	0	0.0006	0
Q	0.2423	0	0.0007	0
Y	0.2374	0	0.0007	0
F	0.3895	1	0.0072	0
S	0.4044	1	0.0038	0
G	0.5231	1	0.0007	0
D	0.1018	0	0.0000	0
G	0.1487	0	0.0000	0
K	0.3964	1	0.0001	0
S	0.5446	1	0.0001	0
G	0.0323	0	0.0000	0
K	0.1916	0	0.0001	0
I	0.0016	0	0.0000	0
Q	0.0079	0	0.0000	0
T	0.0037	0	0.0000	0
V	0.0003	0	0.0000	0
C	0.0025	0	0.0000	0
F	0.0002	0	0.0000	0
E	0.0004	0	0.0000	0
G	0.0001	0	0.0000	0
V	0.0002	0	0.0000	0
L	0.0001	0	0.0000	0
T	0.0017	0	0.0001	0
I	0.0004	0	0.0000	0
N	0.0039	0	0.0002	0
D	0.0113	0	0.0009	0
A	0.0024	0	0.0001	0
P	0.0010	0	0.0001	0
A	0.0005	0	0.0000	0
L	0.0008	0	0.0001	0
I	0.0023	0	0.0002	0
D	0.1157	0	0.0195	0
L	0.0140	0	0.0009	0
V	0.0008	0	0.0000	0
Q	0.0076	0	0.0010	0
Q	0.1529	0	0.0281	0
G	0.0380	0	0.0031	0
I	0.0493	0	0.0041	0
G	0.4020	1	0.0183	0
P	0.7747	1	0.0620	0
A	0.7408	1	0.0355	0
K	0.8179	1	0.0185	0
S	0.8036	1	0.0046	0
M	0.6442	1	0.0130	0
G	0.1851	0	0.0018	0
C	0.0137	0	0.0001	0
G	0.0055	0	0.0000	0
L	0.0045	0	0.0000	0
L	0.0012	0	0.0000	0
S	0.0122	0	0.0000	0
L	0.0025	0	0.0000	0
A	0.0569	0	0.0000	0
P	0.0319	0	0.0000	0
L	0.0349	0	0.0000	0
</pre></body></html>