<html><head></head><body><pre style="word-wrap: break-word; white-space: pre-wrap;">&gt;Q5SLQ1
Amino Acid	probability_DNA	binary_DNA	probability_RNA	binary_RNA
M	0.0024	0	0.0024	0
K	0.0089	0	0.0061	0
V	0.0001	0	0.0001	0
I	0.0001	0	0.0001	0
L	0.0002	0	0.0002	0
L	0.0013	0	0.0039	0
E	0.0133	0	0.0635	0
P	0.0350	0	0.1074	0
L	0.1450	0	0.3485	1
E	0.1278	0	0.3289	1
N	0.1685	0	0.3952	1
L	0.0075	0	0.0226	0
G	0.0092	0	0.0265	0
D	0.0351	0	0.1047	0
V	0.0600	0	0.0937	0
G	0.0311	0	0.0743	0
Q	0.0021	0	0.0040	0
V	0.0020	0	0.0021	0
V	0.0010	0	0.0011	0
D	0.0079	0	0.0169	0
V	0.0077	0	0.0100	0
K	0.5442	1	0.4032	1
P	0.3546	1	0.4350	1
G	0.6336	1	0.7013	1
Y	0.7610	1	0.7184	1
A	0.0505	0	0.0506	0
R	0.6873	1	0.5149	1
N	0.8110	1	0.3358	1
Y	0.7914	1	0.3712	1
L	0.0153	0	0.0030	0
L	0.0637	0	0.0084	0
P	0.0492	0	0.0033	0
R	0.2271	0	0.0142	0
G	0.0833	0	0.0055	0
L	0.0157	0	0.0006	0
A	0.0037	0	0.0001	0
V	0.0828	0	0.0084	0
L	0.0247	0	0.0013	0
A	0.0140	0	0.0007	0
T	0.3386	0	0.0270	0
E	0.1004	0	0.0016	0
S	0.0195	0	0.0001	0
N	0.0075	0	0.0000	0
L	0.0141	0	0.0001	0
K	0.0371	0	0.0003	0
A	0.0019	0	0.0000	0
L	0.0020	0	0.0000	0
E	0.0022	0	0.0000	0
A	0.0007	0	0.0000	0
R	0.0026	0	0.0000	0
I	0.0162	0	0.0001	0
R	0.0023	0	0.0000	0
A	0.0014	0	0.0000	0
Q	0.0007	0	0.0000	0
A	0.0005	0	0.0000	0
K	0.0010	0	0.0000	0
R	0.0017	0	0.0000	0
L	0.0010	0	0.0000	0
A	0.0007	0	0.0000	0
E	0.0005	0	0.0000	0
R	0.0008	0	0.0000	0
K	0.0119	0	0.0001	0
A	0.0004	0	0.0000	0
E	0.0002	0	0.0000	0
A	0.0004	0	0.0000	0
E	0.0006	0	0.0000	0
R	0.0006	0	0.0000	0
L	0.0018	0	0.0000	0
K	0.0054	0	0.0000	0
E	0.0002	0	0.0000	0
I	0.0003	0	0.0000	0
L	0.0001	0	0.0000	0
E	0.0002	0	0.0000	0
N	0.0002	0	0.0000	0
L	0.0001	0	0.0000	0
T	0.0005	0	0.0000	0
L	0.0002	0	0.0000	0
T	0.0041	0	0.0000	0
I	0.0029	0	0.0000	0
P	0.0124	0	0.0002	0
V	0.0028	0	0.0000	0
R	0.1686	0	0.0030	0
A	0.0221	0	0.0001	0
G	0.2377	0	0.0031	0
E	0.1168	0	0.0016	0
T	0.2160	0	0.0046	0
K	0.4775	1	0.0035	0
I	0.0157	0	0.0001	0
Y	0.7377	1	0.0142	0
G	0.3811	1	0.0101	0
S	0.3960	1	0.0076	0
V	0.0270	0	0.0002	0
T	0.0322	0	0.0004	0
A	0.0009	0	0.0000	0
K	0.0018	0	0.0001	0
D	0.0001	0	0.0000	0
I	0.0000	0	0.0000	0
A	0.0000	0	0.0000	0
E	0.0001	0	0.0000	0
A	0.0000	0	0.0000	0
L	0.0000	0	0.0000	0
S	0.0002	0	0.0000	0
R	0.0002	0	0.0000	0
Q	0.0006	0	0.0000	0
H	0.0002	0	0.0000	0
G	0.0002	0	0.0000	0
V	0.0001	0	0.0000	0
T	0.0002	0	0.0000	0
I	0.0001	0	0.0000	0
D	0.0002	0	0.0000	0
P	0.0003	0	0.0000	0
K	0.0034	0	0.0000	0
R	0.0003	0	0.0000	0
L	0.0001	0	0.0000	0
A	0.0001	0	0.0000	0
L	0.0002	0	0.0000	0
E	0.0002	0	0.0000	0
K	0.0003	0	0.0000	0
P	0.0003	0	0.0000	0
I	0.0008	0	0.0001	0
K	0.1500	0	0.0198	0
E	0.0773	0	0.0056	0
L	0.0228	0	0.0032	0
G	0.0305	0	0.0026	0
E	0.1411	0	0.0198	0
Y	0.4834	1	0.1299	0
V	0.0764	0	0.0194	0
L	0.0005	0	0.0000	0
T	0.0072	0	0.0006	0
Y	0.0013	0	0.0000	0
K	0.1370	0	0.0098	0
P	0.0864	0	0.0021	0
H	0.0798	0	0.0044	0
P	0.0026	0	0.0001	0
E	0.0019	0	0.0001	0
V	0.0002	0	0.0000	0
P	0.0004	0	0.0000	0
I	0.0001	0	0.0000	0
Q	0.0068	0	0.0009	0
L	0.0002	0	0.0000	0
K	0.0026	0	0.0002	0
V	0.0001	0	0.0000	0
S	0.0001	0	0.0000	0
V	0.0003	0	0.0000	0
V	0.0002	0	0.0000	0
A	0.0002	0	0.0000	0
Q	0.0007	0	0.0000	0
E	0.0041	0	0.0001	0
</pre></body></html>