<html><head></head><body><pre style="word-wrap: break-word; white-space: pre-wrap;">&gt;Q9X0C0
Amino Acid	probability_DNA	binary_DNA	probability_RNA	binary_RNA
M	0.5442	1	0.0856	0
L	0.0480	0	0.0180	0
S	0.1599	0	0.0480	0
K	0.6691	1	0.1380	0
R	0.3777	1	0.0107	0
D	0.0009	0	0.0000	0
A	0.0011	0	0.0000	0
I	0.0001	0	0.0000	0
L	0.0001	0	0.0000	0
K	0.0002	0	0.0000	0
A	0.0001	0	0.0000	0
A	0.0000	0	0.0000	0
V	0.0000	0	0.0000	0
E	0.0001	0	0.0000	0
V	0.0000	0	0.0000	0
F	0.0000	0	0.0000	0
G	0.0001	0	0.0000	0
K	0.0005	0	0.0000	0
K	0.0003	0	0.0000	0
G	0.0001	0	0.0000	0
Y	0.0005	0	0.0000	0
D	0.0031	0	0.0000	0
R	0.0409	0	0.0003	0
A	0.0040	0	0.0000	0
T	0.1638	0	0.0003	0
T	0.3217	0	0.0002	0
D	0.0049	0	0.0000	0
E	0.0012	0	0.0000	0
I	0.0001	0	0.0000	0
A	0.0001	0	0.0000	0
E	0.0002	0	0.0000	0
K	0.0002	0	0.0000	0
A	0.0001	0	0.0000	0
G	0.0003	0	0.0000	0
V	0.0011	0	0.0000	0
A	0.0867	0	0.0001	0
K	0.2485	0	0.0000	0
G	0.5019	1	0.0000	0
L	0.5971	1	0.0000	0
I	0.0414	0	0.0000	0
F	0.3779	1	0.0000	0
H	0.4899	1	0.0000	0
Y	0.6824	1	0.0000	0
F	0.0124	0	0.0000	0
K	0.3499	0	0.0000	0
N	0.4289	1	0.0000	0
K	0.3169	0	0.0000	0
E	0.0014	0	0.0000	0
E	0.0001	0	0.0000	0
L	0.0000	0	0.0000	0
Y	0.0000	0	0.0000	0
Y	0.0000	0	0.0000	0
Q	0.0000	0	0.0000	0
A	0.0000	0	0.0000	0
Y	0.0000	0	0.0000	0
M	0.0000	0	0.0000	0
S	0.0000	0	0.0000	0
V	0.0000	0	0.0000	0
T	0.0000	0	0.0000	0
E	0.0000	0	0.0000	0
K	0.0000	0	0.0000	0
L	0.0000	0	0.0000	0
Q	0.0000	0	0.0000	0
K	0.0001	0	0.0000	0
E	0.0000	0	0.0000	0
F	0.0000	0	0.0000	0
E	0.0000	0	0.0000	0
N	0.0000	0	0.0000	0
F	0.0000	0	0.0000	0
L	0.0000	0	0.0000	0
M	0.0000	0	0.0000	0
K	0.0000	0	0.0000	0
N	0.0000	0	0.0000	0
R	0.0000	0	0.0000	0
N	0.0000	0	0.0000	0
R	0.0001	0	0.0000	0
D	0.0002	0	0.0000	0
I	0.0000	0	0.0000	0
F	0.0001	0	0.0000	0
D	0.0000	0	0.0000	0
F	0.0000	0	0.0000	0
M	0.0000	0	0.0000	0
E	0.0000	0	0.0000	0
R	0.0000	0	0.0000	0
W	0.0000	0	0.0000	0
I	0.0000	0	0.0000	0
E	0.0001	0	0.0000	0
K	0.0000	0	0.0000	0
K	0.0000	0	0.0000	0
L	0.0000	0	0.0000	0
E	0.0000	0	0.0000	0
Y	0.0000	0	0.0000	0
S	0.0000	0	0.0000	0
A	0.0000	0	0.0000	0
S	0.0000	0	0.0000	0
H	0.0001	0	0.0000	0
P	0.0001	0	0.0000	0
E	0.0001	0	0.0000	0
E	0.0000	0	0.0000	0
A	0.0000	0	0.0000	0
D	0.0001	0	0.0000	0
F	0.0000	0	0.0000	0
L	0.0000	0	0.0000	0
I	0.0001	0	0.0000	0
T	0.0001	0	0.0000	0
L	0.0001	0	0.0000	0
V	0.0001	0	0.0000	0
S	0.0017	0	0.0000	0
V	0.0017	0	0.0000	0
D	0.0024	0	0.0000	0
E	0.0077	0	0.0001	0
G	0.0049	0	0.0000	0
L	0.0012	0	0.0000	0
R	0.0585	0	0.0010	0
K	0.0040	0	0.0000	0
R	0.0023	0	0.0000	0
I	0.0002	0	0.0000	0
L	0.0078	0	0.0001	0
L	0.0138	0	0.0001	0
D	0.0005	0	0.0000	0
L	0.0007	0	0.0000	0
E	0.0038	0	0.0000	0
K	0.0225	0	0.0001	0
S	0.0011	0	0.0000	0
Q	0.0007	0	0.0000	0
R	0.0073	0	0.0000	0
V	0.0005	0	0.0000	0
F	0.0001	0	0.0000	0
F	0.0001	0	0.0000	0
D	0.0004	0	0.0000	0
F	0.0000	0	0.0000	0
V	0.0000	0	0.0000	0
R	0.0009	0	0.0000	0
E	0.0005	0	0.0000	0
K	0.0002	0	0.0000	0
L	0.0002	0	0.0000	0
K	0.0017	0	0.0000	0
D	0.0005	0	0.0000	0
L	0.0002	0	0.0000	0
D	0.0004	0	0.0000	0
L	0.0001	0	0.0000	0
A	0.0020	0	0.0000	0
E	0.0046	0	0.0000	0
D	0.0081	0	0.0000	0
V	0.0027	0	0.0000	0
T	0.0017	0	0.0000	0
E	0.0014	0	0.0000	0
E	0.0030	0	0.0001	0
I	0.0003	0	0.0000	0
A	0.0001	0	0.0000	0
L	0.0001	0	0.0000	0
K	0.0001	0	0.0000	0
F	0.0000	0	0.0000	0
L	0.0000	0	0.0000	0
M	0.0001	0	0.0000	0
W	0.0001	0	0.0000	0
F	0.0001	0	0.0000	0
F	0.0000	0	0.0000	0
S	0.0008	0	0.0000	0
G	0.0014	0	0.0000	0
F	0.0000	0	0.0000	0
E	0.0002	0	0.0000	0
E	0.0002	0	0.0000	0
V	0.0001	0	0.0000	0
Y	0.0002	0	0.0000	0
L	0.0002	0	0.0000	0
R	0.0025	0	0.0000	0
T	0.0025	0	0.0000	0
Y	0.0034	0	0.0000	0
Q	0.0173	0	0.0000	0
G	0.0081	0	0.0000	0
K	0.0075	0	0.0000	0
P	0.0020	0	0.0000	0
E	0.0013	0	0.0000	0
L	0.0004	0	0.0000	0
L	0.0001	0	0.0000	0
K	0.0001	0	0.0000	0
R	0.0002	0	0.0000	0
D	0.0000	0	0.0000	0
M	0.0000	0	0.0000	0
N	0.0002	0	0.0000	0
T	0.0001	0	0.0000	0
L	0.0000	0	0.0000	0
V	0.0000	0	0.0000	0
E	0.0000	0	0.0000	0
E	0.0000	0	0.0000	0
V	0.0000	0	0.0000	0
K	0.0000	0	0.0000	0
V	0.0000	0	0.0000	0
M	0.0000	0	0.0000	0
L	0.0000	0	0.0000	0
R	0.0001	0	0.0000	0
I	0.0000	0	0.0000	0
L	0.0000	0	0.0000	0
K	0.0001	0	0.0000	0
K	0.0001	0	0.0000	0
G	0.0000	0	0.0000	0
M	0.0001	0	0.0000	0
T	0.0051	0	0.0001	0
K	0.1267	0	0.0022	0
</pre></body></html>