<html><head></head><body><pre style="word-wrap: break-word; white-space: pre-wrap;">&gt;P04873
Amino Acid	probability_DNA	binary_DNA	probability_RNA	binary_RNA
M	0.1255	0	0.0000	0
S	0.0134	0	0.0000	0
D	0.0071	0	0.0000	0
L	0.0004	0	0.0000	0
V	0.0002	0	0.0000	0
F	0.0003	0	0.0000	0
Y	0.0014	0	0.0000	0
D	0.0018	0	0.0000	0
V	0.0048	0	0.0000	0
A	0.0184	0	0.0000	0
S	0.0852	0	0.0000	0
T	0.4271	1	0.0000	0
G	0.2003	0	0.0000	0
A	0.1548	0	0.0000	0
N	0.2433	0	0.0000	0
G	0.1944	0	0.0000	0
F	0.0182	0	0.0000	0
D	0.0086	0	0.0000	0
P	0.0034	0	0.0000	0
D	0.0048	0	0.0000	0
A	0.0010	0	0.0000	0
G	0.0003	0	0.0000	0
Y	0.0008	0	0.0000	0
M	0.0009	0	0.0000	0
D	0.0025	0	0.0000	0
F	0.0002	0	0.0000	0
C	0.0005	0	0.0000	0
V	0.0032	0	0.0000	0
K	0.0389	0	0.0000	0
N	0.0027	0	0.0000	0
A	0.0383	0	0.0000	0
E	0.0055	0	0.0000	0
S	0.0090	0	0.0000	0
L	0.0013	0	0.0000	0
N	0.0398	0	0.0000	0
L	0.0034	0	0.0000	0
A	0.0106	0	0.0000	0
A	0.0232	0	0.0000	0
V	0.0014	0	0.0000	0
R	0.3018	0	0.0000	0
I	0.0044	0	0.0000	0
F	0.0112	0	0.0000	0
F	0.0395	0	0.0000	0
L	0.0105	0	0.0000	0
N	0.3503	1	0.0000	0
A	0.0567	0	0.0000	0
A	0.6585	1	0.0000	0
K	0.5600	1	0.0000	0
A	0.1022	0	0.0000	0
K	0.6503	1	0.0000	0
A	0.2399	0	0.0000	0
A	0.7099	1	0.0000	0
L	0.0766	0	0.0000	0
S	0.7268	1	0.0000	0
R	0.6410	1	0.0000	0
K	0.3575	1	0.0000	0
P	0.2145	0	0.0000	0
E	0.1602	0	0.0000	0
R	0.2044	0	0.0000	0
K	0.4009	1	0.0000	0
A	0.0389	0	0.0000	0
N	0.4899	1	0.0000	0
P	0.0104	0	0.0000	0
K	0.3543	1	0.0000	0
F	0.1894	0	0.0000	0
G	0.0060	0	0.0000	0
E	0.0329	0	0.0000	0
W	0.0055	0	0.0000	0
Q	0.1367	0	0.0000	0
V	0.0056	0	0.0000	0
E	0.0029	0	0.0000	0
V	0.0008	0	0.0000	0
I	0.0009	0	0.0000	0
N	0.0157	0	0.0000	0
N	0.0637	0	0.0000	0
H	0.3896	1	0.0000	0
F	0.6763	1	0.0000	0
P	0.0698	0	0.0000	0
G	0.1707	0	0.0000	0
N	0.0678	0	0.0000	0
R	0.0694	0	0.0000	0
N	0.0090	0	0.0000	0
N	0.0025	0	0.0000	0
P	0.0040	0	0.0000	0
I	0.0008	0	0.0000	0
G	0.0013	0	0.0000	0
N	0.0060	0	0.0000	0
N	0.0024	0	0.0000	0
D	0.0037	0	0.0000	0
L	0.0021	0	0.0000	0
T	0.0928	0	0.0000	0
I	0.0100	0	0.0000	0
H	0.4096	1	0.0000	0
R	0.5158	1	0.0000	0
L	0.0048	0	0.0000	0
S	0.1167	0	0.0000	0
G	0.0820	0	0.0000	0
Y	0.0503	0	0.0000	0
L	0.0012	0	0.0000	0
A	0.0005	0	0.0000	0
R	0.0061	0	0.0000	0
W	0.0006	0	0.0000	0
V	0.0001	0	0.0000	0
L	0.0003	0	0.0000	0
D	0.0005	0	0.0000	0
Q	0.0002	0	0.0000	0
Y	0.0002	0	0.0000	0
N	0.0003	0	0.0000	0
E	0.0003	0	0.0000	0
N	0.0002	0	0.0000	0
D	0.0002	0	0.0000	0
D	0.0003	0	0.0000	0
E	0.0004	0	0.0000	0
S	0.0003	0	0.0000	0
Q	0.0003	0	0.0000	0
H	0.0004	0	0.0000	0
E	0.0002	0	0.0000	0
L	0.0001	0	0.0000	0
I	0.0001	0	0.0000	0
R	0.0009	0	0.0000	0
T	0.0007	0	0.0000	0
T	0.0005	0	0.0000	0
I	0.0003	0	0.0000	0
I	0.0045	0	0.0000	0
N	0.0418	0	0.0000	0
P	0.0137	0	0.0000	0
I	0.0110	0	0.0000	0
A	0.0049	0	0.0000	0
E	0.0033	0	0.0000	0
S	0.0146	0	0.0000	0
N	0.0024	0	0.0000	0
G	0.0012	0	0.0000	0
V	0.0004	0	0.0000	0
G	0.0032	0	0.0000	0
W	0.0102	0	0.0000	0
D	0.0089	0	0.0000	0
S	0.0107	0	0.0000	0
G	0.0015	0	0.0000	0
P	0.0008	0	0.0000	0
E	0.0021	0	0.0000	0
I	0.0006	0	0.0000	0
Y	0.1089	0	0.0000	0
L	0.0006	0	0.0000	0
S	0.0027	0	0.0000	0
F	0.0009	0	0.0000	0
F	0.0019	0	0.0000	0
P	0.0009	0	0.0000	0
G	0.0026	0	0.0000	0
T	0.0006	0	0.0000	0
E	0.0005	0	0.0000	0
M	0.0005	0	0.0000	0
F	0.0002	0	0.0000	0
L	0.0002	0	0.0000	0
E	0.0003	0	0.0000	0
T	0.0006	0	0.0000	0
F	0.0002	0	0.0000	0
K	0.0010	0	0.0000	0
F	0.0006	0	0.0000	0
Y	0.0153	0	0.0000	0
P	0.0012	0	0.0000	0
L	0.0006	0	0.0000	0
T	0.0002	0	0.0000	0
I	0.0003	0	0.0000	0
G	0.0009	0	0.0000	0
I	0.0007	0	0.0000	0
H	0.0317	0	0.0000	0
R	0.3764	1	0.0000	0
V	0.0039	0	0.0000	0
K	0.0056	0	0.0000	0
Q	0.0591	0	0.0000	0
G	0.0035	0	0.0000	0
M	0.0009	0	0.0000	0
M	0.0010	0	0.0000	0
D	0.0023	0	0.0000	0
P	0.0011	0	0.0000	0
Q	0.0056	0	0.0000	0
Y	0.0128	0	0.0000	0
L	0.0007	0	0.0000	0
K	0.0141	0	0.0000	0
K	0.1771	0	0.0000	0
A	0.0073	0	0.0000	0
L	0.0050	0	0.0000	0
R	0.6491	1	0.0000	0
Q	0.0575	0	0.0000	0
R	0.6818	1	0.0000	0
Y	0.0366	0	0.0000	0
G	0.0027	0	0.0000	0
T	0.0034	0	0.0000	0
L	0.0004	0	0.0000	0
T	0.0003	0	0.0000	0
A	0.0004	0	0.0000	0
D	0.0008	0	0.0000	0
K	0.0005	0	0.0000	0
W	0.0009	0	0.0000	0
M	0.0009	0	0.0000	0
S	0.0007	0	0.0000	0
Q	0.0007	0	0.0000	0
K	0.0008	0	0.0000	0
V	0.0003	0	0.0000	0
A	0.0002	0	0.0000	0
A	0.0001	0	0.0000	0
I	0.0001	0	0.0000	0
A	0.0004	0	0.0000	0
K	0.0002	0	0.0000	0
S	0.0001	0	0.0000	0
L	0.0001	0	0.0000	0
K	0.0002	0	0.0000	0
D	0.0001	0	0.0000	0
V	0.0001	0	0.0000	0
E	0.0003	0	0.0000	0
Q	0.0007	0	0.0000	0
L	0.0009	0	0.0000	0
K	0.0166	0	0.0000	0
W	0.5233	1	0.0000	0
G	0.3387	0	0.0000	0
K	0.8278	1	0.0000	0
G	0.8954	1	0.0000	0
G	0.8835	1	0.0000	0
L	0.4879	1	0.0000	0
S	0.5042	1	0.0000	0
D	0.2280	0	0.0000	0
T	0.0124	0	0.0000	0
A	0.0027	0	0.0000	0
K	0.0385	0	0.0000	0
T	0.0029	0	0.0000	0
F	0.0004	0	0.0000	0
L	0.0003	0	0.0000	0
Q	0.0017	0	0.0000	0
K	0.0335	0	0.0000	0
F	0.0018	0	0.0000	0
G	0.0087	0	0.0000	0
I	0.0245	0	0.0000	0
R	0.6082	1	0.0000	0
L	0.1777	0	0.0000	0
P	0.3727	1	0.0000	0
</pre></body></html>