<html><head></head><body><pre style="word-wrap: break-word; white-space: pre-wrap;">&gt;O94468
Amino Acid	probability_DNA	binary_DNA	probability_RNA	binary_RNA
M	0.2368	0	0.0000	0
S	0.0863	0	0.0000	0
K	0.0631	0	0.0000	0
D	0.0073	0	0.0000	0
S	0.0023	0	0.0000	0
D	0.0020	0	0.0000	0
Y	0.0007	0	0.0000	0
K	0.0018	0	0.0000	0
R	0.0009	0	0.0000	0
A	0.0001	0	0.0000	0
E	0.0002	0	0.0000	0
K	0.0006	0	0.0000	0
H	0.0004	0	0.0000	0
L	0.0001	0	0.0000	0
S	0.0004	0	0.0000	0
S	0.0005	0	0.0000	0
I	0.0005	0	0.0000	0
D	0.0004	0	0.0000	0
N	0.0005	0	0.0000	0
K	0.0019	0	0.0000	0
W	0.0002	0	0.0000	0
S	0.0005	0	0.0000	0
S	0.0004	0	0.0000	0
L	0.0001	0	0.0000	0
V	0.0001	0	0.0000	0
K	0.0004	0	0.0000	0
K	0.0007	0	0.0000	0
V	0.0002	0	0.0000	0
G	0.0001	0	0.0000	0
P	0.0002	0	0.0000	0
C	0.0003	0	0.0000	0
T	0.0090	0	0.0000	0
L	0.0025	0	0.0000	0
T	0.0023	0	0.0000	0
P	0.0011	0	0.0000	0
H	0.0048	0	0.0000	0
P	0.0040	0	0.0000	0
E	0.0057	0	0.0000	0
H	0.0035	0	0.0000	0
A	0.0010	0	0.0000	0
P	0.0030	0	0.0000	0
Y	0.0020	0	0.0000	0
E	0.0070	0	0.0000	0
G	0.0002	0	0.0000	0
I	0.0005	0	0.0000	0
I	0.0003	0	0.0000	0
R	0.1738	0	0.0000	0
A	0.0231	0	0.0000	0
I	0.0029	0	0.0000	0
T	0.0166	0	0.0000	0
S	0.7936	1	0.0000	0
Q	0.9768	1	0.0000	0
K	0.9888	1	0.0000	0
L	0.9368	1	0.0000	0
S	0.9531	1	0.0000	0
D	0.9064	1	0.0000	0
A	0.2025	0	0.0000	0
A	0.6330	1	0.0000	0
T	0.0085	0	0.0000	0
N	0.0871	0	0.0000	0
S	0.0434	0	0.0000	0
I	0.0014	0	0.0000	0
I	0.0016	0	0.0000	0
N	0.0039	0	0.0000	0
K	0.0322	0	0.0000	0
F	0.0004	0	0.0000	0
C	0.0006	0	0.0000	0
T	0.0015	0	0.0000	0
Q	0.0014	0	0.0000	0
C	0.0005	0	0.0000	0
S	0.0007	0	0.0000	0
D	0.0030	0	0.0000	0
N	0.0030	0	0.0000	0
D	0.0057	0	0.0000	0
E	0.0007	0	0.0000	0
F	0.0007	0	0.0000	0
P	0.0007	0	0.0000	0
T	0.0052	0	0.0000	0
P	0.0011	0	0.0000	0
K	0.0016	0	0.0000	0
Q	0.0006	0	0.0000	0
I	0.0003	0	0.0000	0
M	0.0022	0	0.0000	0
E	0.0008	0	0.0000	0
T	0.0005	0	0.0000	0
D	0.0013	0	0.0000	0
V	0.0025	0	0.0000	0
E	0.0031	0	0.0000	0
T	0.0007	0	0.0000	0
L	0.0015	0	0.0000	0
H	0.5460	1	0.0000	0
E	0.1122	0	0.0000	0
C	0.0232	0	0.0000	0
G	0.8306	1	0.0000	0
F	0.2396	0	0.0000	0
S	0.8221	1	0.0000	0
K	0.8674	1	0.0000	0
L	0.9071	1	0.0000	0
K	0.7920	1	0.0000	0
S	0.0068	0	0.0000	0
Q	0.0256	0	0.0000	0
E	0.2755	0	0.0000	0
I	0.0006	0	0.0000	0
H	0.0025	0	0.0000	0
I	0.0003	0	0.0000	0
V	0.0001	0	0.0000	0
A	0.0001	0	0.0000	0
E	0.0019	0	0.0000	0
A	0.0002	0	0.0000	0
A	0.0002	0	0.0000	0
L	0.0007	0	0.0000	0
N	0.0002	0	0.0000	0
K	0.0003	0	0.0000	0
Q	0.0003	0	0.0000	0
I	0.0001	0	0.0000	0
P	0.0002	0	0.0000	0
S	0.0006	0	0.0000	0
K	0.0005	0	0.0000	0
S	0.0003	0	0.0000	0
E	0.0005	0	0.0000	0
I	0.0001	0	0.0000	0
E	0.0003	0	0.0000	0
K	0.0002	0	0.0000	0
M	0.0001	0	0.0000	0
S	0.0002	0	0.0000	0
E	0.0003	0	0.0000	0
E	0.0006	0	0.0000	0
E	0.0004	0	0.0000	0
L	0.0001	0	0.0000	0
M	0.0009	0	0.0000	0
E	0.0007	0	0.0000	0
S	0.0002	0	0.0000	0
L	0.0003	0	0.0000	0
S	0.0011	0	0.0000	0
K	0.0082	0	0.0000	0
I	0.4319	1	0.0000	0
K	0.7391	1	0.0000	0
G	0.9893	1	0.0000	0
V	0.9569	1	0.0000	0
K	0.9942	1	0.0000	0
R	0.8144	1	0.0000	0
W	0.9904	1	0.0000	0
T	0.8942	1	0.0000	0
I	0.0038	0	0.0000	0
E	0.0050	0	0.0000	0
M	0.0010	0	0.0000	0
Y	0.0013	0	0.0000	0
S	0.0008	0	0.0000	0
I	0.0015	0	0.0000	0
F	0.0180	0	0.0000	0
T	0.0066	0	0.0000	0
L	0.0063	0	0.0000	0
G	0.0018	0	0.0000	0
R	0.0043	0	0.0000	0
L	0.0014	0	0.0000	0
D	0.0013	0	0.0000	0
I	0.0008	0	0.0000	0
M	0.0049	0	0.0000	0
P	0.0240	0	0.0000	0
A	0.0711	0	0.0000	0
D	0.4735	1	0.0000	0
D	0.7892	1	0.0000	0
S	0.8427	1	0.0000	0
T	0.3375	0	0.0000	0
L	0.0022	0	0.0000	0
K	0.4970	1	0.0000	0
N	0.2073	0	0.0000	0
E	0.0036	0	0.0000	0
A	0.0036	0	0.0000	0
K	0.5552	1	0.0000	0
E	0.1998	0	0.0000	0
F	0.0037	0	0.0000	0
F	0.0078	0	0.0000	0
G	0.0349	0	0.0000	0
L	0.0125	0	0.0000	0
S	0.0097	0	0.0000	0
S	0.0077	0	0.0000	0
K	0.0174	0	0.0000	0
P	0.0034	0	0.0000	0
Q	0.0249	0	0.0000	0
T	0.0137	0	0.0000	0
E	0.0039	0	0.0000	0
E	0.0038	0	0.0000	0
V	0.0005	0	0.0000	0
E	0.0012	0	0.0000	0
K	0.0020	0	0.0000	0
L	0.0014	0	0.0000	0
T	0.0004	0	0.0000	0
K	0.0004	0	0.0000	0
P	0.0045	0	0.0000	0
C	0.0043	0	0.0000	0
K	0.0026	0	0.0000	0
P	0.0354	0	0.0000	0
Y	0.1763	0	0.0000	0
R	0.0889	0	0.0000	0
T	0.0208	0	0.0000	0
I	0.0245	0	0.0000	0
A	0.0018	0	0.0000	0
A	0.0439	0	0.0000	0
W	0.0339	0	0.0000	0
Y	0.0785	0	0.0000	0
L	0.0031	0	0.0000	0
W	0.4104	1	0.0000	0
Q	0.0026	0	0.0000	0
I	0.0004	0	0.0000	0
P	0.0027	0	0.0000	0
K	0.0166	0	0.0000	0
L	0.0112	0	0.0000	0
H	0.2660	0	0.0000	0
R	0.1327	0	0.0000	0
K	0.2879	0	0.0000	0
G	0.1857	0	0.0000	0
Q	0.3289	0	0.0000	0
</pre></body></html>