<html><head></head><body><pre style="word-wrap: break-word; white-space: pre-wrap;">&gt;Q9RXJ7
Amino Acid	probability_DNA	binary_DNA	probability_RNA	binary_RNA
M	0.0000	0	0.1907	1
T	0.0000	0	0.1484	0
A	0.0000	0	0.1015	0
P	0.0000	0	0.0630	0
E	0.0000	0	0.0350	0
Q	0.0000	0	0.0229	0
T	0.0000	0	0.0218	0
F	0.0000	0	0.0622	0
R	0.0000	0	0.2501	1
N	0.0000	0	0.0846	0
K	0.0000	0	0.3386	1
K	0.0000	0	0.1424	0
Q	0.0000	0	0.0495	0
R	0.0000	0	0.0656	0
K	0.0000	0	0.2923	1
Q	0.0000	0	0.0436	0
Q	0.0000	0	0.0116	0
V	0.0000	0	0.0054	0
K	0.0000	0	0.0062	0
L	0.0000	0	0.0081	0
R	0.0000	0	0.0138	0
K	0.0000	0	0.0425	0
P	0.0000	0	0.0273	0
G	0.0000	0	0.0087	0
F	0.0000	0	0.0220	0
A	0.0000	0	0.0052	0
V	0.0000	0	0.0663	0
A	0.0000	0	0.0115	0
K	0.0000	0	0.5088	1
Y	0.0000	0	0.1600	1
V	0.0000	0	0.0116	0
R	0.0000	0	0.8654	1
M	0.0001	0	0.4261	1
S	0.0002	0	0.9317	1
P	0.0001	0	0.4227	1
R	0.0001	0	0.8907	1
K	0.0001	0	0.8879	1
V	0.0000	0	0.0710	0
R	0.0000	0	0.9508	1
L	0.0000	0	0.1034	0
V	0.0000	0	0.0056	0
V	0.0000	0	0.0045	0
D	0.0000	0	0.5012	1
V	0.0000	0	0.0359	0
I	0.0000	0	0.0221	0
R	0.0000	0	0.7808	1
G	0.0000	0	0.2694	1
K	0.0000	0	0.5025	1
S	0.0000	0	0.1814	1
V	0.0000	0	0.1042	0
Q	0.0000	0	0.2060	1
D	0.0000	0	0.2793	1
A	0.0000	0	0.1212	0
E	0.0000	0	0.1013	0
D	0.0000	0	0.0153	0
L	0.0000	0	0.0703	0
L	0.0000	0	0.0174	0
R	0.0000	0	0.1828	1
F	0.0000	0	0.0293	0
I	0.0000	0	0.0710	0
P	0.0000	0	0.3354	1
R	0.0000	0	0.7677	1
S	0.0000	0	0.7728	1
A	0.0000	0	0.1990	1
S	0.0000	0	0.0996	0
E	0.0000	0	0.4206	1
P	0.0000	0	0.0209	0
V	0.0000	0	0.0055	0
A	0.0000	0	0.0153	0
K	0.0000	0	0.0285	0
V	0.0000	0	0.0011	0
L	0.0000	0	0.0011	0
N	0.0000	0	0.0193	0
S	0.0000	0	0.1739	1
A	0.0000	0	0.0077	0
K	0.0000	0	0.0070	0
A	0.0000	0	0.0098	0
N	0.0000	0	0.4999	1
A	0.0000	0	0.0105	0
L	0.0000	0	0.0172	0
H	0.0000	0	0.2781	1
N	0.0000	0	0.0925	0
D	0.0000	0	0.0099	0
E	0.0000	0	0.0058	0
M	0.0000	0	0.0022	0
L	0.0000	0	0.0068	0
E	0.0000	0	0.0161	0
D	0.0000	0	0.0053	0
R	0.0000	0	0.0074	0
L	0.0000	0	0.0011	0
F	0.0000	0	0.0245	0
V	0.0000	0	0.0041	0
K	0.0000	0	0.0245	0
E	0.0000	0	0.1716	1
A	0.0000	0	0.0116	0
Y	0.0000	0	0.5564	1
V	0.0000	0	0.0954	0
D	0.0000	0	0.7437	1
A	0.0000	0	0.8933	1
G	0.0000	0	0.2351	1
P	0.0000	0	0.2934	1
T	0.0000	0	0.2830	1
L	0.0000	0	0.1515	1
K	0.0000	0	0.3042	1
R	0.0000	0	0.4907	1
L	0.0000	0	0.3601	1
I	0.0000	0	0.5885	1
P	0.0000	0	0.7659	1
R	0.0000	0	0.9808	1
A	0.0000	0	0.8792	1
R	0.0000	0	0.9513	1
G	0.0000	0	0.7541	1
S	0.0000	0	0.9729	1
A	0.0000	0	0.3573	1
N	0.0000	0	0.7726	1
I	0.0000	0	0.6894	1
I	0.0000	0	0.7574	1
K	0.0000	0	0.4284	1
K	0.0000	0	0.6352	1
R	0.0000	0	0.7981	1
T	0.0001	0	0.6775	1
S	0.0000	0	0.1677	1
H	0.0001	0	0.9268	1
I	0.0000	0	0.0084	0
T	0.0000	0	0.0706	0
I	0.0000	0	0.0011	0
I	0.0000	0	0.0017	0
V	0.0000	0	0.0006	0
A	0.0000	0	0.0016	0
E	0.0000	0	0.0057	0
K	0.0000	0	0.1063	0
G	0.0000	0	0.0231	0
N	0.0000	0	0.0351	0
K	0.0000	0	0.0711	0
</pre></body></html>