<html><head></head><body><pre style="word-wrap: break-word; white-space: pre-wrap;">&gt;P0A460
Amino Acid	probability_DNA	binary_DNA	probability_RNA	binary_RNA
M	0.1454	0	0.0000	0
E	0.1411	0	0.0000	0
L	0.0019	0	0.0000	0
H	0.0165	0	0.0000	0
F	0.0072	0	0.0000	0
N	0.0107	0	0.0000	0
L	0.0548	0	0.0000	0
E	0.0072	0	0.0000	0
L	0.0095	0	0.0000	0
V	0.0030	0	0.0000	0
E	0.0361	0	0.0000	0
T	0.0248	0	0.0000	0
Y	0.2249	0	0.0000	0
K	0.4793	1	0.0000	0
S	0.4361	1	0.0000	0
N	0.4840	1	0.0000	0
S	0.6333	1	0.0000	0
Q	0.6082	1	0.0000	0
K	0.4273	1	0.0000	0
A	0.0109	0	0.0000	0
R	0.1712	0	0.0000	0
I	0.0032	0	0.0000	0
L	0.0021	0	0.0000	0
T	0.0031	0	0.0000	0
E	0.0049	0	0.0000	0
D	0.0014	0	0.0000	0
W	0.0046	0	0.0000	0
V	0.0005	0	0.0000	0
Y	0.0022	0	0.0000	0
R	0.0158	0	0.0000	0
Q	0.0009	0	0.0000	0
S	0.0005	0	0.0000	0
Y	0.0009	0	0.0000	0
C	0.0002	0	0.0000	0
P	0.0011	0	0.0000	0
N	0.0018	0	0.0000	0
C	0.0005	0	0.0000	0
G	0.0023	0	0.0000	0
N	0.0051	0	0.0000	0
N	0.0132	0	0.0000	0
P	0.0254	0	0.0000	0
L	0.0041	0	0.0000	0
N	0.0238	0	0.0000	0
H	0.1309	0	0.0000	0
F	0.0358	0	0.0000	0
E	0.0053	0	0.0000	0
N	0.0776	0	0.0000	0
N	0.2314	0	0.0000	0
R	0.1322	0	0.0000	0
P	0.0394	0	0.0000	0
V	0.0544	0	0.0000	0
A	0.0019	0	0.0000	0
D	0.0187	0	0.0000	0
F	0.0030	0	0.0000	0
Y	0.0193	0	0.0000	0
C	0.0008	0	0.0000	0
N	0.0165	0	0.0000	0
H	0.1305	0	0.0000	0
C	0.0065	0	0.0000	0
S	0.0427	0	0.0000	0
E	0.0473	0	0.0000	0
E	0.0450	0	0.0000	0
F	0.0598	0	0.0000	0
E	0.5626	1	0.0000	0
L	0.0384	0	0.0000	0
K	0.8162	1	0.0000	0
S	0.6395	1	0.0000	0
K	0.8614	1	0.0000	0
K	0.7240	1	0.0000	0
G	0.6326	1	0.0000	0
N	0.9087	1	0.0000	0
F	0.5366	1	0.0000	0
S	0.2423	0	0.0000	0
S	0.4502	1	0.0000	0
T	0.6580	1	0.0000	0
I	0.1010	0	0.0000	0
N	0.3663	1	0.0000	0
D	0.4797	1	0.0000	0
G	0.2403	0	0.0000	0
A	0.1809	0	0.0000	0
Y	0.3321	0	0.0000	0
A	0.5968	1	0.0000	0
T	0.1686	0	0.0000	0
M	0.0143	0	0.0000	0
M	0.0010	0	0.0000	0
K	0.0051	0	0.0000	0
R	0.0206	0	0.0000	0
V	0.0009	0	0.0000	0
Q	0.0240	0	0.0000	0
A	0.0159	0	0.0000	0
D	0.0193	0	0.0000	0
N	0.0951	0	0.0000	0
N	0.2905	0	0.0000	0
P	0.0231	0	0.0000	0
N	0.4646	1	0.0000	0
F	0.0353	0	0.0000	0
F	0.0039	0	0.0000	0
F	0.0027	0	0.0000	0
L	0.0006	0	0.0000	0
T	0.0012	0	0.0000	0
Y	0.0042	0	0.0000	0
T	0.0115	0	0.0000	0
K	0.0140	0	0.0000	0
N	0.0060	0	0.0000	0
F	0.0012	0	0.0000	0
E	0.0009	0	0.0000	0
V	0.0003	0	0.0000	0
N	0.0009	0	0.0000	0
N	0.0005	0	0.0000	0
F	0.0001	0	0.0000	0
L	0.0002	0	0.0000	0
V	0.0003	0	0.0000	0
L	0.0008	0	0.0000	0
P	0.0137	0	0.0000	0
K	0.0284	0	0.0000	0
Q	0.0065	0	0.0000	0
F	0.0007	0	0.0000	0
V	0.0004	0	0.0000	0
T	0.0010	0	0.0000	0
P	0.0013	0	0.0000	0
K	0.0018	0	0.0000	0
S	0.0004	0	0.0000	0
I	0.0002	0	0.0000	0
I	0.0008	0	0.0000	0
Q	0.0090	0	0.0000	0
R	0.1467	0	0.0000	0
K	0.2096	0	0.0000	0
P	0.1972	0	0.0000	0
L	0.0820	0	0.0000	0
A	0.1969	0	0.0000	0
P	0.2428	0	0.0000	0
T	0.6481	1	0.0000	0
A	0.3585	1	0.0000	0
N	0.5664	1	0.0000	0
R	0.7617	1	0.0000	0
A	0.3172	0	0.0000	0
G	0.3099	0	0.0000	0
W	0.6173	1	0.0001	0
I	0.0193	0	0.0000	0
G	0.0136	0	0.0000	0
C	0.0006	0	0.0000	0
N	0.0101	0	0.0000	0
I	0.0011	0	0.0000	0
D	0.0079	0	0.0000	0
L	0.0019	0	0.0000	0
S	0.0085	0	0.0000	0
Q	0.0063	0	0.0000	0
V	0.0012	0	0.0000	0
P	0.0057	0	0.0000	0
S	0.0727	0	0.0000	0
K	0.3436	0	0.0000	0
G	0.0125	0	0.0000	0
R	0.2591	0	0.0000	0
I	0.0009	0	0.0000	0
F	0.0024	0	0.0000	0
L	0.0008	0	0.0000	0
V	0.0003	0	0.0000	0
Q	0.0034	0	0.0000	0
D	0.0025	0	0.0000	0
G	0.0038	0	0.0000	0
Q	0.0067	0	0.0000	0
V	0.0031	0	0.0000	0
R	0.0031	0	0.0000	0
D	0.0042	0	0.0000	0
P	0.0051	0	0.0000	0
E	0.0086	0	0.0000	0
K	0.0096	0	0.0000	0
V	0.0007	0	0.0000	0
T	0.0009	0	0.0000	0
K	0.0024	0	0.0000	0
E	0.0020	0	0.0000	0
F	0.0010	0	0.0000	0
K	0.0051	0	0.0000	0
Q	0.0862	0	0.0000	0
G	0.0190	0	0.0000	0
L	0.0049	0	0.0000	0
F	0.0139	0	0.0000	0
L	0.0216	0	0.0000	0
R	0.5057	1	0.0000	0
K	0.2373	0	0.0000	0
S	0.0838	0	0.0000	0
S	0.1400	0	0.0000	0
L	0.0870	0	0.0000	0
S	0.1079	0	0.0000	0
S	0.4556	1	0.0000	0
R	0.8006	1	0.0000	0
G	0.5865	1	0.0000	0
W	0.3115	0	0.0000	0
T	0.1363	0	0.0000	0
I	0.0018	0	0.0000	0
E	0.0003	0	0.0000	0
I	0.0001	0	0.0000	0
L	0.0002	0	0.0000	0
N	0.0003	0	0.0000	0
C	0.0001	0	0.0000	0
I	0.0002	0	0.0000	0
D	0.0003	0	0.0000	0
K	0.0011	0	0.0000	0
I	0.0002	0	0.0000	0
E	0.0002	0	0.0000	0
G	0.0003	0	0.0000	0
S	0.0003	0	0.0000	0
E	0.0006	0	0.0000	0
F	0.0008	0	0.0000	0
T	0.0019	0	0.0000	0
L	0.0006	0	0.0000	0
E	0.0025	0	0.0000	0
D	0.0004	0	0.0000	0
M	0.0002	0	0.0000	0
Y	0.0023	0	0.0000	0
R	0.0007	0	0.0000	0
F	0.0002	0	0.0000	0
E	0.0003	0	0.0000	0
S	0.0007	0	0.0000	0
D	0.0014	0	0.0000	0
L	0.0004	0	0.0000	0
K	0.0151	0	0.0000	0
N	0.0056	0	0.0000	0
I	0.0093	0	0.0000	0
F	0.0262	0	0.0000	0
V	0.0209	0	0.0000	0
K	0.2350	0	0.0000	0
N	0.5046	1	0.0000	0
N	0.7225	1	0.0000	0
H	0.8304	1	0.0000	0
I	0.0658	0	0.0000	0
K	0.6241	1	0.0000	0
E	0.0991	0	0.0000	0
K	0.0642	0	0.0000	0
I	0.0026	0	0.0000	0
R	0.4827	1	0.0000	0
Q	0.1083	0	0.0000	0
Q	0.0078	0	0.0000	0
L	0.0004	0	0.0000	0
Q	0.0081	0	0.0000	0
I	0.0011	0	0.0000	0
L	0.0004	0	0.0000	0
R	0.0268	0	0.0000	0
D	0.0031	0	0.0000	0
K	0.0033	0	0.0000	0
E	0.0014	0	0.0000	0
I	0.0011	0	0.0000	0
I	0.0005	0	0.0000	0
E	0.0177	0	0.0000	0
F	0.4576	1	0.0002	0
K	0.1817	0	0.0001	0
G	0.0579	0	0.0000	0
R	0.3387	0	0.0000	0
G	0.0690	0	0.0000	0
K	0.2807	0	0.0000	0
Y	0.3606	1	0.0000	0
R	0.6696	1	0.0000	0
K	0.1726	0	0.0000	0
L	0.2425	0	0.0000	0
</pre></body></html>