<html><head></head><body><pre style="word-wrap: break-word; white-space: pre-wrap;">&gt;Q8RR57
Amino Acid	probability_DNA	binary_DNA	probability_RNA	binary_RNA
M	0.0004	0	0.1916	1
A	0.0002	0	0.0861	0
P	0.0001	0	0.0109	0
V	0.0002	0	0.0099	0
L	0.0000	0	0.0018	0
E	0.0004	0	0.0098	0
N	0.0068	0	0.0687	0
R	0.0404	0	0.0900	0
R	0.0394	0	0.0414	0
A	0.0114	0	0.0207	0
R	0.0511	0	0.0588	0
H	0.0511	0	0.1274	0
D	0.0100	0	0.0125	0
Y	0.0044	0	0.0064	0
E	0.0001	0	0.0001	0
I	0.0000	0	0.0000	0
L	0.0000	0	0.0000	0
E	0.0000	0	0.0001	0
T	0.0000	0	0.0001	0
Y	0.0000	0	0.0000	0
E	0.0000	0	0.0008	0
A	0.0000	0	0.0000	0
G	0.0000	0	0.0002	0
I	0.0000	0	0.0000	0
A	0.0000	0	0.0004	0
L	0.0000	0	0.0001	0
K	0.0000	0	0.0007	0
G	0.0001	0	0.0014	0
T	0.0002	0	0.0030	0
E	0.0001	0	0.0011	0
V	0.0001	0	0.0031	0
K	0.0016	0	0.1571	1
S	0.0000	0	0.0028	0
L	0.0000	0	0.0009	0
R	0.0049	0	0.3489	1
A	0.0001	0	0.0063	0
G	0.0001	0	0.0035	0
K	0.0009	0	0.0809	0
V	0.0000	0	0.0012	0
D	0.0002	0	0.0692	0
F	0.0000	0	0.0089	0
T	0.0014	0	0.3850	1
G	0.0023	0	0.6487	1
S	0.0023	0	0.3496	1
F	0.0036	0	0.5372	1
A	0.0002	0	0.0083	0
R	0.0007	0	0.0582	0
F	0.0000	0	0.0010	0
E	0.0000	0	0.0067	0
D	0.0000	0	0.0038	0
G	0.0000	0	0.0026	0
E	0.0000	0	0.0013	0
L	0.0000	0	0.0003	0
Y	0.0000	0	0.0028	0
L	0.0000	0	0.0004	0
E	0.0000	0	0.0011	0
N	0.0001	0	0.0087	0
L	0.0000	0	0.0004	0
Y	0.0004	0	0.0125	0
I	0.0001	0	0.0022	0
A	0.0000	0	0.0017	0
P	0.0000	0	0.0015	0
Y	0.0003	0	0.0093	0
E	0.0002	0	0.0031	0
K	0.0002	0	0.0022	0
G	0.0000	0	0.0005	0
S	0.0000	0	0.0005	0
Y	0.0001	0	0.0011	0
A	0.0001	0	0.0031	0
N	0.0000	0	0.0020	0
V	0.0000	0	0.0032	0
D	0.0000	0	0.0018	0
P	0.0000	0	0.0028	0
R	0.0001	0	0.0122	0
R	0.0002	0	0.0477	0
K	0.0001	0	0.0196	0
R	0.0007	0	0.1503	1
K	0.0020	0	0.2688	1
L	0.0001	0	0.0162	0
L	0.0040	0	0.1645	1
L	0.0003	0	0.0113	0
H	0.0459	0	0.2904	1
K	0.0910	0	0.2782	1
H	0.0038	0	0.0551	0
E	0.0002	0	0.0043	0
L	0.0000	0	0.0001	0
R	0.0001	0	0.0086	0
R	0.0000	0	0.0048	0
L	0.0000	0	0.0001	0
L	0.0000	0	0.0002	0
G	0.0000	0	0.0006	0
K	0.0000	0	0.0002	0
V	0.0000	0	0.0001	0
E	0.0000	0	0.0002	0
Q	0.0000	0	0.0003	0
K	0.0000	0	0.0001	0
G	0.0000	0	0.0003	0
L	0.0000	0	0.0001	0
T	0.0000	0	0.0005	0
L	0.0000	0	0.0001	0
V	0.0000	0	0.0003	0
P	0.0000	0	0.0007	0
L	0.0000	0	0.0017	0
K	0.0014	0	0.0762	0
I	0.0001	0	0.0084	0
Y	0.0286	0	0.5870	1
F	0.0003	0	0.0216	0
N	0.0003	0	0.0273	0
E	0.0002	0	0.0232	0
R	0.0007	0	0.0780	0
G	0.0002	0	0.0133	0
Y	0.0005	0	0.0190	0
A	0.0000	0	0.0012	0
K	0.0034	0	0.3327	1
V	0.0001	0	0.0044	0
L	0.0030	0	0.1216	0
L	0.0002	0	0.0240	0
G	0.0002	0	0.0347	0
L	0.0002	0	0.0304	0
A	0.0004	0	0.0164	0
R	0.0084	0	0.2605	1
G	0.0029	0	0.1242	0
K	0.0070	0	0.1678	1
K	0.0054	0	0.1490	0
A	0.0103	0	0.0740	0
Y	0.0286	0	0.1538	1
E	0.0018	0	0.0608	0
K	0.0029	0	0.0617	0
R	0.0045	0	0.1125	0
R	0.0003	0	0.0036	0
E	0.0003	0	0.0071	0
D	0.0000	0	0.0004	0
K	0.0001	0	0.0120	0
K	0.0001	0	0.0040	0
E	0.0003	0	0.0124	0
A	0.0000	0	0.0004	0
V	0.0000	0	0.0004	0
R	0.0001	0	0.0112	0
R	0.0002	0	0.0698	0
A	0.0000	0	0.0006	0
L	0.0000	0	0.0002	0
E	0.0000	0	0.0034	0
E	0.0000	0	0.0056	0
L	0.0000	0	0.0044	0
</pre></body></html>