<html><head></head><body><pre style="word-wrap: break-word; white-space: pre-wrap;">&gt;Q9WX76
Amino Acid	probability_DNA	binary_DNA	probability_RNA	binary_RNA
M	0.0213	0	0.0000	0
T	0.0019	0	0.0000	0
L	0.0015	0	0.0000	0
K	0.0023	0	0.0000	0
E	0.0005	0	0.0000	0
L	0.0001	0	0.0000	0
Y	0.0005	0	0.0000	0
A	0.0012	0	0.0000	0
E	0.0002	0	0.0000	0
T	0.0002	0	0.0000	0
R	0.0032	0	0.0000	0
S	0.0072	0	0.0000	0
H	0.1356	0	0.0003	0
M	0.0012	0	0.0000	0
Q	0.0057	0	0.0000	0
K	0.1845	0	0.0023	0
S	0.0037	0	0.0000	0
L	0.0009	0	0.0000	0
E	0.0420	0	0.0006	0
V	0.2609	0	0.0044	0
L	0.0044	0	0.0000	0
E	0.1693	0	0.0018	0
H	0.3055	0	0.0020	0
N	0.0115	0	0.0000	0
L	0.0039	0	0.0000	0
A	0.2579	0	0.0013	0
G	0.3439	0	0.0017	0
L	0.0326	0	0.0000	0
R	0.6193	1	0.0025	0
T	0.4928	1	0.0011	0
G	0.3412	0	0.0003	0
R	0.8985	1	0.0014	0
A	0.1147	0	0.0000	0
N	0.5569	1	0.0003	0
P	0.2293	0	0.0000	0
A	0.1899	0	0.0000	0
L	0.0131	0	0.0000	0
L	0.0017	0	0.0000	0
L	0.0061	0	0.0000	0
H	0.0018	0	0.0000	0
L	0.0003	0	0.0000	0
K	0.0024	0	0.0000	0
V	0.0005	0	0.0000	0
E	0.0936	0	0.0002	0
Y	0.1627	0	0.0007	0
Y	0.0826	0	0.0010	0
G	0.0040	0	0.0000	0
A	0.0067	0	0.0001	0
H	0.0613	0	0.0019	0
V	0.4581	1	0.0315	0
P	0.4301	1	0.0219	0
L	0.1905	0	0.0009	0
N	0.4196	1	0.0023	0
Q	0.1212	0	0.0005	0
I	0.0006	0	0.0000	0
A	0.0003	0	0.0000	0
T	0.0072	0	0.0000	0
V	0.0010	0	0.0000	0
T	0.0071	0	0.0000	0
A	0.0129	0	0.0000	0
P	0.0216	0	0.0000	0
D	0.0069	0	0.0000	0
P	0.0057	0	0.0000	0
R	0.0218	0	0.0000	0
T	0.0030	0	0.0000	0
L	0.0002	0	0.0000	0
V	0.0009	0	0.0000	0
V	0.0013	0	0.0000	0
Q	0.0345	0	0.0000	0
S	0.0049	0	0.0000	0
W	0.0550	0	0.0001	0
D	0.0029	0	0.0000	0
Q	0.0064	0	0.0000	0
N	0.0142	0	0.0000	0
A	0.0021	0	0.0000	0
L	0.0046	0	0.0000	0
K	0.0082	0	0.0000	0
A	0.0007	0	0.0000	0
I	0.0001	0	0.0000	0
E	0.0007	0	0.0000	0
K	0.0388	0	0.0001	0
A	0.0003	0	0.0000	0
I	0.0001	0	0.0000	0
R	0.0004	0	0.0000	0
D	0.0002	0	0.0000	0
S	0.0004	0	0.0000	0
D	0.0011	0	0.0000	0
L	0.0005	0	0.0000	0
G	0.0046	0	0.0000	0
L	0.0111	0	0.0000	0
N	0.3526	1	0.0001	0
P	0.0077	0	0.0000	0
S	0.0067	0	0.0000	0
N	0.0065	0	0.0000	0
K	0.0044	0	0.0000	0
G	0.0013	0	0.0000	0
D	0.0027	0	0.0000	0
A	0.0007	0	0.0000	0
L	0.0004	0	0.0000	0
Y	0.4884	1	0.0003	0
I	0.0085	0	0.0000	0
N	0.0111	0	0.0000	0
I	0.0044	0	0.0000	0
P	0.0679	0	0.0000	0
P	0.0445	0	0.0000	0
L	0.0441	0	0.0000	0
T	0.5894	1	0.0003	0
E	0.2293	0	0.0000	0
E	0.1581	0	0.0000	0
R	0.1769	0	0.0000	0
R	0.6857	1	0.0001	0
K	0.0762	0	0.0000	0
D	0.0214	0	0.0000	0
L	0.0023	0	0.0000	0
V	0.0073	0	0.0000	0
R	0.6065	1	0.0002	0
A	0.0062	0	0.0000	0
V	0.0015	0	0.0000	0
R	0.8709	1	0.0001	0
Q	0.5405	1	0.0000	0
Y	0.2446	0	0.0000	0
A	0.0548	0	0.0000	0
E	0.5141	1	0.0006	0
E	0.3620	1	0.0005	0
G	0.0110	0	0.0000	0
R	0.7866	1	0.0035	0
V	0.4454	1	0.0004	0
A	0.8128	1	0.0002	0
I	0.0543	0	0.0000	0
R	0.9565	1	0.0007	0
N	0.8957	1	0.0005	0
I	0.0066	0	0.0000	0
R	0.9379	1	0.0001	0
R	0.8999	1	0.0000	0
E	0.0563	0	0.0000	0
A	0.0025	0	0.0000	0
L	0.4575	1	0.0002	0
D	0.1408	0	0.0000	0
K	0.0657	0	0.0000	0
L	0.0011	0	0.0000	0
K	0.4439	1	0.0001	0
K	0.4834	1	0.0000	0
L	0.0031	0	0.0000	0
A	0.0055	0	0.0000	0
K	0.1695	0	0.0000	0
E	0.0030	0	0.0000	0
L	0.0040	0	0.0000	0
H	0.0020	0	0.0000	0
L	0.0007	0	0.0000	0
S	0.0027	0	0.0000	0
E	0.0032	0	0.0000	0
D	0.0109	0	0.0000	0
E	0.0011	0	0.0000	0
T	0.0006	0	0.0000	0
K	0.2309	0	0.0001	0
R	0.0721	0	0.0000	0
A	0.0020	0	0.0000	0
E	0.0353	0	0.0000	0
A	0.0436	0	0.0000	0
E	0.0082	0	0.0000	0
I	0.0012	0	0.0000	0
Q	0.2553	0	0.0003	0
K	0.3083	0	0.0005	0
I	0.0053	0	0.0000	0
T	0.0256	0	0.0002	0
D	0.2408	0	0.0031	0
E	0.0581	0	0.0001	0
F	0.0123	0	0.0000	0
I	0.0013	0	0.0000	0
A	0.0222	0	0.0002	0
K	0.0078	0	0.0000	0
A	0.0002	0	0.0000	0
D	0.0081	0	0.0000	0
Q	0.0034	0	0.0000	0
L	0.0005	0	0.0000	0
A	0.0003	0	0.0000	0
E	0.0008	0	0.0000	0
K	0.0024	0	0.0000	0
K	0.1280	0	0.0001	0
E	0.0060	0	0.0000	0
Q	0.0768	0	0.0001	0
E	0.0037	0	0.0000	0
I	0.0005	0	0.0000	0
L	0.2885	0	0.0031	0
G	0.1197	0	0.0003	0
</pre></body></html>