<html><head></head><body><pre style="word-wrap: break-word; white-space: pre-wrap;">&gt;G5EEW7
Amino Acid	probability_DNA	binary_DNA	probability_RNA	binary_RNA
M	0.1425	0	0.0241	0
T	0.0193	0	0.0013	0
T	0.0034	0	0.0002	0
A	0.0003	0	0.0000	0
A	0.0001	0	0.0000	0
E	0.0002	0	0.0000	0
I	0.0000	0	0.0000	0
I	0.0000	0	0.0000	0
T	0.0000	0	0.0000	0
V	0.0001	0	0.0000	0
E	0.0001	0	0.0000	0
K	0.0001	0	0.0000	0
L	0.0001	0	0.0000	0
N	0.0003	0	0.0001	0
D	0.0001	0	0.0000	0
F	0.0000	0	0.0000	0
D	0.0002	0	0.0001	0
Y	0.0002	0	0.0000	0
K	0.0005	0	0.0001	0
V	0.0003	0	0.0000	0
A	0.0001	0	0.0000	0
L	0.0001	0	0.0000	0
Q	0.0006	0	0.0000	0
Q	0.0005	0	0.0000	0
Q	0.0005	0	0.0000	0
M	0.0003	0	0.0000	0
V	0.0004	0	0.0000	0
A	0.0011	0	0.0001	0
A	0.0008	0	0.0000	0
Q	0.0007	0	0.0001	0
N	0.0003	0	0.0000	0
G	0.0004	0	0.0000	0
A	0.0007	0	0.0000	0
A	0.0004	0	0.0000	0
A	0.0002	0	0.0000	0
A	0.0003	0	0.0000	0
V	0.0001	0	0.0000	0
L	0.0001	0	0.0000	0
R	0.0006	0	0.0000	0
P	0.0004	0	0.0000	0
H	0.0013	0	0.0001	0
Q	0.0015	0	0.0001	0
I	0.0084	0	0.0006	0
G	0.0700	0	0.0059	0
S	0.0469	0	0.0028	0
S	0.0333	0	0.0015	0
P	0.0235	0	0.0005	0
E	0.0074	0	0.0002	0
A	0.0091	0	0.0002	0
P	0.0083	0	0.0002	0
Q	0.0021	0	0.0001	0
S	0.0096	0	0.0004	0
Q	0.0090	0	0.0004	0
T	0.0130	0	0.0009	0
S	0.0022	0	0.0002	0
G	0.0037	0	0.0004	0
G	0.0091	0	0.0005	0
S	0.0096	0	0.0006	0
T	0.0210	0	0.0023	0
E	0.0238	0	0.0024	0
Q	0.0337	0	0.0016	0
L	0.0076	0	0.0004	0
Q	0.0139	0	0.0007	0
Q	0.0040	0	0.0002	0
Q	0.0014	0	0.0001	0
P	0.0010	0	0.0001	0
L	0.0007	0	0.0001	0
P	0.0003	0	0.0000	0
P	0.0003	0	0.0000	0
P	0.0005	0	0.0001	0
T	0.0015	0	0.0003	0
Q	0.0069	0	0.0013	0
Q	0.0088	0	0.0019	0
K	0.0146	0	0.0015	0
Q	0.0180	0	0.0018	0
Q	0.0031	0	0.0003	0
Q	0.0145	0	0.0011	0
P	0.0099	0	0.0006	0
L	0.0188	0	0.0009	0
T	0.0270	0	0.0019	0
I	0.0251	0	0.0022	0
G	0.0140	0	0.0008	0
P	0.0102	0	0.0005	0
V	0.0128	0	0.0008	0
A	0.0137	0	0.0011	0
P	0.0195	0	0.0012	0
N	0.0156	0	0.0007	0
D	0.0043	0	0.0001	0
R	0.0108	0	0.0003	0
S	0.0086	0	0.0002	0
T	0.0043	0	0.0001	0
S	0.0024	0	0.0001	0
S	0.0030	0	0.0001	0
S	0.0016	0	0.0000	0
S	0.0009	0	0.0000	0
T	0.0014	0	0.0001	0
D	0.0026	0	0.0001	0
G	0.0017	0	0.0001	0
P	0.0012	0	0.0001	0
R	0.0017	0	0.0002	0
R	0.0183	0	0.0040	0
L	0.0004	0	0.0001	0
H	0.3845	1	0.3176	1
V	0.0019	0	0.0005	0
S	0.0438	0	0.0515	0
N	0.2272	0	0.3343	1
I	0.0027	0	0.0011	0
P	0.0109	0	0.0037	0
F	0.0293	0	0.0079	0
K	0.0017	0	0.0001	0
Y	0.0010	0	0.0000	0
R	0.0097	0	0.0007	0
E	0.0014	0	0.0001	0
P	0.0004	0	0.0000	0
D	0.0004	0	0.0000	0
L	0.0000	0	0.0000	0
T	0.0013	0	0.0002	0
A	0.0000	0	0.0000	0
M	0.0000	0	0.0000	0
F	0.0000	0	0.0000	0
E	0.0001	0	0.0000	0
K	0.0001	0	0.0000	0
V	0.0002	0	0.0001	0
G	0.0000	0	0.0000	0
P	0.0001	0	0.0000	0
V	0.0001	0	0.0000	0
V	0.0004	0	0.0001	0
D	0.0014	0	0.0004	0
V	0.0001	0	0.0000	0
E	0.0330	0	0.0162	0
I	0.0026	0	0.0008	0
I	0.3214	0	0.1892	1
F	0.1525	0	0.1343	0
N	0.0137	0	0.0112	0
E	0.0729	0	0.0785	0
R	0.0048	0	0.0043	0
G	0.0102	0	0.0065	0
S	0.0035	0	0.0011	0
K	0.2011	0	0.1133	0
G	0.0677	0	0.0086	0
F	0.7458	1	0.1214	0
G	0.0082	0	0.0009	0
F	0.6962	1	0.2878	1
V	0.0020	0	0.0002	0
T	0.0053	0	0.0015	0
M	0.0085	0	0.0024	0
Q	0.0007	0	0.0002	0
N	0.0003	0	0.0000	0
P	0.0005	0	0.0001	0
D	0.0001	0	0.0000	0
D	0.0001	0	0.0000	0
A	0.0000	0	0.0000	0
D	0.0001	0	0.0000	0
R	0.0005	0	0.0000	0
A	0.0001	0	0.0000	0
R	0.0002	0	0.0000	0
A	0.0002	0	0.0000	0
E	0.0001	0	0.0000	0
F	0.0002	0	0.0000	0
N	0.0002	0	0.0000	0
G	0.0003	0	0.0000	0
T	0.0005	0	0.0001	0
T	0.0043	0	0.0004	0
I	0.0039	0	0.0003	0
E	0.0014	0	0.0002	0
G	0.0050	0	0.0008	0
R	0.0625	0	0.0111	0
R	0.0087	0	0.0012	0
V	0.0006	0	0.0001	0
E	0.5488	1	0.3169	1
V	0.0103	0	0.0020	0
N	0.4813	1	0.2285	1
L	0.7446	1	0.3727	1
A	0.6692	1	0.3985	1
T	0.7266	1	0.3707	1
Q	0.2276	0	0.0793	0
R	0.6359	1	0.1056	0
V	0.2075	0	0.0120	0
H	0.4835	1	0.0194	0
N	0.4142	1	0.0164	0
K	0.4255	1	0.0061	0
K	0.4267	1	0.0046	0
A	0.4120	1	0.0053	0
K	0.5319	1	0.0075	0
P	0.5087	1	0.0052	0
L	0.4567	1	0.0053	0
M	0.7061	1	0.0100	0
S	0.4608	1	0.0237	0
V	0.3972	1	0.0255	0
G	0.1904	0	0.0261	0
V	0.0376	0	0.0016	0
D	0.2872	0	0.0415	0
A	0.2628	0	0.0298	0
M	0.0486	0	0.0027	0
S	0.1061	0	0.0090	0
A	0.0083	0	0.0008	0
Q	0.0037	0	0.0006	0
N	0.0022	0	0.0004	0
A	0.0004	0	0.0000	0
L	0.0004	0	0.0001	0
I	0.0004	0	0.0002	0
S	0.0004	0	0.0001	0
Q	0.0004	0	0.0001	0
Q	0.0010	0	0.0007	0
Q	0.0007	0	0.0004	0
Q	0.0003	0	0.0001	0
I	0.0002	0	0.0000	0
Q	0.0005	0	0.0002	0
R	0.0007	0	0.0003	0
A	0.0002	0	0.0001	0
A	0.0005	0	0.0002	0
L	0.0002	0	0.0001	0
L	0.0002	0	0.0001	0
Q	0.0001	0	0.0000	0
Q	0.0001	0	0.0000	0
Q	0.0001	0	0.0000	0
L	0.0001	0	0.0000	0
L	0.0001	0	0.0000	0
A	0.0001	0	0.0001	0
Q	0.0001	0	0.0001	0
Q	0.0001	0	0.0001	0
F	0.0001	0	0.0000	0
L	0.0001	0	0.0001	0
V	0.0001	0	0.0001	0
P	0.0004	0	0.0007	0
R	0.0040	0	0.0106	0
H	0.0006	0	0.0011	0
Q	0.0009	0	0.0027	0
Q	0.0002	0	0.0007	0
L	0.0036	0	0.0100	0
M	0.0005	0	0.0004	0
M	0.0006	0	0.0006	0
P	0.0003	0	0.0001	0
P	0.0000	0	0.0000	0
T	0.0000	0	0.0000	0
S	0.0000	0	0.0000	0
A	0.0000	0	0.0000	0
A	0.0000	0	0.0000	0
A	0.0000	0	0.0000	0
I	0.0000	0	0.0000	0
S	0.0000	0	0.0000	0
Q	0.0000	0	0.0000	0
L	0.0000	0	0.0000	0
Q	0.0000	0	0.0000	0
A	0.0000	0	0.0000	0
L	0.0000	0	0.0000	0
Q	0.0000	0	0.0000	0
Y	0.0001	0	0.0000	0
Q	0.0001	0	0.0000	0
Q	0.0001	0	0.0000	0
A	0.0000	0	0.0000	0
L	0.0000	0	0.0000	0
L	0.0000	0	0.0000	0
A	0.0000	0	0.0000	0
A	0.0000	0	0.0000	0
Q	0.0000	0	0.0000	0
Q	0.0000	0	0.0000	0
Q	0.0000	0	0.0000	0
Q	0.0001	0	0.0001	0
Q	0.0000	0	0.0000	0
Q	0.0001	0	0.0000	0
M	0.0000	0	0.0000	0
Q	0.0000	0	0.0000	0
N	0.0001	0	0.0000	0
P	0.0000	0	0.0000	0
Q	0.0001	0	0.0000	0
F	0.0000	0	0.0000	0
L	0.0000	0	0.0000	0
L	0.0000	0	0.0000	0
S	0.0000	0	0.0000	0
L	0.0000	0	0.0000	0
Q	0.0000	0	0.0000	0
Q	0.0001	0	0.0000	0
Q	0.0003	0	0.0001	0
Q	0.0005	0	0.0002	0
Q	0.0001	0	0.0000	0
A	0.0001	0	0.0000	0
Q	0.0001	0	0.0001	0
A	0.0000	0	0.0000	0
Q	0.0001	0	0.0000	0
A	0.0000	0	0.0000	0
P	0.0000	0	0.0000	0
P	0.0001	0	0.0000	0
T	0.0001	0	0.0000	0
S	0.0000	0	0.0000	0
M	0.0000	0	0.0000	0
A	0.0000	0	0.0000	0
Q	0.0000	0	0.0000	0
L	0.0000	0	0.0000	0
I	0.0001	0	0.0000	0
Q	0.0001	0	0.0001	0
H	0.0003	0	0.0001	0
Q	0.0007	0	0.0003	0
Q	0.0001	0	0.0001	0
Q	0.0002	0	0.0001	0
F	0.0002	0	0.0002	0
A	0.0002	0	0.0001	0
M	0.0001	0	0.0000	0
D	0.0001	0	0.0000	0
P	0.0000	0	0.0000	0
M	0.0000	0	0.0000	0
A	0.0000	0	0.0000	0
Q	0.0000	0	0.0000	0
A	0.0000	0	0.0000	0
Q	0.0000	0	0.0000	0
A	0.0000	0	0.0000	0
Q	0.0000	0	0.0000	0
A	0.0000	0	0.0000	0
A	0.0000	0	0.0000	0
Q	0.0000	0	0.0000	0
A	0.0000	0	0.0000	0
Q	0.0000	0	0.0000	0
M	0.0000	0	0.0000	0
V	0.0000	0	0.0000	0
T	0.0000	0	0.0000	0
L	0.0000	0	0.0000	0
I	0.0000	0	0.0000	0
A	0.0000	0	0.0000	0
F	0.0000	0	0.0000	0
E	0.0000	0	0.0000	0
Q	0.0000	0	0.0000	0
Q	0.0000	0	0.0000	0
R	0.0000	0	0.0000	0
M	0.0000	0	0.0000	0
Q	0.0000	0	0.0000	0
L	0.0000	0	0.0000	0
Q	0.0000	0	0.0000	0
A	0.0000	0	0.0000	0
A	0.0000	0	0.0000	0
A	0.0000	0	0.0000	0
A	0.0000	0	0.0000	0
A	0.0000	0	0.0000	0
A	0.0000	0	0.0000	0
Q	0.0000	0	0.0000	0
G	0.0000	0	0.0000	0
R	0.0000	0	0.0000	0
G	0.0000	0	0.0000	0
V	0.0000	0	0.0000	0
P	0.0000	0	0.0000	0
Q	0.0001	0	0.0000	0
P	0.0001	0	0.0001	0
G	0.0001	0	0.0000	0
R	0.0002	0	0.0001	0
I	0.0001	0	0.0000	0
P	0.0003	0	0.0002	0
T	0.0004	0	0.0002	0
S	0.0007	0	0.0005	0
T	0.0004	0	0.0002	0
A	0.0002	0	0.0001	0
T	0.0002	0	0.0001	0
T	0.0001	0	0.0000	0
G	0.0000	0	0.0000	0
S	0.0000	0	0.0000	0
S	0.0000	0	0.0000	0
Q	0.0000	0	0.0000	0
N	0.0000	0	0.0000	0
Q	0.0000	0	0.0000	0
V	0.0000	0	0.0000	0
A	0.0000	0	0.0000	0
A	0.0000	0	0.0000	0
G	0.0000	0	0.0000	0
S	0.0000	0	0.0000	0
I	0.0000	0	0.0000	0
G	0.0000	0	0.0000	0
E	0.0001	0	0.0000	0
Q	0.0001	0	0.0000	0
Y	0.0003	0	0.0001	0
L	0.0000	0	0.0000	0
Q	0.0003	0	0.0001	0
Q	0.0001	0	0.0000	0
S	0.0001	0	0.0000	0
M	0.0000	0	0.0000	0
Q	0.0000	0	0.0000	0
G	0.0000	0	0.0000	0
A	0.0000	0	0.0000	0
V	0.0000	0	0.0000	0
P	0.0000	0	0.0000	0
A	0.0000	0	0.0001	0
N	0.0000	0	0.0000	0
F	0.0000	0	0.0000	0
H	0.0001	0	0.0003	0
H	0.0003	0	0.0005	0
H	0.0002	0	0.0004	0
S	0.0001	0	0.0001	0
Q	0.0001	0	0.0006	0
A	0.0001	0	0.0004	0
L	0.0001	0	0.0002	0
H	0.0003	0	0.0022	0
P	0.0003	0	0.0012	0
A	0.0003	0	0.0006	0
A	0.0001	0	0.0002	0
A	0.0001	0	0.0001	0
A	0.0000	0	0.0000	0
A	0.0000	0	0.0000	0
A	0.0000	0	0.0000	0
A	0.0001	0	0.0001	0
L	0.0000	0	0.0000	0
Q	0.0001	0	0.0002	0
R	0.0006	0	0.0012	0
R	0.0009	0	0.0013	0
F	0.0001	0	0.0001	0
A	0.0001	0	0.0002	0
P	0.0002	0	0.0004	0
Y	0.0033	0	0.0116	0
</pre></body></html>