<html><head></head><body><pre style="word-wrap: break-word; white-space: pre-wrap;">&gt;O66530
Amino Acid	probability_DNA	binary_DNA	probability_RNA	binary_RNA
M	0.0001	0	0.7745	1
R	0.0000	0	0.6966	1
Y	0.0000	0	0.5424	1
R	0.0002	0	0.9454	1
K	0.0003	0	0.7216	1
G	0.0001	0	0.3601	1
A	0.0000	0	0.0913	0
R	0.0013	0	0.8326	1
D	0.0000	0	0.0498	0
T	0.0000	0	0.0013	0
A	0.0000	0	0.0025	0
F	0.0000	0	0.0022	0
L	0.0000	0	0.0779	0
V	0.0000	0	0.0003	0
L	0.0000	0	0.0005	0
Y	0.0000	0	0.0257	0
R	0.0000	0	0.0039	0
W	0.0000	0	0.0011	0
D	0.0000	0	0.0008	0
L	0.0000	0	0.0004	0
R	0.0000	0	0.0035	0
G	0.0000	0	0.0018	0
E	0.0000	0	0.0017	0
N	0.0000	0	0.0032	0
P	0.0000	0	0.0050	0
G	0.0000	0	0.0063	0
E	0.0000	0	0.0008	0
L	0.0000	0	0.0001	0
F	0.0000	0	0.0007	0
K	0.0000	0	0.0034	0
E	0.0000	0	0.0003	0
V	0.0000	0	0.0002	0
V	0.0000	0	0.0003	0
E	0.0000	0	0.0021	0
E	0.0000	0	0.0009	0
K	0.0000	0	0.0013	0
N	0.0000	0	0.0006	0
I	0.0000	0	0.0005	0
K	0.0000	0	0.0058	0
N	0.0000	0	0.0045	0
K	0.0000	0	0.0097	0
D	0.0000	0	0.0052	0
A	0.0000	0	0.0011	0
Y	0.0000	0	0.0037	0
E	0.0000	0	0.0010	0
Y	0.0000	0	0.0004	0
A	0.0000	0	0.0003	0
K	0.0000	0	0.0137	0
K	0.0000	0	0.0095	0
L	0.0000	0	0.0003	0
V	0.0000	0	0.0002	0
D	0.0000	0	0.1063	0
T	0.0000	0	0.0094	0
A	0.0000	0	0.0015	0
V	0.0000	0	0.0034	0
R	0.0001	0	0.1771	1
H	0.0001	0	0.1073	0
I	0.0000	0	0.0102	0
E	0.0000	0	0.0305	0
E	0.0000	0	0.0031	0
I	0.0000	0	0.0008	0
D	0.0000	0	0.0455	0
S	0.0000	0	0.0357	0
I	0.0000	0	0.0035	0
I	0.0000	0	0.0002	0
E	0.0000	0	0.0006	0
K	0.0000	0	0.0006	0
H	0.0000	0	0.0004	0
L	0.0000	0	0.0002	0
K	0.0000	0	0.0070	0
G	0.0000	0	0.0172	0
W	0.0000	0	0.0500	0
S	0.0000	0	0.0134	0
I	0.0000	0	0.0021	0
D	0.0000	0	0.0022	0
R	0.0000	0	0.0389	0
L	0.0000	0	0.0075	0
G	0.0000	0	0.0128	0
Y	0.0000	0	0.0442	0
V	0.0000	0	0.0043	0
E	0.0000	0	0.0036	0
R	0.0000	0	0.1705	1
N	0.0000	0	0.0178	0
A	0.0000	0	0.0011	0
L	0.0000	0	0.0014	0
R	0.0002	0	0.5454	1
L	0.0000	0	0.0035	0
G	0.0000	0	0.0016	0
V	0.0000	0	0.0024	0
A	0.0000	0	0.0179	0
E	0.0000	0	0.1635	1
L	0.0000	0	0.0032	0
I	0.0000	0	0.0029	0
F	0.0001	0	0.0618	0
L	0.0000	0	0.0063	0
K	0.0000	0	0.0042	0
S	0.0000	0	0.0103	0
K	0.0000	0	0.0207	0
E	0.0000	0	0.0236	0
P	0.0000	0	0.0031	0
G	0.0000	0	0.0190	0
R	0.0000	0	0.0133	0
V	0.0000	0	0.0005	0
F	0.0000	0	0.0013	0
I	0.0000	0	0.0082	0
D	0.0000	0	0.0059	0
I	0.0000	0	0.0115	0
V	0.0000	0	0.0030	0
D	0.0000	0	0.0135	0
L	0.0000	0	0.0011	0
V	0.0000	0	0.0018	0
K	0.0002	0	0.3252	1
K	0.0000	0	0.0074	0
Y	0.0000	0	0.0045	0
A	0.0000	0	0.0012	0
D	0.0000	0	0.0062	0
E	0.0000	0	0.0143	0
K	0.0001	0	0.0419	0
A	0.0000	0	0.0074	0
G	0.0000	0	0.0038	0
K	0.0030	0	0.6736	1
F	0.0022	0	0.4932	1
V	0.0000	0	0.0108	0
N	0.0014	0	0.8596	1
G	0.0025	0	0.5748	1
V	0.0002	0	0.1999	1
L	0.0001	0	0.0585	0
S	0.0018	0	0.8569	1
A	0.0009	0	0.3811	1
I	0.0000	0	0.0016	0
Y	0.0000	0	0.0033	0
K	0.0001	0	0.2852	1
A	0.0000	0	0.0028	0
Y	0.0000	0	0.0010	0
I	0.0000	0	0.0036	0
T	0.0000	0	0.0021	0
S	0.0000	0	0.0017	0
S	0.0000	0	0.0036	0
K	0.0000	0	0.0098	0
E	0.0000	0	0.0078	0
E	0.0000	0	0.0134	0
K	0.0000	0	0.0559	0
P	0.0000	0	0.0139	0
S	0.0000	0	0.0104	0
L	0.0000	0	0.0160	0
K	0.0000	0	0.0618	0
S	0.0001	0	0.1497	0
E	0.0002	0	0.1382	0
</pre></body></html>