<html><head></head><body><pre style="word-wrap: break-word; white-space: pre-wrap;">&gt;Q9HM14
Amino Acid	probability_DNA	binary_DNA	probability_RNA	binary_RNA
M	0.0020	0	0.0027	0
Q	0.0007	0	0.0018	0
K	0.0006	0	0.0016	0
S	0.0003	0	0.0006	0
Y	0.0003	0	0.0003	0
G	0.0002	0	0.0001	0
V	0.0000	0	0.0000	0
A	0.0000	0	0.0000	0
L	0.0000	0	0.0000	0
E	0.0002	0	0.0001	0
S	0.0000	0	0.0000	0
P	0.0001	0	0.0000	0
T	0.0001	0	0.0000	0
G	0.0000	0	0.0000	0
S	0.0002	0	0.0003	0
G	0.0003	0	0.0004	0
K	0.0125	0	0.0048	0
T	0.0014	0	0.0001	0
I	0.0002	0	0.0000	0
M	0.0000	0	0.0000	0
A	0.0001	0	0.0000	0
L	0.0000	0	0.0000	0
K	0.0000	0	0.0000	0
S	0.0000	0	0.0000	0
A	0.0000	0	0.0000	0
L	0.0000	0	0.0000	0
Q	0.0000	0	0.0000	0
Y	0.0000	0	0.0000	0
S	0.0000	0	0.0000	0
S	0.0000	0	0.0000	0
E	0.0000	0	0.0000	0
R	0.0000	0	0.0000	0
K	0.0000	0	0.0000	0
L	0.0001	0	0.0000	0
K	0.0011	0	0.0003	0
V	0.0001	0	0.0000	0
L	0.0003	0	0.0001	0
Y	0.0007	0	0.0002	0
L	0.0004	0	0.0001	0
V	0.0019	0	0.0002	0
R	0.1189	0	0.0099	0
T	0.6365	1	0.1203	0
N	0.3472	0	0.0242	0
S	0.0420	0	0.0005	0
Q	0.0043	0	0.0000	0
E	0.0007	0	0.0000	0
E	0.0015	0	0.0001	0
Q	0.0024	0	0.0005	0
V	0.0000	0	0.0000	0
I	0.0000	0	0.0000	0
K	0.0002	0	0.0000	0
E	0.0001	0	0.0000	0
L	0.0000	0	0.0000	0
R	0.0002	0	0.0001	0
S	0.0001	0	0.0000	0
L	0.0000	0	0.0000	0
S	0.0001	0	0.0000	0
S	0.0000	0	0.0000	0
T	0.0001	0	0.0000	0
M	0.0000	0	0.0000	0
K	0.0001	0	0.0000	0
I	0.0000	0	0.0000	0
R	0.0000	0	0.0000	0
A	0.0000	0	0.0000	0
I	0.0000	0	0.0000	0
P	0.0000	0	0.0000	0
M	0.0002	0	0.0000	0
Q	0.0068	0	0.0034	0
G	0.0207	0	0.0052	0
R	0.6048	1	0.0574	0
V	0.1954	0	0.0088	0
N	0.6343	1	0.0076	0
M	0.1370	0	0.0005	0
C	0.0148	0	0.0001	0
I	0.0022	0	0.0000	0
L	0.0174	0	0.0000	0
Y	0.0123	0	0.0000	0
R	0.0268	0	0.0000	0
M	0.0015	0	0.0000	0
V	0.0006	0	0.0000	0
D	0.0016	0	0.0000	0
D	0.0002	0	0.0000	0
L	0.0003	0	0.0000	0
H	0.0004	0	0.0000	0
E	0.0003	0	0.0000	0
I	0.0003	0	0.0000	0
N	0.0007	0	0.0000	0
A	0.0008	0	0.0000	0
E	0.0010	0	0.0000	0
S	0.0006	0	0.0000	0
L	0.0004	0	0.0000	0
A	0.0005	0	0.0000	0
K	0.0008	0	0.0000	0
F	0.0004	0	0.0000	0
C	0.0001	0	0.0000	0
N	0.0054	0	0.0001	0
M	0.0002	0	0.0000	0
K	0.0004	0	0.0000	0
K	0.0006	0	0.0000	0
R	0.0005	0	0.0000	0
E	0.0005	0	0.0000	0
V	0.0003	0	0.0000	0
M	0.0004	0	0.0000	0
A	0.0009	0	0.0000	0
G	0.0009	0	0.0000	0
N	0.0014	0	0.0000	0
E	0.0010	0	0.0000	0
A	0.0013	0	0.0000	0
A	0.0015	0	0.0000	0
C	0.0014	0	0.0000	0
P	0.0056	0	0.0000	0
Y	0.0192	0	0.0003	0
F	0.0019	0	0.0000	0
N	0.0078	0	0.0002	0
F	0.0081	0	0.0001	0
K	0.0052	0	0.0001	0
I	0.0037	0	0.0000	0
R	0.0026	0	0.0000	0
S	0.0016	0	0.0000	0
D	0.0017	0	0.0000	0
E	0.0010	0	0.0000	0
T	0.0004	0	0.0000	0
K	0.0008	0	0.0000	0
R	0.0012	0	0.0000	0
F	0.0002	0	0.0000	0
L	0.0001	0	0.0000	0
F	0.0002	0	0.0000	0
D	0.0002	0	0.0000	0
E	0.0002	0	0.0000	0
L	0.0001	0	0.0000	0
P	0.0002	0	0.0000	0
T	0.0002	0	0.0000	0
A	0.0001	0	0.0000	0
E	0.0000	0	0.0000	0
E	0.0000	0	0.0000	0
F	0.0000	0	0.0000	0
Y	0.0001	0	0.0000	0
D	0.0001	0	0.0000	0
Y	0.0001	0	0.0000	0
G	0.0001	0	0.0000	0
E	0.0004	0	0.0001	0
R	0.0011	0	0.0001	0
N	0.0018	0	0.0002	0
N	0.0052	0	0.0007	0
V	0.0013	0	0.0001	0
C	0.0004	0	0.0000	0
P	0.0004	0	0.0000	0
Y	0.0068	0	0.0011	0
E	0.0003	0	0.0000	0
S	0.0001	0	0.0000	0
M	0.0001	0	0.0000	0
K	0.0100	0	0.0123	0
A	0.0010	0	0.0004	0
A	0.0001	0	0.0000	0
L	0.0001	0	0.0000	0
P	0.0002	0	0.0002	0
D	0.0001	0	0.0001	0
A	0.0000	0	0.0000	0
D	0.0002	0	0.0002	0
I	0.0000	0	0.0000	0
V	0.0001	0	0.0000	0
I	0.0001	0	0.0000	0
A	0.0003	0	0.0000	0
P	0.1625	0	0.0361	0
Y	0.3169	0	0.0830	0
A	0.0142	0	0.0008	0
Y	0.0121	0	0.0005	0
F	0.0003	0	0.0000	0
L	0.0008	0	0.0000	0
N	0.0022	0	0.0000	0
R	0.0030	0	0.0000	0
S	0.0007	0	0.0000	0
V	0.0003	0	0.0000	0
A	0.0010	0	0.0000	0
E	0.0016	0	0.0000	0
K	0.0010	0	0.0000	0
F	0.0003	0	0.0000	0
L	0.0010	0	0.0000	0
S	0.0013	0	0.0000	0
H	0.0004	0	0.0000	0
W	0.0003	0	0.0000	0
G	0.0002	0	0.0000	0
V	0.0001	0	0.0000	0
S	0.0001	0	0.0000	0
R	0.0001	0	0.0000	0
N	0.0003	0	0.0000	0
Q	0.0001	0	0.0000	0
I	0.0000	0	0.0000	0
V	0.0000	0	0.0000	0
I	0.0000	0	0.0000	0
I	0.0000	0	0.0000	0
L	0.0000	0	0.0000	0
D	0.0001	0	0.0000	0
E	0.0008	0	0.0002	0
A	0.0169	0	0.0262	0
H	0.2023	0	0.3655	1
N	0.5048	1	0.6539	1
L	0.0143	0	0.0093	0
P	0.0577	0	0.0698	0
D	0.1159	0	0.1078	0
I	0.0332	0	0.0124	0
G	0.0003	0	0.0000	0
R	0.0168	0	0.0107	0
S	0.0028	0	0.0009	0
I	0.0009	0	0.0002	0
G	0.0032	0	0.0017	0
S	0.0882	0	0.0909	0
F	0.0026	0	0.0004	0
R	0.0043	0	0.0008	0
I	0.0005	0	0.0000	0
S	0.0169	0	0.0016	0
V	0.0105	0	0.0004	0
E	0.0045	0	0.0003	0
S	0.0012	0	0.0001	0
L	0.0001	0	0.0000	0
N	0.0004	0	0.0001	0
R	0.0095	0	0.0024	0
A	0.0001	0	0.0000	0
D	0.0001	0	0.0000	0
R	0.0014	0	0.0004	0
E	0.0001	0	0.0000	0
A	0.0001	0	0.0000	0
Q	0.0002	0	0.0000	0
A	0.0001	0	0.0000	0
Y	0.0005	0	0.0001	0
G	0.0003	0	0.0000	0
D	0.0009	0	0.0000	0
P	0.0015	0	0.0001	0
E	0.0022	0	0.0001	0
L	0.0010	0	0.0001	0
S	0.0016	0	0.0001	0
Q	0.0012	0	0.0001	0
K	0.0087	0	0.0004	0
I	0.0007	0	0.0000	0
H	0.0011	0	0.0001	0
V	0.0001	0	0.0000	0
S	0.0006	0	0.0002	0
D	0.0003	0	0.0001	0
L	0.0001	0	0.0000	0
I	0.0001	0	0.0000	0
E	0.0003	0	0.0002	0
M	0.0001	0	0.0000	0
I	0.0000	0	0.0000	0
R	0.0007	0	0.0011	0
S	0.0004	0	0.0005	0
A	0.0001	0	0.0000	0
L	0.0001	0	0.0000	0
Q	0.0005	0	0.0003	0
S	0.0003	0	0.0001	0
M	0.0001	0	0.0000	0
V	0.0001	0	0.0000	0
S	0.0003	0	0.0001	0
E	0.0002	0	0.0000	0
R	0.0009	0	0.0001	0
C	0.0003	0	0.0000	0
G	0.0008	0	0.0001	0
K	0.0018	0	0.0003	0
G	0.0115	0	0.0018	0
D	0.0027	0	0.0003	0
V	0.0007	0	0.0000	0
R	0.0013	0	0.0002	0
I	0.0003	0	0.0000	0
R	0.0014	0	0.0002	0
F	0.0005	0	0.0001	0
Q	0.0013	0	0.0005	0
E	0.0005	0	0.0002	0
F	0.0002	0	0.0001	0
M	0.0002	0	0.0001	0
E	0.0003	0	0.0002	0
Y	0.0001	0	0.0000	0
M	0.0001	0	0.0000	0
R	0.0009	0	0.0005	0
I	0.0001	0	0.0000	0
M	0.0001	0	0.0000	0
N	0.0010	0	0.0004	0
K	0.0001	0	0.0000	0
R	0.0006	0	0.0002	0
S	0.0001	0	0.0000	0
E	0.0002	0	0.0001	0
R	0.0003	0	0.0001	0
E	0.0001	0	0.0000	0
I	0.0001	0	0.0000	0
R	0.0008	0	0.0003	0
S	0.0001	0	0.0000	0
L	0.0000	0	0.0000	0
L	0.0001	0	0.0000	0
N	0.0004	0	0.0002	0
Y	0.0001	0	0.0000	0
L	0.0000	0	0.0000	0
Y	0.0001	0	0.0001	0
L	0.0001	0	0.0000	0
F	0.0000	0	0.0000	0
G	0.0001	0	0.0000	0
E	0.0001	0	0.0000	0
Y	0.0001	0	0.0000	0
V	0.0001	0	0.0000	0
E	0.0001	0	0.0000	0
N	0.0001	0	0.0000	0
E	0.0002	0	0.0000	0
K	0.0004	0	0.0000	0
E	0.0004	0	0.0000	0
K	0.0004	0	0.0000	0
V	0.0003	0	0.0000	0
G	0.0004	0	0.0001	0
K	0.0015	0	0.0002	0
V	0.0003	0	0.0000	0
P	0.0001	0	0.0000	0
F	0.0001	0	0.0000	0
S	0.0001	0	0.0000	0
Y	0.0000	0	0.0000	0
C	0.0000	0	0.0000	0
S	0.0001	0	0.0000	0
S	0.0000	0	0.0000	0
V	0.0001	0	0.0000	0
A	0.0000	0	0.0000	0
S	0.0001	0	0.0000	0
R	0.0001	0	0.0000	0
I	0.0000	0	0.0000	0
I	0.0000	0	0.0000	0
A	0.0000	0	0.0000	0
F	0.0000	0	0.0000	0
S	0.0000	0	0.0000	0
D	0.0001	0	0.0000	0
Q	0.0001	0	0.0000	0
D	0.0001	0	0.0000	0
E	0.0002	0	0.0001	0
E	0.0001	0	0.0000	0
K	0.0001	0	0.0000	0
Y	0.0002	0	0.0000	0
A	0.0001	0	0.0000	0
A	0.0001	0	0.0000	0
I	0.0001	0	0.0000	0
L	0.0000	0	0.0000	0
S	0.0000	0	0.0000	0
P	0.0000	0	0.0000	0
E	0.0001	0	0.0000	0
D	0.0001	0	0.0000	0
G	0.0001	0	0.0000	0
G	0.0001	0	0.0000	0
Y	0.0003	0	0.0001	0
M	0.0001	0	0.0000	0
Q	0.0008	0	0.0002	0
A	0.0002	0	0.0000	0
A	0.0001	0	0.0000	0
C	0.0001	0	0.0000	0
L	0.0002	0	0.0001	0
D	0.0003	0	0.0001	0
P	0.0002	0	0.0001	0
S	0.0003	0	0.0001	0
G	0.0002	0	0.0000	0
I	0.0001	0	0.0000	0
L	0.0001	0	0.0000	0
E	0.0007	0	0.0004	0
V	0.0001	0	0.0000	0
L	0.0002	0	0.0001	0
K	0.0005	0	0.0003	0
E	0.0001	0	0.0001	0
S	0.0001	0	0.0000	0
K	0.0001	0	0.0000	0
T	0.0000	0	0.0000	0
I	0.0001	0	0.0000	0
H	0.0001	0	0.0001	0
M	0.0006	0	0.0002	0
S	0.0111	0	0.0023	0
G	0.0286	0	0.0042	0
T	0.4021	1	0.2160	1
L	0.0316	0	0.0122	0
D	0.0288	0	0.0068	0
P	0.0052	0	0.0004	0
F	0.0007	0	0.0000	0
D	0.0010	0	0.0001	0
F	0.0001	0	0.0000	0
Y	0.0001	0	0.0000	0
S	0.0001	0	0.0000	0
D	0.0001	0	0.0000	0
I	0.0000	0	0.0000	0
T	0.0000	0	0.0000	0
G	0.0001	0	0.0000	0
F	0.0001	0	0.0000	0
E	0.0002	0	0.0000	0
I	0.0003	0	0.0000	0
P	0.0003	0	0.0000	0
F	0.0004	0	0.0000	0
K	0.0011	0	0.0000	0
K	0.0022	0	0.0001	0
I	0.0006	0	0.0000	0
G	0.0005	0	0.0000	0
E	0.0005	0	0.0000	0
I	0.0004	0	0.0000	0
F	0.0014	0	0.0001	0
P	0.0025	0	0.0002	0
P	0.0021	0	0.0002	0
E	0.0008	0	0.0001	0
N	0.0015	0	0.0002	0
R	0.0007	0	0.0001	0
Y	0.0002	0	0.0000	0
I	0.0001	0	0.0000	0
A	0.0001	0	0.0000	0
Y	0.0001	0	0.0000	0
Y	0.0002	0	0.0000	0
D	0.0005	0	0.0000	0
G	0.0012	0	0.0000	0
V	0.0021	0	0.0000	0
S	0.0170	0	0.0003	0
S	0.0396	0	0.0004	0
K	0.2357	0	0.0040	0
Y	0.0582	0	0.0005	0
D	0.0382	0	0.0003	0
T	0.0128	0	0.0001	0
L	0.0179	0	0.0001	0
D	0.0030	0	0.0000	0
E	0.0019	0	0.0000	0
K	0.0015	0	0.0000	0
E	0.0005	0	0.0000	0
L	0.0001	0	0.0000	0
D	0.0001	0	0.0000	0
R	0.0001	0	0.0000	0
M	0.0000	0	0.0000	0
A	0.0000	0	0.0000	0
T	0.0000	0	0.0000	0
V	0.0000	0	0.0000	0
I	0.0000	0	0.0000	0
E	0.0000	0	0.0000	0
D	0.0000	0	0.0000	0
I	0.0000	0	0.0000	0
I	0.0000	0	0.0000	0
L	0.0001	0	0.0000	0
K	0.0001	0	0.0000	0
V	0.0001	0	0.0000	0
K	0.0005	0	0.0002	0
K	0.0003	0	0.0000	0
N	0.0003	0	0.0001	0
T	0.0001	0	0.0000	0
I	0.0001	0	0.0000	0
V	0.0000	0	0.0000	0
Y	0.0001	0	0.0000	0
F	0.0004	0	0.0000	0
P	0.0580	0	0.0120	0
S	0.3700	1	0.2219	1
Y	0.1575	0	0.0374	0
S	0.0036	0	0.0003	0
L	0.0002	0	0.0000	0
M	0.0002	0	0.0000	0
D	0.0002	0	0.0001	0
R	0.0001	0	0.0000	0
V	0.0000	0	0.0000	0
E	0.0000	0	0.0000	0
N	0.0001	0	0.0000	0
R	0.0006	0	0.0002	0
V	0.0001	0	0.0000	0
S	0.0002	0	0.0001	0
F	0.0004	0	0.0001	0
E	0.0002	0	0.0000	0
H	0.0002	0	0.0000	0
M	0.0001	0	0.0000	0
K	0.0001	0	0.0000	0
E	0.0001	0	0.0000	0
Y	0.0001	0	0.0001	0
R	0.0003	0	0.0001	0
G	0.0001	0	0.0000	0
I	0.0004	0	0.0001	0
D	0.0013	0	0.0002	0
Q	0.0047	0	0.0010	0
K	0.0088	0	0.0015	0
E	0.0061	0	0.0009	0
L	0.0033	0	0.0007	0
Y	0.0004	0	0.0003	0
S	0.0001	0	0.0001	0
M	0.0000	0	0.0000	0
L	0.0000	0	0.0000	0
K	0.0001	0	0.0001	0
K	0.0003	0	0.0006	0
F	0.0005	0	0.0008	0
R	0.0007	0	0.0015	0
R	0.0002	0	0.0002	0
D	0.0001	0	0.0000	0
H	0.0000	0	0.0000	0
G	0.0001	0	0.0000	0
T	0.0000	0	0.0000	0
I	0.0000	0	0.0000	0
F	0.0000	0	0.0000	0
A	0.0000	0	0.0000	0
V	0.0000	0	0.0000	0
S	0.0001	0	0.0000	0
G	0.0005	0	0.0008	0
G	0.0003	0	0.0002	0
R	0.0026	0	0.0011	0
L	0.0003	0	0.0001	0
S	0.0007	0	0.0004	0
E	0.0061	0	0.0042	0
G	0.0082	0	0.0052	0
I	0.0078	0	0.0045	0
N	0.0554	0	0.0218	0
F	0.0008	0	0.0002	0
P	0.0006	0	0.0009	0
G	0.0003	0	0.0002	0
N	0.0004	0	0.0003	0
E	0.0002	0	0.0001	0
L	0.0001	0	0.0001	0
E	0.0004	0	0.0008	0
M	0.0000	0	0.0000	0
I	0.0000	0	0.0000	0
I	0.0000	0	0.0000	0
L	0.0000	0	0.0001	0
A	0.0000	0	0.0002	0
G	0.0006	0	0.0024	0
L	0.0008	0	0.0030	0
P	0.0027	0	0.0112	0
F	0.0018	0	0.0080	0
P	0.0002	0	0.0004	0
R	0.0008	0	0.0008	0
P	0.0008	0	0.0017	0
D	0.0009	0	0.0016	0
A	0.0003	0	0.0002	0
I	0.0004	0	0.0003	0
N	0.0002	0	0.0001	0
R	0.0002	0	0.0001	0
S	0.0000	0	0.0000	0
L	0.0002	0	0.0001	0
F	0.0001	0	0.0000	0
D	0.0000	0	0.0000	0
Y	0.0001	0	0.0000	0
Y	0.0000	0	0.0000	0
E	0.0001	0	0.0000	0
R	0.0000	0	0.0000	0
K	0.0005	0	0.0002	0
Y	0.0002	0	0.0001	0
G	0.0004	0	0.0002	0
K	0.0009	0	0.0002	0
G	0.0003	0	0.0000	0
W	0.0004	0	0.0000	0
E	0.0005	0	0.0001	0
Y	0.0004	0	0.0001	0
S	0.0000	0	0.0000	0
V	0.0001	0	0.0000	0
V	0.0000	0	0.0000	0
Y	0.0000	0	0.0000	0
P	0.0000	0	0.0000	0
T	0.0000	0	0.0000	0
A	0.0000	0	0.0000	0
I	0.0000	0	0.0000	0
K	0.0000	0	0.0000	0
I	0.0000	0	0.0000	0
R	0.0001	0	0.0006	0
Q	0.0024	0	0.0533	0
E	0.0001	0	0.0003	0
I	0.0001	0	0.0003	0
G	0.0003	0	0.0009	0
R	0.0295	0	0.0957	0
L	0.0001	0	0.0000	0
I	0.0001	0	0.0000	0
R	0.0566	0	0.0368	0
S	0.0005	0	0.0001	0
A	0.0043	0	0.0011	0
E	0.0078	0	0.0042	0
D	0.0744	0	0.0779	0
T	0.0034	0	0.0017	0
G	0.0001	0	0.0000	0
A	0.0000	0	0.0000	0
C	0.0000	0	0.0000	0
V	0.0001	0	0.0000	0
I	0.0000	0	0.0000	0
L	0.0001	0	0.0000	0
D	0.0225	0	0.0197	0
K	0.0209	0	0.0223	0
R	0.1656	0	0.2410	1
A	0.0044	0	0.0032	0
G	0.0005	0	0.0004	0
Q	0.0029	0	0.0053	0
F	0.0004	0	0.0003	0
R	0.0020	0	0.0028	0
K	0.0072	0	0.0110	0
F	0.0002	0	0.0001	0
I	0.0001	0	0.0001	0
P	0.0002	0	0.0003	0
D	0.0001	0	0.0001	0
M	0.0001	0	0.0001	0
K	0.0001	0	0.0001	0
K	0.0007	0	0.0004	0
T	0.0004	0	0.0002	0
S	0.0005	0	0.0002	0
D	0.0001	0	0.0000	0
P	0.0000	0	0.0000	0
A	0.0001	0	0.0000	0
S	0.0002	0	0.0003	0
D	0.0001	0	0.0000	0
I	0.0000	0	0.0000	0
Y	0.0001	0	0.0003	0
N	0.0003	0	0.0007	0
F	0.0000	0	0.0000	0
F	0.0000	0	0.0000	0
I	0.0004	0	0.0002	0
S	0.0043	0	0.0018	0
A	0.0016	0	0.0003	0
Q	0.0003	0	0.0000	0
A	0.0003	0	0.0000	0
R	0.0009	0	0.0002	0
E	0.0001	0	0.0000	0
K	0.0002	0	0.0000	0
Y	0.0003	0	0.0001	0
G	0.0002	0	0.0001	0
A	0.0010	0	0.0005	0
</pre></body></html>