<html><head></head><body><pre style="word-wrap: break-word; white-space: pre-wrap;">&gt;P0A805
Amino Acid	probability_DNA	binary_DNA	probability_RNA	binary_RNA
M	0.1156	0	0.0003	0
I	0.0047	0	0.0000	0
S	0.0165	0	0.0001	0
D	0.0017	0	0.0000	0
I	0.0002	0	0.0000	0
R	0.0056	0	0.0000	0
K	0.0160	0	0.0002	0
D	0.0006	0	0.0000	0
A	0.0005	0	0.0000	0
E	0.0054	0	0.0001	0
V	0.0193	0	0.0003	0
R	0.2309	0	0.0042	0
M	0.0013	0	0.0000	0
D	0.0087	0	0.0002	0
K	0.1678	0	0.0162	0
C	0.0027	0	0.0001	0
V	0.0011	0	0.0000	0
E	0.0248	0	0.0019	0
A	0.1079	0	0.0050	0
F	0.0016	0	0.0000	0
K	0.1173	0	0.0054	0
T	0.0427	0	0.0006	0
Q	0.0037	0	0.0000	0
I	0.0015	0	0.0000	0
S	0.1157	0	0.0021	0
K	0.2955	0	0.0074	0
I	0.0292	0	0.0001	0
R	0.7647	1	0.0289	0
T	0.6261	1	0.0099	0
G	0.3785	1	0.0035	0
R	0.8886	1	0.0476	0
A	0.1016	0	0.0007	0
S	0.5150	1	0.0175	0
P	0.3076	0	0.0033	0
S	0.2705	0	0.0014	0
L	0.0089	0	0.0000	0
L	0.0012	0	0.0000	0
D	0.0069	0	0.0003	0
G	0.0026	0	0.0001	0
I	0.0003	0	0.0000	0
V	0.0073	0	0.0006	0
V	0.0010	0	0.0000	0
E	0.2530	0	0.0509	0
Y	0.3910	1	0.1022	0
Y	0.0783	0	0.0396	0
G	0.0022	0	0.0007	0
T	0.0027	0	0.0008	0
P	0.0219	0	0.0107	0
T	0.1600	0	0.0772	0
P	0.3515	1	0.2880	1
L	0.2317	0	0.0689	0
R	0.5390	1	0.2287	1
Q	0.1439	0	0.0496	0
L	0.0004	0	0.0000	0
A	0.0002	0	0.0000	0
S	0.0042	0	0.0005	0
V	0.0005	0	0.0000	0
T	0.0039	0	0.0004	0
V	0.0134	0	0.0012	0
E	0.0133	0	0.0011	0
D	0.0029	0	0.0002	0
S	0.0027	0	0.0002	0
R	0.0106	0	0.0004	0
T	0.0012	0	0.0000	0
L	0.0001	0	0.0000	0
K	0.0065	0	0.0013	0
I	0.0026	0	0.0004	0
N	0.1812	0	0.0346	0
V	0.0132	0	0.0010	0
F	0.1485	0	0.0382	0
D	0.0116	0	0.0026	0
R	0.1106	0	0.0343	0
S	0.2555	0	0.1156	0
M	0.0100	0	0.0034	0
S	0.0091	0	0.0031	0
P	0.0752	0	0.0647	0
A	0.0021	0	0.0002	0
V	0.0002	0	0.0000	0
E	0.0009	0	0.0001	0
K	0.0849	0	0.0237	0
A	0.0003	0	0.0000	0
I	0.0000	0	0.0000	0
M	0.0002	0	0.0000	0
A	0.0001	0	0.0000	0
S	0.0003	0	0.0000	0
D	0.0008	0	0.0001	0
L	0.0007	0	0.0001	0
G	0.0060	0	0.0006	0
L	0.0239	0	0.0010	0
N	0.3494	0	0.0206	0
P	0.0086	0	0.0002	0
N	0.0033	0	0.0000	0
S	0.0017	0	0.0000	0
A	0.0008	0	0.0000	0
G	0.0006	0	0.0000	0
S	0.0015	0	0.0000	0
D	0.0031	0	0.0001	0
I	0.0005	0	0.0000	0
R	0.3243	0	0.0349	0
V	0.0066	0	0.0001	0
P	0.0227	0	0.0009	0
L	0.0114	0	0.0001	0
P	0.0582	0	0.0010	0
P	0.0455	0	0.0007	0
L	0.0415	0	0.0023	0
T	0.5977	1	0.0381	0
E	0.2129	0	0.0035	0
E	0.1132	0	0.0015	0
R	0.3183	0	0.0081	0
R	0.6893	1	0.0124	0
K	0.1021	0	0.0015	0
D	0.0143	0	0.0002	0
L	0.0013	0	0.0000	0
T	0.0029	0	0.0002	0
K	0.3310	0	0.0532	0
I	0.0060	0	0.0003	0
V	0.0003	0	0.0000	0
R	0.6851	1	0.0846	0
G	0.2932	0	0.0183	0
E	0.1253	0	0.0040	0
A	0.0571	0	0.0058	0
E	0.3397	0	0.1674	1
Q	0.2375	0	0.1255	0
A	0.0080	0	0.0024	0
R	0.5801	1	0.5548	1
V	0.5128	1	0.3249	1
A	0.6981	1	0.2951	1
V	0.0222	0	0.0079	0
R	0.8551	1	0.4084	1
N	0.7136	1	0.1860	1
V	0.0014	0	0.0000	0
R	0.8716	1	0.0300	0
R	0.7807	1	0.0076	0
D	0.0147	0	0.0000	0
A	0.0006	0	0.0000	0
N	0.0863	0	0.0080	0
D	0.1142	0	0.0065	0
K	0.0141	0	0.0002	0
V	0.0008	0	0.0000	0
K	0.3155	0	0.0155	0
A	0.3646	1	0.0039	0
L	0.0019	0	0.0000	0
L	0.0015	0	0.0000	0
K	0.2660	0	0.0046	0
D	0.0062	0	0.0000	0
K	0.0065	0	0.0000	0
E	0.0013	0	0.0000	0
I	0.0002	0	0.0000	0
S	0.0032	0	0.0001	0
E	0.0029	0	0.0001	0
D	0.0064	0	0.0001	0
D	0.0004	0	0.0000	0
D	0.0002	0	0.0000	0
R	0.1029	0	0.0017	0
R	0.0677	0	0.0005	0
S	0.0015	0	0.0000	0
Q	0.0254	0	0.0010	0
D	0.0344	0	0.0029	0
D	0.0270	0	0.0010	0
V	0.0022	0	0.0001	0
Q	0.4005	1	0.1118	0
K	0.3553	1	0.1367	0
L	0.0044	0	0.0009	0
T	0.0122	0	0.0108	0
D	0.0599	0	0.0779	0
A	0.0092	0	0.0040	0
A	0.0013	0	0.0004	0
I	0.0003	0	0.0002	0
K	0.0036	0	0.0105	0
K	0.0017	0	0.0020	0
I	0.0001	0	0.0000	0
E	0.0034	0	0.0030	0
A	0.0010	0	0.0008	0
A	0.0001	0	0.0000	0
L	0.0000	0	0.0000	0
A	0.0001	0	0.0001	0
D	0.0001	0	0.0000	0
K	0.0030	0	0.0008	0
E	0.0003	0	0.0000	0
A	0.0010	0	0.0011	0
E	0.0002	0	0.0002	0
L	0.0000	0	0.0000	0
M	0.0028	0	0.0077	0
Q	0.0018	0	0.0012	0
F	0.0015	0	0.0004	0
</pre></body></html>