<html><head></head><body><pre style="word-wrap: break-word; white-space: pre-wrap;">&gt;P03615
Amino Acid	probability_DNA	binary_DNA	probability_RNA	binary_RNA
M	0.0807	0	0.0189	0
A	0.0198	0	0.0016	0
K	0.0104	0	0.0016	0
L	0.0018	0	0.0002	0
E	0.0016	0	0.0001	0
T	0.0017	0	0.0003	0
V	0.0003	0	0.0000	0
T	0.0051	0	0.0004	0
L	0.0025	0	0.0001	0
G	0.0155	0	0.0004	0
N	0.0398	0	0.0023	0
I	0.0103	0	0.0009	0
G	0.0026	0	0.0001	0
K	0.0036	0	0.0001	0
D	0.0009	0	0.0000	0
G	0.0010	0	0.0000	0
K	0.0013	0	0.0000	0
Q	0.0119	0	0.0001	0
T	0.0695	0	0.0009	0
L	0.0009	0	0.0000	0
V	0.0225	0	0.0005	0
L	0.0012	0	0.0000	0
N	0.0153	0	0.0001	0
P	0.0013	0	0.0000	0
R	0.0407	0	0.0002	0
G	0.0093	0	0.0001	0
V	0.0066	0	0.0002	0
N	0.0055	0	0.0005	0
P	0.0014	0	0.0003	0
T	0.0045	0	0.0018	0
N	0.0121	0	0.0061	0
G	0.0033	0	0.0006	0
V	0.0007	0	0.0001	0
A	0.0002	0	0.0000	0
S	0.0008	0	0.0004	0
L	0.0002	0	0.0000	0
S	0.0023	0	0.0002	0
Q	0.0027	0	0.0003	0
A	0.0051	0	0.0004	0
G	0.0014	0	0.0001	0
A	0.0007	0	0.0001	0
V	0.0165	0	0.0026	0
R	0.0508	0	0.0014	0
A	0.0089	0	0.0001	0
L	0.0360	0	0.0001	0
E	0.1175	0	0.0003	0
K	0.0304	0	0.0001	0
R	0.3333	0	0.0012	0
V	0.0131	0	0.0000	0
T	0.5628	1	0.0061	0
V	0.0928	0	0.0003	0
S	0.6327	1	0.0043	0
V	0.4445	1	0.0005	0
S	0.6437	1	0.0003	0
Q	0.4959	1	0.0002	0
P	0.0928	0	0.0001	0
S	0.1458	0	0.0002	0
R	0.5054	1	0.0006	0
N	0.3546	1	0.0005	0
R	0.4464	1	0.0015	0
K	0.5603	1	0.0050	0
N	0.2654	0	0.0023	0
Y	0.0693	0	0.0005	0
K	0.1819	0	0.0049	0
V	0.0137	0	0.0003	0
Q	0.0576	0	0.0024	0
V	0.0022	0	0.0000	0
K	0.1097	0	0.0026	0
I	0.0030	0	0.0001	0
Q	0.0164	0	0.0018	0
N	0.0132	0	0.0027	0
P	0.0002	0	0.0000	0
T	0.0014	0	0.0019	0
A	0.0012	0	0.0028	0
G	0.0030	0	0.0066	0
T	0.0401	0	0.1009	0
A	0.0018	0	0.0065	0
N	0.0037	0	0.0139	0
G	0.0038	0	0.0071	0
S	0.0079	0	0.0148	0
C	0.0118	0	0.0186	0
D	0.0207	0	0.0177	0
P	0.0018	0	0.0007	0
S	0.0033	0	0.0006	0
V	0.0031	0	0.0009	0
T	0.0026	0	0.0007	0
R	0.0398	0	0.0095	0
Q	0.0139	0	0.0018	0
A	0.0139	0	0.0018	0
Y	0.2093	0	0.1670	1
A	0.0029	0	0.0019	0
D	0.0142	0	0.0086	0
V	0.0008	0	0.0003	0
T	0.0043	0	0.0011	0
F	0.0004	0	0.0000	0
S	0.0027	0	0.0003	0
F	0.0015	0	0.0001	0
T	0.0027	0	0.0003	0
Q	0.0006	0	0.0001	0
Y	0.0066	0	0.0012	0
S	0.0016	0	0.0001	0
T	0.0062	0	0.0003	0
D	0.0012	0	0.0001	0
E	0.0004	0	0.0000	0
E	0.0004	0	0.0000	0
R	0.0007	0	0.0001	0
A	0.0002	0	0.0000	0
F	0.0000	0	0.0000	0
V	0.0000	0	0.0000	0
R	0.0001	0	0.0000	0
T	0.0001	0	0.0000	0
E	0.0001	0	0.0000	0
L	0.0000	0	0.0000	0
A	0.0000	0	0.0000	0
A	0.0000	0	0.0000	0
L	0.0000	0	0.0000	0
L	0.0000	0	0.0000	0
A	0.0001	0	0.0000	0
S	0.0001	0	0.0000	0
P	0.0001	0	0.0000	0
L	0.0001	0	0.0000	0
L	0.0000	0	0.0000	0
I	0.0001	0	0.0000	0
D	0.0001	0	0.0000	0
A	0.0001	0	0.0000	0
I	0.0001	0	0.0000	0
D	0.0002	0	0.0000	0
Q	0.0003	0	0.0000	0
L	0.0003	0	0.0000	0
R	0.0025	0	0.0001	0
P	0.0044	0	0.0001	0
A	0.0049	0	0.0001	0
Y	0.1935	0	0.0078	0
</pre></body></html>