<html><head></head><body><pre style="word-wrap: break-word; white-space: pre-wrap;">&gt;Q58134
Amino Acid	probability_DNA	binary_DNA	probability_RNA	binary_RNA
M	0.1715	0	0.0000	0
M	0.0517	0	0.0000	0
L	0.0015	0	0.0000	0
I	0.0015	0	0.0000	0
K	0.0045	0	0.0000	0
K	0.0025	0	0.0000	0
I	0.0009	0	0.0000	0
E	0.0010	0	0.0000	0
E	0.0004	0	0.0000	0
L	0.0002	0	0.0000	0
K	0.0011	0	0.0000	0
N	0.0023	0	0.0000	0
S	0.0009	0	0.0000	0
E	0.0018	0	0.0000	0
I	0.0007	0	0.0000	0
K	0.0064	0	0.0000	0
D	0.0008	0	0.0000	0
I	0.0026	0	0.0000	0
I	0.0002	0	0.0000	0
D	0.0004	0	0.0000	0
K	0.0010	0	0.0000	0
R	0.0066	0	0.0000	0
I	0.0002	0	0.0000	0
Q	0.0005	0	0.0000	0
E	0.0011	0	0.0000	0
F	0.0011	0	0.0000	0
K	0.0182	0	0.0000	0
S	0.0022	0	0.0000	0
F	0.0023	0	0.0000	0
K	0.0170	0	0.0000	0
N	0.0448	0	0.0000	0
K	0.0030	0	0.0000	0
S	0.0064	0	0.0000	0
N	0.0111	0	0.0000	0
E	0.0319	0	0.0000	0
E	0.0037	0	0.0000	0
W	0.0004	0	0.0000	0
F	0.0031	0	0.0000	0
K	0.0052	0	0.0000	0
E	0.0036	0	0.0000	0
L	0.0007	0	0.0000	0
C	0.0007	0	0.0000	0
F	0.0038	0	0.0000	0
C	0.0112	0	0.0000	0
I	0.0043	0	0.0000	0
L	0.0121	0	0.0000	0
T	0.3935	1	0.0002	0
A	0.5953	1	0.0002	0
N	0.9127	1	0.0002	0
F	0.7540	1	0.0000	0
T	0.8280	1	0.0000	0
A	0.3294	0	0.0000	0
E	0.1402	0	0.0000	0
G	0.1676	0	0.0000	0
G	0.0052	0	0.0000	0
I	0.0109	0	0.0000	0
R	0.1368	0	0.0000	0
I	0.0015	0	0.0000	0
Q	0.0120	0	0.0000	0
K	0.0069	0	0.0000	0
E	0.0011	0	0.0000	0
I	0.0002	0	0.0000	0
G	0.0002	0	0.0000	0
D	0.0010	0	0.0000	0
G	0.0002	0	0.0000	0
F	0.0001	0	0.0000	0
L	0.0001	0	0.0000	0
T	0.0001	0	0.0000	0
L	0.0001	0	0.0000	0
P	0.0003	0	0.0000	0
R	0.0005	0	0.0000	0
E	0.0003	0	0.0000	0
E	0.0002	0	0.0000	0
L	0.0001	0	0.0000	0
E	0.0003	0	0.0000	0
E	0.0003	0	0.0000	0
K	0.0001	0	0.0000	0
L	0.0001	0	0.0000	0
K	0.0162	0	0.0000	0
N	0.0005	0	0.0000	0
L	0.0006	0	0.0000	0
G	0.0454	0	0.0000	0
H	0.1961	0	0.0000	0
R	0.9002	1	0.0000	0
F	0.7653	1	0.0000	0
Y	0.5970	1	0.0000	0
R	0.7666	1	0.0000	0
K	0.5162	1	0.0000	0
R	0.3566	1	0.0000	0
A	0.0067	0	0.0000	0
E	0.0410	0	0.0000	0
Y	0.0255	0	0.0000	0
I	0.0006	0	0.0000	0
V	0.0154	0	0.0000	0
L	0.0073	0	0.0000	0
A	0.0002	0	0.0000	0
R	0.0126	0	0.0000	0
R	0.0027	0	0.0000	0
F	0.0006	0	0.0000	0
K	0.0050	0	0.0000	0
N	0.0049	0	0.0000	0
I	0.0029	0	0.0000	0
K	0.0020	0	0.0000	0
D	0.0007	0	0.0000	0
I	0.0010	0	0.0000	0
V	0.0005	0	0.0000	0
E	0.0019	0	0.0000	0
S	0.0007	0	0.0000	0
F	0.0003	0	0.0000	0
E	0.0006	0	0.0000	0
N	0.0004	0	0.0000	0
E	0.0008	0	0.0000	0
K	0.0024	0	0.0000	0
V	0.0016	0	0.0000	0
A	0.0005	0	0.0000	0
R	0.0110	0	0.0000	0
E	0.0012	0	0.0000	0
F	0.0001	0	0.0000	0
L	0.0001	0	0.0000	0
V	0.0002	0	0.0000	0
R	0.0023	0	0.0000	0
N	0.0086	0	0.0000	0
I	0.0022	0	0.0000	0
K	0.2569	0	0.0000	0
G	0.8218	1	0.0000	0
I	0.7104	1	0.0000	0
G	0.9045	1	0.0000	0
Y	0.3915	1	0.0000	0
Q	0.8496	1	0.0000	0
E	0.1199	0	0.0000	0
A	0.0008	0	0.0000	0
S	0.0007	0	0.0000	0
H	0.0010	0	0.0000	0
F	0.0001	0	0.0000	0
L	0.0001	0	0.0000	0
R	0.0006	0	0.0000	0
N	0.0004	0	0.0000	0
V	0.0001	0	0.0000	0
G	0.0001	0	0.0000	0
Y	0.0001	0	0.0000	0
D	0.0001	0	0.0000	0
D	0.0003	0	0.0000	0
V	0.0002	0	0.0000	0
A	0.0002	0	0.0000	0
I	0.0010	0	0.0000	0
I	0.0039	0	0.0000	0
D	0.2596	0	0.0000	0
R	0.6075	1	0.0000	0
H	0.4025	1	0.0000	0
I	0.0024	0	0.0000	0
L	0.0049	0	0.0000	0
R	0.1979	0	0.0000	0
E	0.0007	0	0.0000	0
L	0.0006	0	0.0000	0
Y	0.0105	0	0.0000	0
E	0.0223	0	0.0000	0
N	0.0008	0	0.0000	0
N	0.0018	0	0.0000	0
Y	0.0090	0	0.0000	0
I	0.0009	0	0.0000	0
D	0.0045	0	0.0000	0
E	0.0134	0	0.0000	0
I	0.0756	0	0.0000	0
P	0.0468	0	0.0000	0
K	0.4369	1	0.0000	0
T	0.5181	1	0.0000	0
L	0.4968	1	0.0000	0
S	0.4025	1	0.0000	0
R	0.4695	1	0.0000	0
R	0.7750	1	0.0000	0
K	0.0875	0	0.0000	0
Y	0.4171	1	0.0000	0
L	0.0388	0	0.0000	0
E	0.0119	0	0.0000	0
I	0.0017	0	0.0000	0
E	0.0577	0	0.0000	0
N	0.0199	0	0.0000	0
I	0.0138	0	0.0000	0
L	0.0008	0	0.0000	0
R	0.0217	0	0.0000	0
D	0.0013	0	0.0000	0
I	0.0008	0	0.0000	0
G	0.0012	0	0.0000	0
E	0.0495	0	0.0000	0
E	0.0159	0	0.0000	0
V	0.0132	0	0.0000	0
N	0.2686	0	0.0000	0
L	0.0193	0	0.0000	0
K	0.3797	1	0.0000	0
L	0.0766	0	0.0000	0
S	0.0368	0	0.0000	0
E	0.1750	0	0.0000	0
L	0.0094	0	0.0000	0
D	0.4669	1	0.0000	0
L	0.0051	0	0.0000	0
Y	0.1469	0	0.0000	0
I	0.0033	0	0.0000	0
W	0.6110	1	0.0000	0
Y	0.0982	0	0.0000	0
L	0.0193	0	0.0000	0
R	0.0217	0	0.0000	0
T	0.0603	0	0.0000	0
G	0.0041	0	0.0000	0
K	0.0201	0	0.0000	0
V	0.0011	0	0.0000	0
L	0.0056	0	0.0000	0
K	0.2793	0	0.0000	0
</pre></body></html>