<html><head></head><body><pre style="word-wrap: break-word; white-space: pre-wrap;">&gt;Q9RXJ5
Amino Acid	probability_DNA	binary_DNA	probability_RNA	binary_RNA
M	0.0000	0	0.9431	1
L	0.0000	0	0.9606	1
L	0.0000	0	0.7302	1
P	0.0000	0	0.4212	1
K	0.0000	0	0.7006	1
R	0.0000	0	0.8615	1
T	0.0000	0	0.5778	1
K	0.0000	0	0.9469	1
F	0.0000	0	0.9624	1
R	0.0000	0	0.9391	1
K	0.0000	0	0.9563	1
Q	0.0000	0	0.8092	1
F	0.0000	0	0.9727	1
R	0.0000	0	0.9658	1
G	0.0000	0	0.7441	1
R	0.0000	0	0.9627	1
M	0.0000	0	0.8673	1
T	0.0000	0	0.9557	1
G	0.0000	0	0.8757	1
D	0.0000	0	0.8407	1
A	0.0000	0	0.3246	1
K	0.0000	0	0.8259	1
G	0.0000	0	0.4522	1
G	0.0000	0	0.1631	1
D	0.0000	0	0.1283	0
Y	0.0000	0	0.0471	0
V	0.0000	0	0.0052	0
A	0.0000	0	0.0105	0
F	0.0000	0	0.0720	0
G	0.0000	0	0.0067	0
D	0.0000	0	0.0942	0
Y	0.0000	0	0.0987	0
G	0.0000	0	0.0929	0
L	0.0000	0	0.0031	0
I	0.0000	0	0.0135	0
A	0.0000	0	0.0054	0
M	0.0000	0	0.0174	0
E	0.0000	0	0.0115	0
P	0.0000	0	0.0408	0
A	0.0000	0	0.0015	0
W	0.0000	0	0.0988	0
I	0.0000	0	0.0052	0
K	0.0000	0	0.5296	1
S	0.0000	0	0.1840	1
N	0.0000	0	0.2156	1
Q	0.0000	0	0.2204	1
I	0.0000	0	0.0243	0
E	0.0000	0	0.1573	1
A	0.0000	0	0.1424	0
C	0.0000	0	0.0025	0
R	0.0000	0	0.4018	1
I	0.0000	0	0.3174	1
V	0.0000	0	0.0050	0
M	0.0000	0	0.0025	0
S	0.0000	0	0.5152	1
R	0.0000	0	0.7984	1
H	0.0000	0	0.2653	1
F	0.0000	0	0.0085	0
R	0.0000	0	0.5122	1
R	0.0000	0	0.4329	1
G	0.0000	0	0.0822	0
G	0.0000	0	0.4169	1
K	0.0000	0	0.3123	1
I	0.0000	0	0.0207	0
Y	0.0000	0	0.8927	1
I	0.0000	0	0.2021	1
R	0.0000	0	0.8079	1
I	0.0000	0	0.3724	1
F	0.0000	0	0.9203	1
P	0.0000	0	0.1665	1
D	0.0000	0	0.5640	1
K	0.0000	0	0.1377	0
P	0.0000	0	0.0265	0
V	0.0000	0	0.0499	0
T	0.0000	0	0.8828	1
K	0.0000	0	0.7288	1
K	0.0000	0	0.8654	1
P	0.0000	0	0.2016	1
A	0.0000	0	0.2134	1
E	0.0000	0	0.3126	1
T	0.0000	0	0.5173	1
R	0.0000	0	0.9189	1
M	0.0000	0	0.9684	1
G	0.0000	0	0.8455	1
K	0.0000	0	0.9346	1
G	0.0000	0	0.9171	1
K	0.0000	0	0.9031	1
G	0.0000	0	0.6176	1
A	0.0000	0	0.1758	1
V	0.0000	0	0.0407	0
E	0.0000	0	0.0943	0
Y	0.0000	0	0.0838	0
W	0.0000	0	0.3989	1
V	0.0000	0	0.0081	0
S	0.0000	0	0.0040	0
V	0.0000	0	0.3852	1
V	0.0000	0	0.0033	0
K	0.0000	0	0.0469	0
P	0.0000	0	0.0072	0
G	0.0000	0	0.0073	0
R	0.0000	0	0.0033	0
V	0.0000	0	0.0003	0
M	0.0000	0	0.0009	0
F	0.0000	0	0.0015	0
E	0.0000	0	0.0193	0
V	0.0000	0	0.0038	0
A	0.0000	0	0.0095	0
G	0.0000	0	0.0245	0
V	0.0000	0	0.0073	0
T	0.0000	0	0.0047	0
E	0.0000	0	0.0026	0
E	0.0000	0	0.0034	0
Q	0.0000	0	0.0016	0
A	0.0000	0	0.0014	0
K	0.0000	0	0.1203	0
E	0.0000	0	0.0116	0
A	0.0000	0	0.0028	0
F	0.0000	0	0.0063	0
R	0.0000	0	0.6167	1
L	0.0000	0	0.5154	1
A	0.0000	0	0.0129	0
G	0.0000	0	0.0567	0
H	0.0001	0	0.7586	1
K	0.0019	0	0.9285	1
L	0.0006	0	0.3823	1
P	0.0003	0	0.6982	1
I	0.0002	0	0.3412	1
Q	0.0002	0	0.5855	1
T	0.0000	0	0.0611	0
K	0.0000	0	0.0197	0
M	0.0000	0	0.0012	0
V	0.0000	0	0.0005	0
K	0.0000	0	0.0005	0
R	0.0000	0	0.0011	0
E	0.0000	0	0.0004	0
V	0.0000	0	0.0003	0
Y	0.0000	0	0.0003	0
D	0.0000	0	0.0005	0
E	0.0000	0	0.0009	0
A	0.0000	0	0.0043	0
Q	0.0000	0	0.0196	0
</pre></body></html>