<html><head></head><body><pre style="word-wrap: break-word; white-space: pre-wrap;">&gt;P16517
Amino Acid	probability_DNA	binary_DNA	probability_RNA	binary_RNA
M	0.0780	0	0.0000	0
E	0.0164	0	0.0000	0
A	0.0023	0	0.0000	0
I	0.0006	0	0.0000	0
L	0.0002	0	0.0000	0
M	0.0009	0	0.0000	0
I	0.0005	0	0.0000	0
G	0.0014	0	0.0000	0
V	0.0007	0	0.0000	0
L	0.0023	0	0.0000	0
A	0.0034	0	0.0000	0
L	0.0023	0	0.0000	0
C	0.0020	0	0.0000	0
V	0.0060	0	0.0000	0
I	0.0028	0	0.0000	0
F	0.0047	0	0.0000	0
L	0.0133	0	0.0000	0
L	0.0146	0	0.0000	0
S	0.4304	1	0.0000	0
G	0.1103	0	0.0000	0
R	0.3697	1	0.0000	0
N	0.3173	0	0.0000	0
N	0.1672	0	0.0000	0
K	0.2124	0	0.0000	0
K	0.5304	1	0.0000	0
K	0.7788	1	0.0000	0
Q	0.4013	1	0.0000	0
E	0.0455	0	0.0000	0
A	0.0061	0	0.0000	0
R	0.0195	0	0.0000	0
E	0.0087	0	0.0000	0
L	0.0015	0	0.0000	0
E	0.0050	0	0.0000	0
D	0.0039	0	0.0000	0
Y	0.0012	0	0.0000	0
L	0.0004	0	0.0000	0
E	0.0012	0	0.0000	0
D	0.0005	0	0.0000	0
L	0.0002	0	0.0000	0
N	0.0011	0	0.0000	0
K	0.0010	0	0.0000	0
R	0.0025	0	0.0000	0
V	0.0006	0	0.0000	0
V	0.0010	0	0.0000	0
Q	0.0011	0	0.0000	0
R	0.0055	0	0.0000	0
T	0.0009	0	0.0000	0
Q	0.0004	0	0.0000	0
I	0.0002	0	0.0000	0
L	0.0002	0	0.0000	0
S	0.0005	0	0.0000	0
E	0.0002	0	0.0000	0
L	0.0002	0	0.0000	0
N	0.0016	0	0.0000	0
E	0.0010	0	0.0000	0
V	0.0007	0	0.0000	0
I	0.0004	0	0.0000	0
S	0.0025	0	0.0000	0
N	0.0084	0	0.0000	0
R	0.0906	0	0.0000	0
S	0.1447	0	0.0000	0
I	0.0942	0	0.0000	0
D	0.0087	0	0.0000	0
K	0.0050	0	0.0000	0
T	0.0122	0	0.0000	0
V	0.0099	0	0.0000	0
N	0.0152	0	0.0000	0
L	0.0075	0	0.0000	0
S	0.0044	0	0.0000	0
A	0.0018	0	0.0000	0
C	0.0010	0	0.0000	0
E	0.0016	0	0.0000	0
V	0.0007	0	0.0000	0
A	0.0003	0	0.0000	0
V	0.0002	0	0.0000	0
L	0.0002	0	0.0000	0
D	0.0002	0	0.0000	0
L	0.0001	0	0.0000	0
Y	0.0005	0	0.0000	0
E	0.0006	0	0.0000	0
Q	0.0009	0	0.0000	0
S	0.0008	0	0.0000	0
N	0.0009	0	0.0000	0
I	0.0029	0	0.0000	0
R	0.1836	0	0.0000	0
I	0.0263	0	0.0000	0
P	0.0248	0	0.0000	0
S	0.0102	0	0.0000	0
D	0.0015	0	0.0000	0
I	0.0004	0	0.0000	0
I	0.0007	0	0.0000	0
E	0.0025	0	0.0000	0
D	0.0015	0	0.0000	0
L	0.0006	0	0.0000	0
V	0.0012	0	0.0000	0
N	0.0049	0	0.0000	0
Q	0.0135	0	0.0000	0
R	0.1085	0	0.0000	0
L	0.0102	0	0.0000	0
Q	0.0762	0	0.0000	0
S	0.2460	0	0.0000	0
E	0.0747	0	0.0000	0
Q	0.0260	0	0.0000	0
E	0.0056	0	0.0000	0
V	0.0007	0	0.0000	0
L	0.0006	0	0.0000	0
N	0.0053	0	0.0000	0
Y	0.0065	0	0.0000	0
I	0.0013	0	0.0000	0
E	0.0093	0	0.0000	0
T	0.4470	1	0.0000	0
Q	0.1860	0	0.0000	0
R	0.2373	0	0.0000	0
T	0.2185	0	0.0000	0
Y	0.0711	0	0.0000	0
W	0.1823	0	0.0000	0
K	0.8105	1	0.0000	0
L	0.0252	0	0.0000	0
E	0.0127	0	0.0000	0
N	0.1051	0	0.0000	0
Q	0.3197	0	0.0000	0
K	0.1621	0	0.0000	0
K	0.8716	1	0.0000	0
L	0.1122	0	0.0000	0
Y	0.6447	1	0.0000	0
R	0.4902	1	0.0000	0
G	0.3491	0	0.0000	0
S	0.3271	0	0.0000	0
L	0.2843	0	0.0000	0
K	0.4888	1	0.0001	0
</pre></body></html>