<html><head></head><body><pre style="word-wrap: break-word; white-space: pre-wrap;">&gt;Q24C27
Amino Acid	probability_DNA	binary_DNA	probability_RNA	binary_RNA
M	0.0000	0	0.8574	1
V	0.0000	0	0.6041	1
F	0.0000	0	0.2395	1
N	0.0000	0	0.1076	0
K	0.0000	0	0.2252	1
F	0.0000	0	0.0293	0
V	0.0000	0	0.0042	0
Q	0.0000	0	0.3025	1
V	0.0000	0	0.0271	0
G	0.0000	0	0.0378	0
R	0.0000	0	0.3532	1
V	0.0000	0	0.0064	0
V	0.0000	0	0.0044	0
Y	0.0000	0	0.0642	0
I	0.0000	0	0.0091	0
N	0.0000	0	0.0515	0
Y	0.0000	0	0.2526	1
G	0.0000	0	0.0542	0
A	0.0000	0	0.0252	0
D	0.0000	0	0.0250	0
K	0.0000	0	0.0438	0
G	0.0000	0	0.0088	0
K	0.0000	0	0.0365	0
L	0.0000	0	0.0040	0
A	0.0000	0	0.0016	0
V	0.0000	0	0.0017	0
I	0.0000	0	0.0049	0
V	0.0000	0	0.0014	0
N	0.0000	0	0.0232	0
I	0.0000	0	0.0034	0
I	0.0000	0	0.0106	0
N	0.0000	0	0.0216	0
Q	0.0000	0	0.0429	0
N	0.0000	0	0.0141	0
R	0.0000	0	0.0229	0
I	0.0000	0	0.0088	0
L	0.0000	0	0.0048	0
I	0.0000	0	0.0081	0
D	0.0000	0	0.0511	0
G	0.0000	0	0.0354	0
E	0.0000	0	0.0678	0
H	0.0000	0	0.0402	0
I	0.0000	0	0.0228	0
V	0.0000	0	0.0827	0
R	0.0000	0	0.3224	1
Q	0.0000	0	0.1429	0
V	0.0000	0	0.0966	0
I	0.0000	0	0.0644	0
P	0.0000	0	0.1291	0
I	0.0000	0	0.2417	1
R	0.0000	0	0.1077	0
R	0.0000	0	0.2315	1
V	0.0000	0	0.0109	0
H	0.0000	0	0.1006	0
L	0.0000	0	0.0029	0
T	0.0000	0	0.0031	0
K	0.0000	0	0.0120	0
F	0.0000	0	0.0018	0
Q	0.0000	0	0.0046	0
I	0.0000	0	0.0012	0
D	0.0000	0	0.0012	0
N	0.0000	0	0.0020	0
V	0.0000	0	0.0022	0
E	0.0000	0	0.0071	0
L	0.0000	0	0.1786	1
N	0.0000	0	0.2343	1
Q	0.0000	0	0.2066	1
R	0.0001	0	0.6789	1
T	0.0001	0	0.5886	1
V	0.0000	0	0.0655	0
L	0.0000	0	0.0089	0
L	0.0000	0	0.0020	0
K	0.0000	0	0.1599	1
K	0.0000	0	0.0101	0
K	0.0000	0	0.0009	0
I	0.0000	0	0.0018	0
A	0.0000	0	0.0011	0
K	0.0000	0	0.0063	0
F	0.0000	0	0.0027	0
D	0.0000	0	0.0040	0
L	0.0000	0	0.0014	0
T	0.0000	0	0.0322	0
K	0.0000	0	0.0118	0
K	0.0000	0	0.1786	1
Y	0.0000	0	0.0107	0
A	0.0000	0	0.0041	0
E	0.0000	0	0.0073	0
T	0.0000	0	0.0082	0
S	0.0000	0	0.0197	0
F	0.0000	0	0.0551	0
A	0.0000	0	0.0070	0
K	0.0000	0	0.1095	0
K	0.0000	0	0.2775	1
Q	0.0000	0	0.0046	0
A	0.0000	0	0.0020	0
I	0.0000	0	0.0034	0
K	0.0000	0	0.0413	0
T	0.0000	0	0.0038	0
K	0.0000	0	0.0040	0
R	0.0000	0	0.1360	0
A	0.0000	0	0.0065	0
N	0.0000	0	0.0101	0
L	0.0000	0	0.0039	0
G	0.0000	0	0.2756	1
D	0.0000	0	0.1138	0
F	0.0000	0	0.0278	0
D	0.0000	0	0.0546	0
R	0.0000	0	0.6568	1
F	0.0000	0	0.1920	1
R	0.0000	0	0.5291	1
V	0.0000	0	0.0417	0
M	0.0000	0	0.6219	1
V	0.0000	0	0.7303	1
L	0.0000	0	0.1570	1
K	0.0000	0	0.9380	1
K	0.0000	0	0.7163	1
K	0.0000	0	0.4838	1
L	0.0000	0	0.5563	1
A	0.0000	0	0.6709	1
R	0.0001	0	0.8136	1
T	0.0000	0	0.2172	1
S	0.0000	0	0.0662	0
A	0.0000	0	0.7193	1
K	0.0000	0	0.6287	1
S	0.0000	0	0.2779	1
K	0.0000	0	0.3837	1
</pre></body></html>