<html><head></head><body><pre style="word-wrap: break-word; white-space: pre-wrap;">&gt;Q23PT4
Amino Acid	probability_DNA	binary_DNA	probability_RNA	binary_RNA
M	0.0202	0	0.0944	0
N	0.0074	0	0.0719	0
K	0.0116	0	0.0695	0
K	0.0174	0	0.0813	0
S	0.0178	0	0.1950	1
K	0.0169	0	0.1442	0
E	0.0021	0	0.0150	0
K	0.0015	0	0.0049	0
N	0.0005	0	0.0019	0
M	0.0001	0	0.0003	0
E	0.0001	0	0.0004	0
E	0.0000	0	0.0002	0
E	0.0000	0	0.0000	0
D	0.0000	0	0.0001	0
M	0.0001	0	0.0003	0
E	0.0002	0	0.0013	0
L	0.0000	0	0.0000	0
K	0.0002	0	0.0028	0
D	0.0001	0	0.0002	0
R	0.0004	0	0.0017	0
E	0.0001	0	0.0003	0
M	0.0000	0	0.0003	0
G	0.0001	0	0.0007	0
Q	0.0002	0	0.0028	0
I	0.0002	0	0.0012	0
N	0.0034	0	0.0261	0
E	0.0004	0	0.0045	0
F	0.0000	0	0.0000	0
C	0.0000	0	0.0000	0
K	0.0001	0	0.0004	0
E	0.0000	0	0.0002	0
I	0.0000	0	0.0000	0
K	0.0015	0	0.0112	0
K	0.0003	0	0.0019	0
L	0.0000	0	0.0002	0
N	0.0002	0	0.0062	0
V	0.0001	0	0.0005	0
K	0.0011	0	0.0143	0
E	0.0005	0	0.0089	0
I	0.0000	0	0.0002	0
H	0.0027	0	0.0860	0
K	0.0064	0	0.2668	1
K	0.0027	0	0.0920	0
K	0.0146	0	0.5749	1
S	0.0170	0	0.5705	1
E	0.0033	0	0.2584	1
S	0.0005	0	0.0796	0
Y	0.0054	0	0.3969	1
K	0.0012	0	0.1754	1
K	0.0028	0	0.3269	1
E	0.0009	0	0.1723	1
K	0.0070	0	0.5522	1
A	0.0003	0	0.0229	0
N	0.0028	0	0.2128	1
S	0.0191	0	0.4801	1
Q	0.0259	0	0.4964	1
K	0.0480	0	0.5475	1
A	0.0047	0	0.0852	0
I	0.0001	0	0.0018	0
Q	0.0027	0	0.0604	0
N	0.0090	0	0.1614	1
Q	0.0011	0	0.0129	0
I	0.0000	0	0.0002	0
Q	0.0001	0	0.0093	0
K	0.0009	0	0.1629	1
V	0.0000	0	0.0008	0
Y	0.0032	0	0.2147	1
Q	0.0067	0	0.1668	1
K	0.0032	0	0.1342	0
I	0.0000	0	0.0023	0
N	0.0040	0	0.2900	1
I	0.0001	0	0.0095	0
S	0.0068	0	0.3497	1
F	0.0014	0	0.0799	0
R	0.0138	0	0.5130	1
K	0.0113	0	0.6609	1
H	0.0072	0	0.4381	1
Q	0.0030	0	0.3636	1
N	0.0006	0	0.0774	0
P	0.0016	0	0.1836	1
V	0.0045	0	0.3330	1
K	0.0099	0	0.3835	1
R	0.0337	0	0.5054	1
R	0.0232	0	0.4987	1
N	0.0256	0	0.5198	1
A	0.0551	0	0.5804	1
G	0.0098	0	0.3175	1
R	0.0161	0	0.6803	1
S	0.0060	0	0.5498	1
Q	0.0044	0	0.7218	1
K	0.0050	0	0.7185	1
N	0.0011	0	0.4992	1
R	0.0019	0	0.6741	1
G	0.0006	0	0.2754	1
H	0.0011	0	0.4586	1
T	0.0000	0	0.0115	0
R	0.0007	0	0.2030	1
T	0.0003	0	0.1195	0
V	0.0000	0	0.0018	0
P	0.0009	0	0.2435	1
C	0.0000	0	0.0072	0
T	0.0003	0	0.1293	0
N	0.0003	0	0.1391	0
C	0.0000	0	0.0049	0
G	0.0002	0	0.1196	0
R	0.0009	0	0.6889	1
Q	0.0003	0	0.1078	0
V	0.0007	0	0.1952	1
A	0.0006	0	0.3238	1
K	0.0013	0	0.5743	1
D	0.0023	0	0.3837	1
K	0.0046	0	0.3611	1
A	0.0001	0	0.0069	0
V	0.0001	0	0.0041	0
K	0.0138	0	0.3942	1
R	0.0081	0	0.3407	1
Y	0.0001	0	0.0075	0
T	0.0000	0	0.0031	0
V	0.0000	0	0.0004	0
R	0.0006	0	0.0763	0
D	0.0000	0	0.0009	0
M	0.0000	0	0.0001	0
V	0.0000	0	0.0001	0
D	0.0000	0	0.0002	0
P	0.0000	0	0.0005	0
S	0.0000	0	0.0001	0
S	0.0000	0	0.0000	0
K	0.0000	0	0.0001	0
R	0.0000	0	0.0036	0
D	0.0000	0	0.0002	0
I	0.0000	0	0.0001	0
Q	0.0000	0	0.0195	0
Q	0.0000	0	0.0016	0
K	0.0000	0	0.0003	0
L	0.0000	0	0.0008	0
A	0.0000	0	0.0003	0
F	0.0000	0	0.0024	0
E	0.0000	0	0.0006	0
N	0.0000	0	0.0017	0
E	0.0000	0	0.0027	0
K	0.0000	0	0.0045	0
Q	0.0001	0	0.0355	0
G	0.0000	0	0.0247	0
I	0.0000	0	0.0057	0
P	0.0001	0	0.0470	0
K	0.0019	0	0.6720	1
L	0.0001	0	0.0490	0
Y	0.0008	0	0.2438	1
V	0.0009	0	0.1068	0
K	0.0921	0	0.7199	1
L	0.0146	0	0.3604	1
Q	0.0527	0	0.5374	1
Y	0.0323	0	0.4618	1
C	0.0001	0	0.0054	0
I	0.0053	0	0.2145	1
S	0.0011	0	0.0651	0
C	0.0000	0	0.0010	0
A	0.0004	0	0.0427	0
I	0.0000	0	0.0051	0
H	0.0039	0	0.2678	1
S	0.0006	0	0.0629	0
R	0.0036	0	0.1975	1
V	0.0002	0	0.0185	0
V	0.0000	0	0.0031	0
R	0.0163	0	0.7096	1
V	0.0010	0	0.0715	0
R	0.0478	0	0.7010	1
C	0.0159	0	0.4981	1
A	0.0147	0	0.6592	1
E	0.0016	0	0.3546	1
D	0.0000	0	0.0249	0
R	0.0027	0	0.6943	1
R	0.0011	0	0.4747	1
I	0.0005	0	0.2973	1
R	0.0010	0	0.6907	1
R	0.0002	0	0.2684	1
P	0.0003	0	0.2482	1
A	0.0002	0	0.2093	1
L	0.0000	0	0.0133	0
K	0.0003	0	0.2269	1
T	0.0001	0	0.0566	0
E	0.0001	0	0.0852	0
E	0.0001	0	0.0385	0
S	0.0001	0	0.0740	0
E	0.0000	0	0.0099	0
D	0.0000	0	0.0013	0
P	0.0000	0	0.0003	0
L	0.0000	0	0.0002	0
L	0.0000	0	0.0001	0
E	0.0000	0	0.0003	0
T	0.0000	0	0.0003	0
E	0.0000	0	0.0002	0
S	0.0000	0	0.0003	0
P	0.0000	0	0.0001	0
K	0.0000	0	0.0009	0
L	0.0000	0	0.0004	0
L	0.0000	0	0.0003	0
R	0.0000	0	0.0035	0
L	0.0000	0	0.0002	0
M	0.0000	0	0.0001	0
P	0.0000	0	0.0001	0
P	0.0000	0	0.0001	0
L	0.0000	0	0.0002	0
P	0.0000	0	0.0002	0
R	0.0000	0	0.0007	0
N	0.0000	0	0.0014	0
N	0.0000	0	0.0014	0
D	0.0000	0	0.0010	0
Q	0.0000	0	0.0010	0
L	0.0000	0	0.0004	0
V	0.0000	0	0.0002	0
M	0.0000	0	0.0004	0
L	0.0000	0	0.0002	0
Q	0.0000	0	0.0016	0
A	0.0000	0	0.0012	0
K	0.0000	0	0.0022	0
I	0.0000	0	0.0010	0
T	0.0000	0	0.0150	0
N	0.0001	0	0.1247	0
E	0.0005	0	0.2754	1
K	0.0015	0	0.3782	1
A	0.0003	0	0.1049	0
S	0.0001	0	0.0831	0
R	0.0010	0	0.3037	1
N	0.0016	0	0.4306	1
Q	0.0008	0	0.3336	1
Y	0.0006	0	0.3326	1
S	0.0003	0	0.2155	1
H	0.0005	0	0.2380	1
</pre></body></html>