<html><head></head><body><pre style="word-wrap: break-word; white-space: pre-wrap;">&gt;Q8IBQ5
Amino Acid	probability_DNA	binary_DNA	probability_RNA	binary_RNA
M	0.0158	0	0.0001	0
D	0.0066	0	0.0000	0
K	0.0116	0	0.0000	0
Q	0.0294	0	0.0001	0
T	0.0469	0	0.0003	0
L	0.0030	0	0.0001	0
P	0.0036	0	0.0002	0
H	0.0146	0	0.0004	0
H	0.0205	0	0.0006	0
K	0.0355	0	0.0015	0
Y	0.0031	0	0.0001	0
S	0.0021	0	0.0001	0
Y	0.0005	0	0.0000	0
I	0.0005	0	0.0000	0
P	0.0060	0	0.0001	0
K	0.5066	1	0.0063	0
Q	0.1344	0	0.0012	0
N	0.0352	0	0.0002	0
K	0.5032	1	0.0111	0
K	0.1114	0	0.0010	0
L	0.0040	0	0.0000	0
I	0.0001	0	0.0000	0
Y	0.0007	0	0.0001	0
E	0.0028	0	0.0002	0
Y	0.0005	0	0.0000	0
L	0.0001	0	0.0000	0
F	0.0002	0	0.0000	0
K	0.0069	0	0.0007	0
E	0.0003	0	0.0000	0
G	0.0002	0	0.0000	0
V	0.0001	0	0.0000	0
I	0.0001	0	0.0000	0
V	0.0001	0	0.0000	0
V	0.0004	0	0.0000	0
E	0.0350	0	0.0026	0
K	0.3927	1	0.0467	0
D	0.1897	0	0.0128	0
A	0.5743	1	0.0888	0
K	0.7893	1	0.1005	0
I	0.3409	0	0.0312	0
P	0.1291	0	0.0028	0
R	0.5040	1	0.0326	0
H	0.2388	0	0.0063	0
P	0.0258	0	0.0002	0
H	0.0171	0	0.0001	0
L	0.0020	0	0.0000	0
N	0.0014	0	0.0000	0
V	0.0006	0	0.0000	0
P	0.0016	0	0.0000	0
N	0.0200	0	0.0005	0
L	0.0011	0	0.0000	0
H	0.0022	0	0.0000	0
I	0.0010	0	0.0000	0
M	0.0034	0	0.0001	0
M	0.0165	0	0.0007	0
T	0.0008	0	0.0000	0
L	0.0033	0	0.0002	0
K	0.3870	1	0.1178	0
S	0.2711	0	0.0814	0
L	0.0457	0	0.0109	0
K	0.2173	0	0.1511	1
S	0.3801	1	0.2457	1
R	0.3033	0	0.1738	1
N	0.0091	0	0.0025	0
Y	0.0015	0	0.0001	0
V	0.0004	0	0.0000	0
E	0.0044	0	0.0000	0
E	0.0086	0	0.0000	0
K	0.1843	0	0.0011	0
Y	0.4093	1	0.0085	0
N	0.3241	0	0.0109	0
W	0.4266	1	0.0158	0
K	0.1251	0	0.0011	0
H	0.6606	1	0.0008	0
Q	0.1882	0	0.0006	0
Y	0.0597	0	0.0002	0
F	0.0016	0	0.0000	0
I	0.0007	0	0.0000	0
L	0.0002	0	0.0000	0
N	0.0014	0	0.0000	0
N	0.0010	0	0.0000	0
E	0.0005	0	0.0000	0
G	0.0003	0	0.0000	0
I	0.0003	0	0.0000	0
E	0.0008	0	0.0000	0
Y	0.0008	0	0.0000	0
L	0.0002	0	0.0000	0
R	0.0016	0	0.0000	0
E	0.0003	0	0.0000	0
F	0.0001	0	0.0000	0
L	0.0001	0	0.0000	0
H	0.0005	0	0.0000	0
L	0.0001	0	0.0000	0
P	0.0001	0	0.0000	0
P	0.0001	0	0.0000	0
S	0.0001	0	0.0000	0
I	0.0001	0	0.0000	0
F	0.0004	0	0.0000	0
P	0.0009	0	0.0000	0
A	0.0045	0	0.0000	0
T	0.0135	0	0.0000	0
L	0.0043	0	0.0000	0
S	0.1443	0	0.0001	0
K	0.0323	0	0.0000	0
K	0.0071	0	0.0000	0
T	0.0037	0	0.0000	0
V	0.0115	0	0.0000	0
N	0.0038	0	0.0000	0
R	0.0035	0	0.0000	0
A	0.0013	0	0.0000	0
P	0.0014	0	0.0000	0
K	0.0042	0	0.0000	0
M	0.0013	0	0.0000	0
D	0.0008	0	0.0000	0
E	0.0012	0	0.0000	0
D	0.0007	0	0.0000	0
I	0.0008	0	0.0000	0
S	0.0012	0	0.0000	0
R	0.0217	0	0.0001	0
D	0.0098	0	0.0000	0
V	0.0469	0	0.0001	0
R	0.2579	0	0.0013	0
Q	0.0400	0	0.0000	0
P	0.0258	0	0.0000	0
M	0.0823	0	0.0002	0
G	0.0480	0	0.0001	0
R	0.0974	0	0.0002	0
G	0.2866	0	0.0002	0
R	0.3188	0	0.0001	0
A	0.0403	0	0.0000	0
F	0.0205	0	0.0000	0
D	0.0235	0	0.0000	0
R	0.0949	0	0.0001	0
R	0.2923	0	0.0001	0
P	0.0104	0	0.0000	0
F	0.0171	0	0.0000	0
E	0.0552	0	0.0003	0
</pre></body></html>