<html><head></head><body><pre style="word-wrap: break-word; white-space: pre-wrap;">&gt;Q0TCE9
Amino Acid	probability_DNA	binary_DNA	probability_RNA	binary_RNA
M	0.0020	0	0.5465	1
K	0.0051	0	0.6350	1
A	0.0061	0	0.4567	1
K	0.0080	0	0.4632	1
E	0.0028	0	0.3070	1
L	0.0001	0	0.0312	0
R	0.0049	0	0.6388	1
E	0.0001	0	0.0710	0
K	0.0000	0	0.0229	0
S	0.0000	0	0.0027	0
V	0.0000	0	0.0012	0
E	0.0000	0	0.0013	0
E	0.0000	0	0.0035	0
L	0.0000	0	0.0006	0
N	0.0000	0	0.0018	0
T	0.0000	0	0.0008	0
E	0.0000	0	0.0005	0
L	0.0000	0	0.0002	0
L	0.0000	0	0.0004	0
N	0.0000	0	0.0004	0
L	0.0000	0	0.0002	0
L	0.0000	0	0.0061	0
R	0.0000	0	0.0016	0
E	0.0000	0	0.0013	0
Q	0.0000	0	0.0012	0
F	0.0000	0	0.0107	0
N	0.0000	0	0.1620	1
L	0.0000	0	0.0063	0
R	0.0009	0	0.6711	1
M	0.0001	0	0.0772	0
Q	0.0019	0	0.4833	1
A	0.0008	0	0.3616	1
A	0.0000	0	0.0395	0
S	0.0000	0	0.0805	0
G	0.0001	0	0.1788	1
Q	0.0000	0	0.0937	0
L	0.0000	0	0.0130	0
Q	0.0003	0	0.3752	1
Q	0.0027	0	0.8604	1
S	0.0054	0	0.7048	1
H	0.0118	0	0.6656	1
L	0.0047	0	0.4434	1
L	0.0013	0	0.3180	1
K	0.0085	0	0.9108	1
Q	0.0044	0	0.3701	1
V	0.0002	0	0.0130	0
R	0.1727	0	0.8399	1
R	0.3915	1	0.7452	1
D	0.0058	0	0.1146	0
V	0.0007	0	0.0306	0
A	0.0048	0	0.3295	1
R	0.0393	0	0.8904	1
V	0.0001	0	0.0049	0
K	0.0089	0	0.3576	1
T	0.0286	0	0.8084	1
L	0.0003	0	0.0025	0
L	0.0002	0	0.0017	0
N	0.0089	0	0.1891	1
E	0.0030	0	0.0681	0
K	0.0183	0	0.3220	1
A	0.0013	0	0.0187	0
G	0.0009	0	0.0724	0
A	0.0023	0	0.3063	1
</pre></body></html>