<html><head></head><body><pre style="word-wrap: break-word; white-space: pre-wrap;">&gt;Q9RSL0
Amino Acid	probability_DNA	binary_DNA	probability_RNA	binary_RNA
M	0.0006	0	0.0461	0
K	0.0046	0	0.3704	1
I	0.0001	0	0.0122	0
K	0.0046	0	0.2365	1
L	0.0010	0	0.0860	0
V	0.0168	0	0.6994	1
R	0.0259	0	0.9043	1
S	0.0366	0	0.8973	1
V	0.0067	0	0.7444	1
I	0.0020	0	0.4847	1
G	0.0010	0	0.5701	1
R	0.0004	0	0.1032	0
P	0.0003	0	0.0706	0
G	0.0002	0	0.0816	0
N	0.0000	0	0.0107	0
Q	0.0000	0	0.0066	0
V	0.0006	0	0.1902	1
K	0.0000	0	0.0070	0
T	0.0000	0	0.0107	0
V	0.0000	0	0.0099	0
Q	0.0016	0	0.4063	1
A	0.0029	0	0.5144	1
L	0.0008	0	0.2168	1
G	0.0023	0	0.4070	1
L	0.0001	0	0.0510	0
R	0.0064	0	0.6818	1
K	0.0065	0	0.8197	1
I	0.0026	0	0.4409	1
G	0.0023	0	0.5262	1
D	0.0030	0	0.4304	1
S	0.0007	0	0.1302	0
R	0.0003	0	0.0985	0
E	0.0000	0	0.0166	0
V	0.0001	0	0.0587	0
S	0.0002	0	0.1006	0
D	0.0007	0	0.3117	1
T	0.0022	0	0.4647	1
P	0.0025	0	0.3065	1
A	0.0034	0	0.3314	1
V	0.0016	0	0.2577	1
R	0.0073	0	0.5172	1
G	0.0050	0	0.5903	1
M	0.0074	0	0.7994	1
V	0.0000	0	0.0067	0
K	0.0012	0	0.3911	1
T	0.0036	0	0.4234	1
V	0.0000	0	0.0029	0
K	0.0009	0	0.1544	1
H	0.0011	0	0.2324	1
L	0.0000	0	0.0028	0
L	0.0000	0	0.0014	0
E	0.0000	0	0.0269	0
V	0.0000	0	0.0130	0
Q	0.0001	0	0.0542	0
E	0.0002	0	0.0693	0
</pre></body></html>