<html><head></head><body><pre style="word-wrap: break-word; white-space: pre-wrap;">&gt;P0C077
Amino Acid	probability_DNA	binary_DNA	probability_RNA	binary_RNA
M	0.3998	1	0.0007	0
A	0.0340	0	0.0000	0
Y	0.0043	0	0.0000	0
F	0.0034	0	0.0000	0
L	0.0005	0	0.0000	0
D	0.0048	0	0.0000	0
F	0.0122	0	0.0000	0
D	0.2504	0	0.0004	0
E	0.0751	0	0.0000	0
R	0.3262	0	0.0002	0
A	0.0025	0	0.0000	0
L	0.0107	0	0.0000	0
K	0.2975	0	0.0005	0
E	0.0027	0	0.0000	0
W	0.0009	0	0.0000	0
R	0.0430	0	0.0002	0
K	0.0289	0	0.0001	0
L	0.0006	0	0.0000	0
G	0.0068	0	0.0000	0
S	0.2123	0	0.0009	0
T	0.1400	0	0.0003	0
V	0.0618	0	0.0001	0
R	0.0615	0	0.0001	0
E	0.0032	0	0.0000	0
Q	0.0045	0	0.0000	0
L	0.0007	0	0.0000	0
K	0.0231	0	0.0002	0
K	0.0038	0	0.0000	0
K	0.0110	0	0.0000	0
L	0.0004	0	0.0000	0
V	0.0023	0	0.0000	0
E	0.0007	0	0.0000	0
V	0.0004	0	0.0000	0
L	0.0007	0	0.0000	0
E	0.0014	0	0.0000	0
S	0.0014	0	0.0000	0
P	0.0015	0	0.0000	0
R	0.0625	0	0.0011	0
I	0.0417	0	0.0003	0
E	0.0198	0	0.0001	0
A	0.0053	0	0.0000	0
N	0.0079	0	0.0000	0
K	0.0070	0	0.0000	0
L	0.0025	0	0.0000	0
A	0.0882	0	0.0004	0
G	0.1278	0	0.0003	0
M	0.0169	0	0.0000	0
P	0.0429	0	0.0002	0
D	0.0626	0	0.0008	0
C	0.0110	0	0.0001	0
Y	0.0441	0	0.0003	0
K	0.0830	0	0.0004	0
I	0.0115	0	0.0000	0
K	0.5481	1	0.0060	0
L	0.0089	0	0.0000	0
R	0.4540	1	0.0048	0
S	0.2778	0	0.0019	0
S	0.0747	0	0.0007	0
G	0.1571	0	0.0013	0
Y	0.0636	0	0.0003	0
R	0.0872	0	0.0002	0
L	0.0016	0	0.0000	0
V	0.0003	0	0.0000	0
Y	0.0005	0	0.0000	0
Q	0.0011	0	0.0000	0
V	0.0002	0	0.0000	0
I	0.0008	0	0.0000	0
D	0.0011	0	0.0000	0
E	0.0006	0	0.0000	0
K	0.0005	0	0.0000	0
V	0.0005	0	0.0000	0
V	0.0003	0	0.0000	0
V	0.0001	0	0.0000	0
F	0.0002	0	0.0000	0
V	0.0002	0	0.0000	0
I	0.0002	0	0.0000	0
S	0.0010	0	0.0000	0
V	0.0027	0	0.0000	0
G	0.0088	0	0.0000	0
K	0.3356	0	0.0003	0
A	0.3287	0	0.0001	0
E	0.3235	0	0.0001	0
R	0.6805	1	0.0001	0
S	0.2843	0	0.0000	0
E	0.2185	0	0.0000	0
V	0.0062	0	0.0000	0
Y	0.4182	1	0.0000	0
S	0.2032	0	0.0000	0
E	0.0121	0	0.0000	0
A	0.0020	0	0.0000	0
V	0.0053	0	0.0000	0
K	0.0198	0	0.0000	0
R	0.0116	0	0.0000	0
I	0.0009	0	0.0000	0
L	0.0042	0	0.0000	0
</pre></body></html>