<html><head></head><body><pre style="word-wrap: break-word; white-space: pre-wrap;">&gt;O35013
Amino Acid	probability_DNA	binary_DNA	probability_RNA	binary_RNA
M	0.0065	0	0.0464	0
Y	0.0017	0	0.0106	0
E	0.0006	0	0.0024	0
F	0.0002	0	0.0006	0
K	0.0006	0	0.0018	0
D	0.0004	0	0.0009	0
Y	0.0046	0	0.0089	0
Y	0.0087	0	0.0215	0
Q	0.0014	0	0.0026	0
N	0.0006	0	0.0009	0
T	0.0036	0	0.0052	0
V	0.0007	0	0.0011	0
Q	0.0225	0	0.1410	0
L	0.0019	0	0.0098	0
S	0.0422	0	0.2317	1
F	0.0214	0	0.1732	1
D	0.0205	0	0.1639	1
D	0.0056	0	0.0674	0
Q	0.0067	0	0.0702	0
P	0.0026	0	0.0242	0
F	0.0016	0	0.0243	0
S	0.0014	0	0.0305	0
D	0.0009	0	0.0151	0
S	0.0006	0	0.0080	0
P	0.0004	0	0.0038	0
K	0.0003	0	0.0023	0
H	0.0002	0	0.0015	0
V	0.0000	0	0.0001	0
W	0.0000	0	0.0002	0
V	0.0000	0	0.0000	0
I	0.0000	0	0.0000	0
C	0.0000	0	0.0000	0
R	0.0001	0	0.0003	0
F	0.0003	0	0.0017	0
G	0.0003	0	0.0038	0
G	0.0001	0	0.0007	0
K	0.0006	0	0.0030	0
W	0.0001	0	0.0005	0
L	0.0003	0	0.0009	0
L	0.0002	0	0.0004	0
T	0.0009	0	0.0033	0
E	0.1313	0	0.2432	1
H	0.3407	0	0.1785	1
E	0.4339	1	0.1459	0
D	0.3661	1	0.1700	1
R	0.3511	1	0.1251	0
G	0.2600	0	0.0469	0
Y	0.3346	0	0.0987	0
E	0.0207	0	0.0034	0
F	0.0286	0	0.0067	0
P	0.0021	0	0.0021	0
G	0.0048	0	0.0099	0
G	0.0457	0	0.0436	0
K	0.0155	0	0.0152	0
V	0.0023	0	0.0013	0
E	0.0061	0	0.0087	0
P	0.0028	0	0.0013	0
M	0.0047	0	0.0047	0
E	0.0124	0	0.0030	0
C	0.0064	0	0.0005	0
A	0.0025	0	0.0002	0
E	0.0004	0	0.0000	0
E	0.0007	0	0.0000	0
A	0.0053	0	0.0002	0
A	0.0003	0	0.0000	0
L	0.0011	0	0.0001	0
R	0.5372	1	0.0097	0
E	0.0108	0	0.0001	0
V	0.0002	0	0.0000	0
K	0.0024	0	0.0000	0
E	0.0045	0	0.0001	0
E	0.1887	0	0.0019	0
T	0.0004	0	0.0000	0
G	0.0002	0	0.0000	0
A	0.0002	0	0.0000	0
R	0.0023	0	0.0000	0
V	0.0008	0	0.0000	0
K	0.0081	0	0.0000	0
S	0.0188	0	0.0001	0
L	0.0050	0	0.0000	0
K	0.1153	0	0.0008	0
Y	0.0130	0	0.0001	0
L	0.0095	0	0.0001	0
G	0.0085	0	0.0001	0
Q	0.1855	0	0.0012	0
Y	0.0694	0	0.0002	0
K	0.3344	0	0.0012	0
V	0.1707	0	0.0002	0
L	0.3258	0	0.0009	0
G	0.3512	1	0.0006	0
K	0.5205	1	0.0012	0
E	0.4756	1	0.0006	0
K	0.5210	1	0.0002	0
V	0.4385	1	0.0002	0
I	0.3371	0	0.0001	0
V	0.3016	0	0.0001	0
K	0.0258	0	0.0000	0
N	0.0048	0	0.0000	0
I	0.0005	0	0.0000	0
Y	0.0005	0	0.0000	0
F	0.0002	0	0.0000	0
A	0.0001	0	0.0000	0
D	0.0007	0	0.0000	0
I	0.0003	0	0.0000	0
E	0.0016	0	0.0000	0
K	0.0018	0	0.0000	0
L	0.0041	0	0.0000	0
E	0.0046	0	0.0000	0
K	0.0196	0	0.0000	0
Q	0.0561	0	0.0000	0
A	0.0729	0	0.0001	0
D	0.1520	0	0.0001	0
Y	0.0342	0	0.0000	0
F	0.0292	0	0.0000	0
E	0.0983	0	0.0000	0
T	0.0170	0	0.0000	0
K	0.0548	0	0.0000	0
G	0.0145	0	0.0000	0
P	0.0467	0	0.0000	0
V	0.0045	0	0.0000	0
L	0.0533	0	0.0000	0
F	0.0026	0	0.0000	0
H	0.0014	0	0.0000	0
E	0.0003	0	0.0000	0
L	0.0002	0	0.0000	0
P	0.0003	0	0.0000	0
E	0.0005	0	0.0000	0
N	0.0013	0	0.0000	0
L	0.0009	0	0.0000	0
S	0.0049	0	0.0000	0
R	0.0216	0	0.0000	0
N	0.0333	0	0.0000	0
K	0.2015	0	0.0000	0
K	0.3984	1	0.0000	0
F	0.3041	0	0.0000	0
S	0.3199	0	0.0000	0
F	0.3593	1	0.0000	0
I	0.2599	0	0.0001	0
M	0.0138	0	0.0000	0
K	0.1238	0	0.0003	0
D	0.0121	0	0.0000	0
S	0.0035	0	0.0000	0
V	0.0014	0	0.0000	0
L	0.0008	0	0.0000	0
P	0.0023	0	0.0000	0
I	0.0004	0	0.0000	0
S	0.0002	0	0.0000	0
L	0.0002	0	0.0000	0
K	0.0030	0	0.0000	0
K	0.0277	0	0.0001	0
L	0.0009	0	0.0000	0
K	0.0096	0	0.0004	0
E	0.0024	0	0.0001	0
S	0.0008	0	0.0000	0
G	0.0010	0	0.0000	0
W	0.0020	0	0.0001	0
I	0.0064	0	0.0007	0
E	0.0921	0	0.0148	0
</pre></body></html>