<html><head></head><body><pre style="word-wrap: break-word; white-space: pre-wrap;">&gt;Q5L811
Amino Acid	probability_DNA	binary_DNA	probability_RNA	binary_RNA
M	0.0791	0	0.0530	0
K	0.0361	0	0.0267	0
N	0.0302	0	0.0202	0
Y	0.0072	0	0.0051	0
Q	0.0264	0	0.0193	0
K	0.0472	0	0.0335	0
M	0.0355	0	0.0238	0
S	0.1356	0	0.0944	0
V	0.2019	0	0.1037	0
A	0.3077	0	0.3061	1
Q	0.2954	0	0.2189	1
D	0.0505	0	0.0263	0
A	0.0253	0	0.0052	0
R	0.0958	0	0.0194	0
V	0.0070	0	0.0009	0
E	0.0041	0	0.0006	0
L	0.0005	0	0.0001	0
H	0.0027	0	0.0008	0
D	0.0011	0	0.0002	0
S	0.0008	0	0.0002	0
L	0.0002	0	0.0000	0
A	0.0005	0	0.0001	0
L	0.0002	0	0.0000	0
T	0.0006	0	0.0001	0
G	0.0006	0	0.0001	0
A	0.0001	0	0.0000	0
E	0.0003	0	0.0001	0
V	0.0001	0	0.0000	0
S	0.0003	0	0.0001	0
I	0.0001	0	0.0001	0
N	0.0001	0	0.0000	0
H	0.0003	0	0.0002	0
L	0.0001	0	0.0001	0
P	0.0012	0	0.0006	0
A	0.0008	0	0.0003	0
G	0.0039	0	0.0023	0
A	0.0014	0	0.0006	0
G	0.0021	0	0.0009	0
V	0.0014	0	0.0004	0
P	0.0040	0	0.0008	0
F	0.0066	0	0.0036	0
V	0.0028	0	0.0018	0
H	0.0587	0	0.0368	0
S	0.0079	0	0.0049	0
H	0.1745	0	0.0771	0
K	0.1385	0	0.0438	0
Q	0.0125	0	0.0023	0
N	0.0093	0	0.0030	0
E	0.0040	0	0.0021	0
E	0.1334	0	0.0878	0
I	0.0007	0	0.0007	0
Y	0.0002	0	0.0004	0
G	0.0004	0	0.0007	0
I	0.0001	0	0.0001	0
L	0.0019	0	0.0013	0
S	0.0033	0	0.0036	0
G	0.0019	0	0.0033	0
K	0.0058	0	0.0065	0
G	0.0003	0	0.0003	0
F	0.0025	0	0.0037	0
I	0.0001	0	0.0001	0
T	0.0005	0	0.0005	0
I	0.0002	0	0.0001	0
D	0.0002	0	0.0001	0
G	0.0003	0	0.0002	0
E	0.0007	0	0.0004	0
K	0.0012	0	0.0006	0
I	0.0002	0	0.0001	0
E	0.0003	0	0.0001	0
L	0.0001	0	0.0000	0
Q	0.0142	0	0.0036	0
A	0.0084	0	0.0009	0
G	0.0057	0	0.0014	0
D	0.0039	0	0.0009	0
W	0.0004	0	0.0002	0
L	0.0001	0	0.0001	0
R	0.0003	0	0.0002	0
I	0.0001	0	0.0000	0
A	0.0003	0	0.0001	0
P	0.0004	0	0.0001	0
D	0.0402	0	0.0164	0
G	0.0101	0	0.0081	0
K	0.0504	0	0.0412	0
R	0.6499	1	0.4006	1
Q	0.5671	1	0.2622	1
I	0.0623	0	0.0367	0
S	0.1142	0	0.1307	0
A	0.0049	0	0.0069	0
A	0.0004	0	0.0004	0
S	0.0026	0	0.0030	0
D	0.0026	0	0.0052	0
S	0.0016	0	0.0020	0
P	0.0064	0	0.0130	0
I	0.0001	0	0.0001	0
G	0.0007	0	0.0007	0
F	0.0002	0	0.0002	0
L	0.0001	0	0.0002	0
C	0.0001	0	0.0001	0
I	0.0002	0	0.0001	0
Q	0.0028	0	0.0044	0
V	0.0477	0	0.0714	0
K	0.4232	1	0.3855	1
A	0.1337	0	0.0975	0
G	0.3391	0	0.1718	1
S	0.1455	0	0.0966	0
L	0.0710	0	0.0234	0
E	0.1415	0	0.0488	0
G	0.0082	0	0.0006	0
Y	0.0224	0	0.0017	0
T	0.1087	0	0.0224	0
M	0.0957	0	0.0304	0
T	0.0158	0	0.0116	0
D	0.0066	0	0.0076	0
G	0.0055	0	0.0102	0
V	0.0126	0	0.0249	0
V	0.0074	0	0.0124	0
Q	0.0483	0	0.1221	0
</pre></body></html>