<html><head></head><body><pre style="word-wrap: break-word; white-space: pre-wrap;">&gt;Q06B24
Amino Acid	probability_DNA	binary_DNA	probability_RNA	binary_RNA
M	0.0442	0	0.0000	0
S	0.0150	0	0.0000	0
A	0.0058	0	0.0000	0
V	0.0008	0	0.0000	0
L	0.0002	0	0.0000	0
Q	0.0002	0	0.0000	0
R	0.0004	0	0.0000	0
F	0.0001	0	0.0000	0
R	0.0001	0	0.0000	0
E	0.0001	0	0.0000	0
K	0.0003	0	0.0000	0
L	0.0001	0	0.0000	0
P	0.0007	0	0.0000	0
H	0.0086	0	0.0000	0
K	0.0044	0	0.0000	0
P	0.0012	0	0.0000	0
Y	0.0103	0	0.0000	0
C	0.0023	0	0.0000	0
T	0.0293	0	0.0000	0
N	0.0057	0	0.0000	0
D	0.0039	0	0.0000	0
F	0.0031	0	0.0000	0
A	0.0012	0	0.0000	0
Y	0.0010	0	0.0000	0
G	0.0064	0	0.0000	0
V	0.0018	0	0.0000	0
R	0.0627	0	0.0000	0
I	0.0267	0	0.0000	0
L	0.0697	0	0.0000	0
P	0.0214	0	0.0000	0
K	0.0387	0	0.0000	0
N	0.0076	0	0.0000	0
I	0.0024	0	0.0000	0
A	0.0007	0	0.0000	0
I	0.0006	0	0.0000	0
L	0.0071	0	0.0000	0
A	0.0023	0	0.0000	0
R	0.0546	0	0.0000	0
F	0.1735	0	0.0000	0
I	0.0058	0	0.0000	0
Q	0.0117	0	0.0000	0
Q	0.0035	0	0.0000	0
N	0.0711	0	0.0000	0
Q	0.1575	0	0.0000	0
P	0.0799	0	0.0000	0
H	0.0667	0	0.0000	0
A	0.0197	0	0.0000	0
L	0.0030	0	0.0000	0
Y	0.0097	0	0.0000	0
W	0.0014	0	0.0000	0
L	0.0011	0	0.0000	0
P	0.1726	0	0.0000	0
F	0.0182	0	0.0000	0
D	0.2547	0	0.0000	0
V	0.1657	0	0.0000	0
D	0.6832	1	0.0000	0
R	0.4939	1	0.0000	0
M	0.1167	0	0.0000	0
G	0.0221	0	0.0000	0
A	0.0116	0	0.0000	0
S	0.0035	0	0.0000	0
I	0.0005	0	0.0000	0
D	0.0015	0	0.0000	0
W	0.0004	0	0.0000	0
S	0.0003	0	0.0000	0
D	0.0002	0	0.0000	0
R	0.0012	0	0.0000	0
N	0.0003	0	0.0000	0
C	0.0003	0	0.0000	0
P	0.0005	0	0.0000	0
A	0.0027	0	0.0000	0
P	0.0019	0	0.0000	0
N	0.0163	0	0.0000	0
I	0.0029	0	0.0000	0
T	0.0011	0	0.0000	0
V	0.0008	0	0.0000	0
K	0.0051	0	0.0000	0
N	0.0673	0	0.0000	0
P	0.0258	0	0.0000	0
R	0.0363	0	0.0000	0
N	0.0638	0	0.0000	0
G	0.0817	0	0.0000	0
H	0.5842	1	0.0000	0
A	0.0077	0	0.0000	0
H	0.2534	0	0.0000	0
L	0.0090	0	0.0000	0
L	0.0008	0	0.0000	0
Y	0.0065	0	0.0000	0
A	0.0005	0	0.0000	0
L	0.0005	0	0.0000	0
A	0.0010	0	0.0000	0
L	0.0005	0	0.0000	0
P	0.0004	0	0.0000	0
V	0.0011	0	0.0000	0
R	0.0316	0	0.0000	0
T	0.5528	1	0.0000	0
A	0.4938	1	0.0000	0
P	0.2941	0	0.0000	0
D	0.4496	1	0.0000	0
A	0.1939	0	0.0000	0
S	0.5254	1	0.0000	0
A	0.4842	1	0.0000	0
S	0.6210	1	0.0000	0
A	0.2078	0	0.0000	0
L	0.0168	0	0.0000	0
R	0.4616	1	0.0000	0
Y	0.0317	0	0.0000	0
A	0.0017	0	0.0000	0
A	0.0082	0	0.0000	0
A	0.0010	0	0.0000	0
I	0.0001	0	0.0000	0
E	0.0007	0	0.0000	0
R	0.0006	0	0.0000	0
A	0.0001	0	0.0000	0
L	0.0001	0	0.0000	0
C	0.0007	0	0.0000	0
E	0.0002	0	0.0000	0
K	0.0002	0	0.0000	0
L	0.0001	0	0.0000	0
G	0.0002	0	0.0000	0
A	0.0004	0	0.0000	0
D	0.0013	0	0.0000	0
V	0.0019	0	0.0000	0
N	0.0024	0	0.0000	0
Y	0.0014	0	0.0000	0
S	0.0022	0	0.0000	0
G	0.0016	0	0.0000	0
L	0.0008	0	0.0000	0
I	0.0008	0	0.0000	0
C	0.0089	0	0.0000	0
K	0.1111	0	0.0000	0
N	0.0663	0	0.0000	0
P	0.0228	0	0.0000	0
C	0.0020	0	0.0000	0
H	0.0076	0	0.0000	0
P	0.0009	0	0.0000	0
E	0.0006	0	0.0000	0
W	0.0004	0	0.0000	0
Q	0.0006	0	0.0000	0
E	0.0004	0	0.0000	0
V	0.0005	0	0.0000	0
E	0.0010	0	0.0000	0
W	0.0002	0	0.0000	0
R	0.0006	0	0.0000	0
E	0.0002	0	0.0000	0
E	0.0005	0	0.0000	0
P	0.0005	0	0.0000	0
Y	0.0058	0	0.0000	0
T	0.0018	0	0.0000	0
L	0.0021	0	0.0000	0
D	0.0005	0	0.0000	0
E	0.0001	0	0.0000	0
L	0.0001	0	0.0000	0
A	0.0003	0	0.0000	0
D	0.0003	0	0.0000	0
Y	0.0004	0	0.0000	0
L	0.0014	0	0.0000	0
D	0.0059	0	0.0000	0
L	0.0047	0	0.0000	0
S	0.0589	0	0.0000	0
A	0.0683	0	0.0000	0
S	0.4069	1	0.0000	0
A	0.3468	0	0.0000	0
R	0.3642	1	0.0000	0
R	0.7090	1	0.0000	0
S	0.3759	1	0.0000	0
V	0.3343	0	0.0000	0
D	0.0315	0	0.0000	0
K	0.0140	0	0.0000	0
N	0.0260	0	0.0000	0
Y	0.1940	0	0.0000	0
G	0.4896	1	0.0000	0
L	0.7790	1	0.0000	0
G	0.5631	1	0.0000	0
R	0.9458	1	0.0000	0
N	0.6580	1	0.0000	0
Y	0.3143	0	0.0000	0
H	0.8498	1	0.0000	0
L	0.0263	0	0.0000	0
F	0.0471	0	0.0000	0
E	0.0042	0	0.0000	0
K	0.0834	0	0.0000	0
V	0.0044	0	0.0000	0
R	0.5043	1	0.0000	0
K	0.2278	0	0.0000	0
W	0.0712	0	0.0000	0
A	0.0008	0	0.0000	0
Y	0.3601	1	0.0000	0
R	0.5009	1	0.0000	0
A	0.0008	0	0.0000	0
I	0.0002	0	0.0000	0
R	0.0152	0	0.0000	0
Q	0.0024	0	0.0000	0
G	0.0008	0	0.0000	0
W	0.0005	0	0.0000	0
P	0.0001	0	0.0000	0
V	0.0001	0	0.0000	0
F	0.0004	0	0.0000	0
S	0.0002	0	0.0000	0
Q	0.0003	0	0.0000	0
W	0.0003	0	0.0000	0
L	0.0001	0	0.0000	0
D	0.0003	0	0.0000	0
A	0.0002	0	0.0000	0
V	0.0000	0	0.0000	0
I	0.0000	0	0.0000	0
Q	0.0001	0	0.0000	0
R	0.0001	0	0.0000	0
V	0.0000	0	0.0000	0
E	0.0001	0	0.0000	0
M	0.0000	0	0.0000	0
Y	0.0001	0	0.0000	0
N	0.0006	0	0.0000	0
A	0.0001	0	0.0000	0
S	0.0002	0	0.0000	0
L	0.0001	0	0.0000	0
P	0.0008	0	0.0000	0
V	0.0010	0	0.0000	0
P	0.0034	0	0.0000	0
L	0.0005	0	0.0000	0
S	0.0010	0	0.0000	0
P	0.0005	0	0.0000	0
A	0.0077	0	0.0000	0
E	0.0030	0	0.0000	0
C	0.0002	0	0.0000	0
R	0.0755	0	0.0000	0
A	0.0445	0	0.0000	0
I	0.0127	0	0.0000	0
G	0.0041	0	0.0000	0
K	0.7572	1	0.0000	0
S	0.8912	1	0.0000	0
I	0.0701	0	0.0000	0
A	0.0255	0	0.0000	0
K	0.9620	1	0.0000	0
Y	0.9327	1	0.0000	0
T	0.0083	0	0.0000	0
H	0.8526	1	0.0000	0
R	0.5743	1	0.0000	0
K	0.8209	1	0.0000	0
F	0.2435	0	0.0000	0
S	0.9268	1	0.0000	0
P	0.0397	0	0.0000	0
E	0.0840	0	0.0000	0
G	0.0658	0	0.0000	0
F	0.0293	0	0.0000	0
S	0.0762	0	0.0000	0
A	0.0035	0	0.0000	0
V	0.0647	0	0.0000	0
Q	0.2221	0	0.0000	0
A	0.2508	0	0.0000	0
A	0.3202	0	0.0000	0
R	0.9732	1	0.0000	0
G	0.1266	0	0.0000	0
R	0.5622	1	0.0000	0
K	0.4087	1	0.0000	0
G	0.3857	1	0.0000	0
G	0.3956	1	0.0000	0
T	0.2835	0	0.0000	0
K	0.1608	0	0.0000	0
S	0.4399	1	0.0000	0
K	0.3365	0	0.0000	0
R	0.2533	0	0.0000	0
A	0.1257	0	0.0000	0
A	0.0104	0	0.0000	0
V	0.0200	0	0.0000	0
P	0.0166	0	0.0000	0
T	0.0249	0	0.0000	0
S	0.0162	0	0.0000	0
A	0.0152	0	0.0000	0
R	0.2084	0	0.0000	0
S	0.0465	0	0.0000	0
L	0.0467	0	0.0000	0
K	0.0102	0	0.0000	0
P	0.0008	0	0.0000	0
W	0.0010	0	0.0000	0
E	0.0007	0	0.0000	0
A	0.0045	0	0.0000	0
L	0.0068	0	0.0000	0
G	0.0118	0	0.0000	0
I	0.0773	0	0.0000	0
S	0.6492	1	0.0000	0
R	0.7254	1	0.0000	0
A	0.7798	1	0.0000	0
T	0.5486	1	0.0000	0
Y	0.3084	0	0.0000	0
Y	0.4432	1	0.0000	0
R	0.7467	1	0.0000	0
K	0.2432	0	0.0000	0
L	0.1053	0	0.0000	0
K	0.5466	1	0.0000	0
C	0.7318	1	0.0000	0
D	0.0948	0	0.0000	0
P	0.0167	0	0.0000	0
D	0.0301	0	0.0000	0
L	0.0018	0	0.0000	0
A	0.0085	0	0.0000	0
K	0.0376	0	0.0000	0
</pre></body></html>