<html><head></head><body><pre style="word-wrap: break-word; white-space: pre-wrap;">&gt;Q8RT53
Amino Acid	probability_DNA	binary_DNA	probability_RNA	binary_RNA
M	0.1456	0	0.0000	0
T	0.0184	0	0.0000	0
T	0.0118	0	0.0000	0
N	0.0348	0	0.0000	0
L	0.0273	0	0.0000	0
T	0.2773	0	0.0000	0
N	0.4765	1	0.0000	0
S	0.0673	0	0.0000	0
N	0.0231	0	0.0000	0
C	0.0023	0	0.0000	0
V	0.0065	0	0.0000	0
E	0.0085	0	0.0000	0
E	0.0104	0	0.0000	0
Y	0.0376	0	0.0000	0
K	0.1185	0	0.0000	0
E	0.0089	0	0.0000	0
N	0.0331	0	0.0000	0
G	0.0302	0	0.0000	0
K	0.1022	0	0.0000	0
T	0.1269	0	0.0000	0
K	0.5173	1	0.0000	0
I	0.0149	0	0.0000	0
R	0.8259	1	0.0000	0
I	0.1712	0	0.0000	0
K	0.8643	1	0.0000	0
P	0.6452	1	0.0000	0
F	0.3060	0	0.0000	0
N	0.0668	0	0.0000	0
A	0.0010	0	0.0000	0
L	0.0012	0	0.0000	0
I	0.0004	0	0.0000	0
E	0.0008	0	0.0000	0
L	0.0004	0	0.0000	0
Y	0.0006	0	0.0000	0
H	0.0012	0	0.0000	0
H	0.0019	0	0.0000	0
Q	0.0010	0	0.0000	0
T	0.0008	0	0.0000	0
P	0.0041	0	0.0000	0
T	0.0183	0	0.0000	0
G	0.0114	0	0.0000	0
S	0.0054	0	0.0000	0
I	0.0020	0	0.0000	0
K	0.1212	0	0.0000	0
E	0.0077	0	0.0000	0
N	0.0015	0	0.0000	0
L	0.0005	0	0.0000	0
D	0.0023	0	0.0000	0
K	0.0149	0	0.0000	0
L	0.0010	0	0.0000	0
E	0.0058	0	0.0000	0
N	0.0051	0	0.0000	0
Y	0.0019	0	0.0000	0
V	0.0005	0	0.0000	0
K	0.0088	0	0.0000	0
D	0.0107	0	0.0000	0
V	0.0005	0	0.0000	0
V	0.0005	0	0.0000	0
K	0.0027	0	0.0000	0
A	0.0025	0	0.0000	0
K	0.0024	0	0.0000	0
G	0.0033	0	0.0000	0
L	0.0031	0	0.0000	0
A	0.0656	0	0.0000	0
I	0.0728	0	0.0000	0
P	0.0531	0	0.0000	0
T	0.1879	0	0.0000	0
S	0.2922	0	0.0000	0
G	0.2633	0	0.0000	0
A	0.1987	0	0.0000	0
F	0.0109	0	0.0000	0
S	0.6138	1	0.0000	0
N	0.7868	1	0.0000	0
T	0.0434	0	0.0000	0
R	0.3541	1	0.0000	0
G	0.0863	0	0.0000	0
T	0.0040	0	0.0000	0
W	0.2019	0	0.0000	0
F	0.0072	0	0.0000	0
E	0.0978	0	0.0000	0
V	0.0059	0	0.0000	0
M	0.0005	0	0.0000	0
I	0.0002	0	0.0000	0
A	0.0002	0	0.0000	0
I	0.0003	0	0.0000	0
Q	0.0143	0	0.0000	0
S	0.0017	0	0.0000	0
W	0.0004	0	0.0000	0
N	0.0028	0	0.0000	0
Y	0.0011	0	0.0000	0
R	0.0054	0	0.0000	0
V	0.0005	0	0.0000	0
K	0.0068	0	0.0000	0
R	0.0055	0	0.0000	0
E	0.0008	0	0.0000	0
L	0.0008	0	0.0000	0
N	0.0008	0	0.0000	0
D	0.0005	0	0.0000	0
Y	0.0002	0	0.0000	0
L	0.0001	0	0.0000	0
I	0.0002	0	0.0000	0
I	0.0003	0	0.0000	0
K	0.0143	0	0.0000	0
M	0.0026	0	0.0000	0
P	0.0071	0	0.0000	0
N	0.1577	0	0.0000	0
V	0.2413	0	0.0000	0
K	0.3568	1	0.0000	0
T	0.4938	1	0.0000	0
F	0.0337	0	0.0000	0
D	0.0082	0	0.0000	0
F	0.0027	0	0.0000	0
R	0.0009	0	0.0000	0
K	0.0074	0	0.0000	0
I	0.0002	0	0.0000	0
F	0.0003	0	0.0000	0
D	0.0006	0	0.0000	0
N	0.0002	0	0.0000	0
E	0.0006	0	0.0000	0
T	0.0005	0	0.0000	0
R	0.0019	0	0.0000	0
E	0.0003	0	0.0000	0
K	0.0002	0	0.0000	0
L	0.0001	0	0.0000	0
H	0.0003	0	0.0000	0
Q	0.0002	0	0.0000	0
L	0.0001	0	0.0000	0
E	0.0071	0	0.0000	0
K	0.0109	0	0.0000	0
S	0.0022	0	0.0000	0
L	0.0005	0	0.0000	0
L	0.0011	0	0.0000	0
T	0.0031	0	0.0000	0
H	0.0073	0	0.0000	0
K	0.0230	0	0.0000	0
Q	0.0025	0	0.0000	0
Q	0.0044	0	0.0000	0
V	0.0006	0	0.0000	0
R	0.0048	0	0.0000	0
L	0.0006	0	0.0000	0
I	0.0058	0	0.0000	0
T	0.0045	0	0.0000	0
S	0.0286	0	0.0000	0
N	0.2378	0	0.0000	0
P	0.0192	0	0.0000	0
D	0.4136	1	0.0000	0
L	0.0027	0	0.0000	0
L	0.0009	0	0.0000	0
I	0.0005	0	0.0000	0
I	0.0004	0	0.0000	0
R	0.0031	0	0.0000	0
Q	0.0036	0	0.0000	0
K	0.0017	0	0.0000	0
D	0.0012	0	0.0000	0
L	0.0007	0	0.0000	0
I	0.0026	0	0.0000	0
K	0.0036	0	0.0000	0
S	0.0017	0	0.0000	0
E	0.0007	0	0.0000	0
Y	0.0016	0	0.0000	0
N	0.0340	0	0.0000	0
L	0.0040	0	0.0000	0
P	0.0052	0	0.0000	0
I	0.0045	0	0.0000	0
N	0.0567	0	0.0000	0
K	0.1071	0	0.0000	0
L	0.0194	0	0.0000	0
T	0.2506	0	0.0000	0
H	0.4928	1	0.0000	0
E	0.1186	0	0.0000	0
N	0.0572	0	0.0000	0
I	0.0032	0	0.0000	0
D	0.0021	0	0.0000	0
V	0.0018	0	0.0000	0
A	0.0005	0	0.0000	0
L	0.0008	0	0.0000	0
T	0.0032	0	0.0000	0
L	0.0005	0	0.0000	0
F	0.0042	0	0.0000	0
K	0.1439	0	0.0000	0
D	0.0973	0	0.0000	0
I	0.0021	0	0.0000	0
E	0.0058	0	0.0000	0
G	0.0061	0	0.0000	0
K	0.0877	0	0.0000	0
C	0.0049	0	0.0000	0
K	0.0282	0	0.0000	0
W	0.0050	0	0.0000	0
D	0.0051	0	0.0000	0
S	0.0040	0	0.0000	0
L	0.0004	0	0.0000	0
V	0.0202	0	0.0000	0
A	0.0062	0	0.0000	0
G	0.0087	0	0.0000	0
V	0.0051	0	0.0000	0
G	0.3720	1	0.0000	0
L	0.0661	0	0.0000	0
K	0.6310	1	0.0000	0
T	0.8290	1	0.0000	0
S	0.8611	1	0.0000	0
L	0.3130	0	0.0000	0
R	0.9793	1	0.0000	0
P	0.7951	1	0.0000	0
D	0.6557	1	0.0000	0
R	0.7380	1	0.0000	0
R	0.5409	1	0.0000	0
L	0.0516	0	0.0000	0
Q	0.0652	0	0.0000	0
L	0.0010	0	0.0000	0
V	0.0004	0	0.0000	0
H	0.0066	0	0.0000	0
E	0.0128	0	0.0000	0
G	0.0008	0	0.0000	0
N	0.0012	0	0.0000	0
I	0.0002	0	0.0000	0
L	0.0012	0	0.0000	0
K	0.0201	0	0.0000	0
S	0.0005	0	0.0000	0
L	0.0003	0	0.0000	0
F	0.0005	0	0.0000	0
A	0.0002	0	0.0000	0
H	0.0003	0	0.0000	0
L	0.0002	0	0.0000	0
K	0.0018	0	0.0000	0
M	0.0005	0	0.0000	0
A	0.0004	0	0.0000	0
Y	0.0005	0	0.0000	0
W	0.0009	0	0.0000	0
N	0.0009	0	0.0000	0
P	0.0009	0	0.0000	0
K	0.0057	0	0.0000	0
A	0.0008	0	0.0000	0
E	0.0010	0	0.0000	0
F	0.0002	0	0.0000	0
K	0.0043	0	0.0000	0
Y	0.0007	0	0.0000	0
Y	0.0008	0	0.0000	0
G	0.0002	0	0.0000	0
A	0.0001	0	0.0000	0
S	0.0002	0	0.0000	0
S	0.0002	0	0.0000	0
E	0.0012	0	0.0000	0
P	0.0067	0	0.0000	0
V	0.0099	0	0.0000	0
S	0.2494	0	0.0000	0
K	0.3132	0	0.0000	0
A	0.0106	0	0.0000	0
D	0.0041	0	0.0000	0
D	0.0027	0	0.0000	0
D	0.0005	0	0.0000	0
A	0.0002	0	0.0000	0
L	0.0001	0	0.0000	0
Q	0.0024	0	0.0000	0
T	0.0013	0	0.0000	0
A	0.0002	0	0.0000	0
A	0.0008	0	0.0000	0
T	0.0027	0	0.0000	0
H	0.0115	0	0.0000	0
T	0.0037	0	0.0000	0
I	0.0004	0	0.0000	0
V	0.0004	0	0.0000	0
N	0.0017	0	0.0000	0
V	0.0038	0	0.0000	0
N	0.0704	0	0.0000	0
S	0.1620	0	0.0000	0
T	0.3690	1	0.0000	0
P	0.1676	0	0.0000	0
E	0.4254	1	0.0000	0
R	0.6864	1	0.0000	0
A	0.1081	0	0.0000	0
V	0.1129	0	0.0000	0
D	0.1751	0	0.0000	0
D	0.1734	0	0.0000	0
I	0.0015	0	0.0000	0
F	0.0326	0	0.0000	0
S	0.0048	0	0.0000	0
L	0.0007	0	0.0000	0
T	0.0069	0	0.0000	0
S	0.0044	0	0.0000	0
F	0.0007	0	0.0000	0
E	0.0005	0	0.0000	0
D	0.0006	0	0.0000	0
I	0.0001	0	0.0000	0
D	0.0014	0	0.0000	0
K	0.0062	0	0.0000	0
M	0.0003	0	0.0000	0
L	0.0004	0	0.0000	0
D	0.0144	0	0.0000	0
Q	0.0203	0	0.0000	0
I	0.0002	0	0.0000	0
I	0.0002	0	0.0000	0
K	0.0206	0	0.0000	0
K	0.0392	0	0.0000	0
</pre></body></html>