<html><head></head><body><pre style="word-wrap: break-word; white-space: pre-wrap;">&gt;P34945
Amino Acid	probability_DNA	binary_DNA	probability_RNA	binary_RNA
M	0.3251	0	0.0621	0
V	0.0509	0	0.0109	0
D	0.0948	0	0.0080	0
L	0.0247	0	0.0010	0
K	0.3479	0	0.0386	0
R	0.1368	0	0.0151	0
L	0.0012	0	0.0001	0
R	0.3599	1	0.1401	0
Q	0.0909	0	0.0228	0
E	0.0223	0	0.0032	0
P	0.0098	0	0.0023	0
E	0.0062	0	0.0008	0
V	0.0010	0	0.0000	0
F	0.0006	0	0.0000	0
H	0.0357	0	0.0008	0
R	0.0283	0	0.0001	0
A	0.1520	0	0.0003	0
I	0.0570	0	0.0001	0
R	0.0174	0	0.0002	0
E	0.0487	0	0.0006	0
K	0.6638	1	0.0159	0
G	0.2011	0	0.0019	0
V	0.0413	0	0.0002	0
A	0.0358	0	0.0004	0
L	0.0046	0	0.0000	0
D	0.0031	0	0.0000	0
L	0.0013	0	0.0000	0
E	0.0010	0	0.0000	0
A	0.0003	0	0.0000	0
L	0.0001	0	0.0000	0
L	0.0001	0	0.0000	0
A	0.0000	0	0.0000	0
L	0.0001	0	0.0000	0
D	0.0001	0	0.0000	0
R	0.0003	0	0.0000	0
E	0.0002	0	0.0000	0
V	0.0006	0	0.0000	0
Q	0.0127	0	0.0002	0
E	0.0008	0	0.0000	0
L	0.0003	0	0.0000	0
K	0.0052	0	0.0001	0
K	0.0013	0	0.0000	0
R	0.0009	0	0.0000	0
L	0.0003	0	0.0000	0
Q	0.0005	0	0.0000	0
E	0.0004	0	0.0000	0
V	0.0003	0	0.0000	0
Q	0.0211	0	0.0000	0
T	0.0012	0	0.0000	0
E	0.0024	0	0.0000	0
R	0.3685	1	0.0003	0
N	0.3213	0	0.0002	0
Q	0.0180	0	0.0000	0
V	0.0023	0	0.0000	0
A	0.4440	1	0.0007	0
K	0.3986	1	0.0006	0
R	0.0114	0	0.0000	0
V	0.0028	0	0.0000	0
P	0.0993	0	0.0002	0
K	0.1164	0	0.0002	0
A	0.0172	0	0.0000	0
P	0.0389	0	0.0001	0
P	0.0233	0	0.0001	0
E	0.0022	0	0.0000	0
E	0.0011	0	0.0000	0
K	0.0420	0	0.0002	0
E	0.0018	0	0.0000	0
A	0.0012	0	0.0000	0
L	0.0003	0	0.0000	0
I	0.0022	0	0.0000	0
A	0.0011	0	0.0000	0
R	0.0027	0	0.0000	0
G	0.0017	0	0.0000	0
K	0.0052	0	0.0000	0
A	0.0004	0	0.0000	0
L	0.0002	0	0.0000	0
G	0.0038	0	0.0001	0
E	0.0006	0	0.0000	0
E	0.0003	0	0.0000	0
A	0.0002	0	0.0000	0
K	0.0004	0	0.0000	0
R	0.0001	0	0.0000	0
L	0.0001	0	0.0000	0
E	0.0002	0	0.0000	0
E	0.0001	0	0.0000	0
A	0.0001	0	0.0000	0
L	0.0000	0	0.0000	0
R	0.0001	0	0.0000	0
E	0.0001	0	0.0000	0
K	0.0000	0	0.0000	0
E	0.0001	0	0.0000	0
A	0.0001	0	0.0000	0
R	0.0001	0	0.0000	0
L	0.0000	0	0.0000	0
E	0.0005	0	0.0001	0
A	0.0001	0	0.0000	0
L	0.0001	0	0.0000	0
L	0.0001	0	0.0000	0
L	0.0001	0	0.0000	0
Q	0.0004	0	0.0002	0
V	0.0003	0	0.0002	0
P	0.0006	0	0.0003	0
L	0.0185	0	0.0102	0
P	0.0115	0	0.0031	0
P	0.0013	0	0.0001	0
W	0.0170	0	0.0016	0
P	0.0049	0	0.0002	0
G	0.0025	0	0.0001	0
A	0.0009	0	0.0000	0
P	0.0012	0	0.0000	0
V	0.0019	0	0.0000	0
G	0.0004	0	0.0000	0
G	0.0012	0	0.0001	0
E	0.0056	0	0.0003	0
E	0.0035	0	0.0002	0
A	0.0020	0	0.0001	0
N	0.0018	0	0.0000	0
R	0.0081	0	0.0001	0
E	0.0027	0	0.0000	0
I	0.0048	0	0.0000	0
K	0.0119	0	0.0001	0
R	0.0455	0	0.0003	0
V	0.0020	0	0.0000	0
G	0.1180	0	0.0065	0
G	0.0022	0	0.0000	0
P	0.0014	0	0.0000	0
P	0.0055	0	0.0000	0
E	0.0238	0	0.0002	0
F	0.0449	0	0.0005	0
S	0.0092	0	0.0002	0
F	0.0170	0	0.0002	0
P	0.0108	0	0.0001	0
P	0.0246	0	0.0003	0
L	0.4828	1	0.0615	0
D	0.1181	0	0.0128	0
H	0.3663	1	0.0574	0
V	0.0038	0	0.0007	0
A	0.0088	0	0.0019	0
L	0.0002	0	0.0000	0
M	0.0004	0	0.0001	0
E	0.0040	0	0.0022	0
K	0.0101	0	0.0044	0
N	0.0031	0	0.0007	0
G	0.0044	0	0.0015	0
W	0.0148	0	0.0025	0
W	0.0032	0	0.0006	0
E	0.0152	0	0.0053	0
P	0.0232	0	0.0078	0
R	0.1617	0	0.0658	0
I	0.0324	0	0.0115	0
S	0.1474	0	0.0720	0
Q	0.4050	1	0.2013	1
V	0.0189	0	0.0058	0
S	0.1510	0	0.0987	0
G	0.3914	1	0.3016	1
S	0.5683	1	0.2707	1
R	0.5819	1	0.1735	1
S	0.3525	1	0.0431	0
Y	0.3208	0	0.0281	0
A	0.3417	0	0.0128	0
L	0.0165	0	0.0003	0
K	0.4194	1	0.0091	0
G	0.1182	0	0.0010	0
D	0.0104	0	0.0001	0
L	0.0022	0	0.0000	0
A	0.0007	0	0.0000	0
L	0.0013	0	0.0000	0
Y	0.0003	0	0.0000	0
E	0.0007	0	0.0000	0
L	0.0016	0	0.0002	0
A	0.0006	0	0.0000	0
L	0.0004	0	0.0000	0
L	0.0016	0	0.0004	0
R	0.0112	0	0.0026	0
F	0.0007	0	0.0000	0
A	0.0003	0	0.0000	0
M	0.0014	0	0.0001	0
D	0.0004	0	0.0000	0
F	0.0003	0	0.0000	0
M	0.0002	0	0.0000	0
A	0.0007	0	0.0000	0
R	0.0011	0	0.0001	0
R	0.0004	0	0.0000	0
G	0.0002	0	0.0000	0
F	0.0001	0	0.0000	0
L	0.0001	0	0.0000	0
P	0.0003	0	0.0000	0
M	0.0002	0	0.0000	0
T	0.0012	0	0.0000	0
L	0.0015	0	0.0000	0
P	0.0009	0	0.0000	0
S	0.0014	0	0.0001	0
Y	0.0014	0	0.0000	0
A	0.0087	0	0.0002	0
R	0.1792	0	0.0020	0
E	0.0560	0	0.0003	0
K	0.0046	0	0.0000	0
A	0.0013	0	0.0000	0
F	0.0016	0	0.0000	0
L	0.0334	0	0.0008	0
G	0.0163	0	0.0002	0
T	0.0013	0	0.0000	0
G	0.0006	0	0.0000	0
H	0.0101	0	0.0000	0
F	0.0015	0	0.0000	0
P	0.0470	0	0.0001	0
A	0.3587	1	0.0001	0
Y	0.1643	0	0.0001	0
R	0.0116	0	0.0000	0
D	0.0040	0	0.0000	0
Q	0.0024	0	0.0000	0
V	0.0005	0	0.0000	0
W	0.0007	0	0.0000	0
A	0.0007	0	0.0000	0
I	0.0003	0	0.0000	0
A	0.0006	0	0.0000	0
E	0.0010	0	0.0000	0
T	0.0009	0	0.0000	0
D	0.0007	0	0.0000	0
L	0.0007	0	0.0000	0
Y	0.0006	0	0.0000	0
L	0.0003	0	0.0000	0
T	0.0024	0	0.0000	0
G	0.0006	0	0.0000	0
T	0.0037	0	0.0000	0
A	0.0025	0	0.0000	0
E	0.0035	0	0.0000	0
V	0.0010	0	0.0000	0
V	0.0005	0	0.0000	0
L	0.0004	0	0.0000	0
N	0.0004	0	0.0000	0
A	0.0003	0	0.0000	0
L	0.0004	0	0.0000	0
H	0.0003	0	0.0000	0
S	0.0121	0	0.0002	0
G	0.0035	0	0.0000	0
E	0.0025	0	0.0000	0
I	0.0022	0	0.0000	0
L	0.0145	0	0.0002	0
P	0.0066	0	0.0001	0
Y	0.1310	0	0.0072	0
E	0.1673	0	0.0106	0
A	0.0056	0	0.0001	0
L	0.0010	0	0.0000	0
P	0.2879	0	0.0231	0
L	0.0561	0	0.0016	0
R	0.1519	0	0.0042	0
Y	0.1154	0	0.0016	0
A	0.0176	0	0.0002	0
G	0.2013	0	0.0034	0
Y	0.0887	0	0.0025	0
A	0.2836	0	0.0151	0
P	0.0203	0	0.0014	0
A	0.0312	0	0.0012	0
F	0.3147	0	0.0093	0
R	0.8596	1	0.0016	0
S	0.0797	0	0.0001	0
E	0.0455	0	0.0001	0
A	0.0021	0	0.0000	0
G	0.0010	0	0.0000	0
S	0.0008	0	0.0000	0
F	0.0007	0	0.0000	0
G	0.0006	0	0.0000	0
K	0.0013	0	0.0000	0
D	0.0012	0	0.0000	0
V	0.0126	0	0.0001	0
R	0.0155	0	0.0004	0
G	0.0053	0	0.0001	0
L	0.0025	0	0.0001	0
M	0.0021	0	0.0000	0
R	0.3211	0	0.0046	0
V	0.0099	0	0.0001	0
H	0.0878	0	0.0007	0
Q	0.0025	0	0.0000	0
F	0.0069	0	0.0001	0
H	0.0007	0	0.0000	0
K	0.0014	0	0.0000	0
V	0.0008	0	0.0000	0
E	0.0008	0	0.0000	0
Q	0.0003	0	0.0000	0
Y	0.0006	0	0.0000	0
V	0.0008	0	0.0000	0
L	0.0003	0	0.0000	0
T	0.0003	0	0.0000	0
E	0.0005	0	0.0000	0
A	0.0004	0	0.0000	0
S	0.0003	0	0.0000	0
L	0.0006	0	0.0000	0
E	0.0002	0	0.0000	0
A	0.0001	0	0.0000	0
S	0.0001	0	0.0000	0
D	0.0005	0	0.0000	0
R	0.0002	0	0.0000	0
A	0.0001	0	0.0000	0
F	0.0001	0	0.0000	0
Q	0.0001	0	0.0000	0
E	0.0001	0	0.0000	0
L	0.0000	0	0.0000	0
L	0.0001	0	0.0000	0
E	0.0003	0	0.0000	0
N	0.0000	0	0.0000	0
A	0.0000	0	0.0000	0
E	0.0000	0	0.0000	0
E	0.0000	0	0.0000	0
I	0.0000	0	0.0000	0
L	0.0000	0	0.0000	0
R	0.0001	0	0.0000	0
L	0.0001	0	0.0000	0
L	0.0000	0	0.0000	0
E	0.0000	0	0.0000	0
L	0.0000	0	0.0000	0
P	0.0001	0	0.0000	0
Y	0.0001	0	0.0000	0
R	0.0001	0	0.0000	0
L	0.0001	0	0.0000	0
V	0.0001	0	0.0000	0
E	0.0002	0	0.0000	0
V	0.0006	0	0.0000	0
A	0.0033	0	0.0002	0
T	0.0410	0	0.0052	0
G	0.2364	0	0.0895	0
D	0.0187	0	0.0052	0
M	0.0440	0	0.0102	0
G	0.1395	0	0.0337	0
P	0.0417	0	0.0038	0
G	0.0925	0	0.0068	0
K	0.0255	0	0.0008	0
W	0.0152	0	0.0004	0
R	0.0084	0	0.0001	0
Q	0.0045	0	0.0000	0
V	0.0007	0	0.0000	0
D	0.0002	0	0.0000	0
I	0.0001	0	0.0000	0
E	0.0004	0	0.0000	0
V	0.0001	0	0.0000	0
Y	0.0002	0	0.0000	0
L	0.0001	0	0.0000	0
P	0.0001	0	0.0000	0
S	0.0005	0	0.0000	0
E	0.0004	0	0.0000	0
G	0.0003	0	0.0000	0
R	0.0003	0	0.0000	0
Y	0.0002	0	0.0000	0
R	0.0003	0	0.0000	0
E	0.0018	0	0.0000	0
T	0.0002	0	0.0000	0
H	0.0012	0	0.0000	0
S	0.0156	0	0.0006	0
C	0.0026	0	0.0001	0
S	0.0109	0	0.0008	0
A	0.0133	0	0.0007	0
L	0.0063	0	0.0006	0
L	0.0519	0	0.0175	0
D	0.2204	0	0.0777	0
W	0.1194	0	0.0308	0
Q	0.4057	1	0.1222	0
A	0.0137	0	0.0011	0
R	0.0284	0	0.0015	0
R	0.0164	0	0.0008	0
A	0.0018	0	0.0000	0
N	0.0031	0	0.0001	0
L	0.0003	0	0.0000	0
R	0.0793	0	0.0020	0
Y	0.0274	0	0.0005	0
R	0.0551	0	0.0017	0
D	0.0036	0	0.0001	0
P	0.0038	0	0.0002	0
E	0.0027	0	0.0002	0
G	0.0015	0	0.0001	0
R	0.0028	0	0.0003	0
V	0.0008	0	0.0001	0
R	0.0015	0	0.0002	0
Y	0.0045	0	0.0004	0
A	0.0002	0	0.0000	0
Y	0.0043	0	0.0007	0
T	0.0010	0	0.0001	0
L	0.0011	0	0.0001	0
N	0.0393	0	0.0083	0
N	0.0009	0	0.0001	0
T	0.0022	0	0.0005	0
A	0.0004	0	0.0001	0
L	0.0002	0	0.0000	0
A	0.0005	0	0.0000	0
T	0.0002	0	0.0000	0
P	0.0017	0	0.0002	0
R	0.0737	0	0.0109	0
I	0.0001	0	0.0000	0
L	0.0000	0	0.0000	0
A	0.0001	0	0.0000	0
M	0.0000	0	0.0000	0
L	0.0000	0	0.0000	0
L	0.0001	0	0.0000	0
E	0.0005	0	0.0000	0
N	0.0036	0	0.0000	0
H	0.0112	0	0.0000	0
Q	0.0108	0	0.0000	0
L	0.0047	0	0.0000	0
Q	0.0039	0	0.0000	0
D	0.0019	0	0.0000	0
G	0.0005	0	0.0000	0
R	0.0018	0	0.0000	0
V	0.0013	0	0.0000	0
R	0.0354	0	0.0001	0
V	0.0103	0	0.0000	0
P	0.0051	0	0.0000	0
Q	0.0209	0	0.0000	0
A	0.0190	0	0.0000	0
L	0.0004	0	0.0000	0
I	0.0004	0	0.0000	0
P	0.0004	0	0.0000	0
Y	0.0005	0	0.0000	0
M	0.0001	0	0.0000	0
G	0.0001	0	0.0000	0
K	0.0001	0	0.0000	0
E	0.0001	0	0.0000	0
V	0.0001	0	0.0000	0
L	0.0001	0	0.0000	0
E	0.0003	0	0.0000	0
P	0.0004	0	0.0000	0
C	0.0014	0	0.0000	0
G	0.0087	0	0.0001	0
</pre></body></html>