<html><head></head><body><pre style="word-wrap: break-word; white-space: pre-wrap;">&gt;P04449
Amino Acid	probability_DNA	binary_DNA	probability_RNA	binary_RNA
M	0.1256	0	0.0917	0
K	0.1122	0	0.0387	0
V	0.0011	0	0.0001	0
E	0.0009	0	0.0001	0
I	0.0002	0	0.0000	0
D	0.0000	0	0.0000	0
S	0.0013	0	0.0035	0
F	0.0005	0	0.0011	0
S	0.0038	0	0.0061	0
G	0.0232	0	0.0361	0
A	0.0049	0	0.0070	0
K	0.0342	0	0.0572	0
I	0.0033	0	0.0126	0
Y	0.0933	0	0.3887	1
P	0.0157	0	0.1454	0
G	0.0275	0	0.2434	1
R	0.0584	0	0.3400	1
G	0.0124	0	0.0479	0
T	0.0080	0	0.0269	0
L	0.0246	0	0.0653	0
F	0.0055	0	0.0207	0
V	0.0002	0	0.0002	0
R	0.0109	0	0.0217	0
G	0.0566	0	0.0930	0
D	0.0275	0	0.0241	0
S	0.0027	0	0.0025	0
K	0.0192	0	0.0308	0
I	0.0050	0	0.0053	0
F	0.0022	0	0.0019	0
R	0.0111	0	0.0101	0
F	0.0015	0	0.0019	0
Q	0.0024	0	0.0021	0
N	0.3387	0	0.5558	1
S	0.3887	1	0.7208	1
K	0.3452	0	0.7041	1
S	0.0029	0	0.0119	0
A	0.1337	0	0.4535	1
S	0.2929	0	0.5802	1
L	0.0042	0	0.0360	0
F	0.0011	0	0.0169	0
K	0.0124	0	0.2674	1
Q	0.0184	0	0.2946	1
R	0.0259	0	0.3322	1
K	0.0525	0	0.4904	1
N	0.0013	0	0.0146	0
P	0.0007	0	0.0029	0
R	0.0019	0	0.0131	0
R	0.0103	0	0.0709	0
I	0.0002	0	0.0029	0
A	0.0015	0	0.0735	0
W	0.0239	0	0.4096	1
T	0.0129	0	0.2604	1
V	0.0002	0	0.0037	0
L	0.0000	0	0.0006	0
F	0.0001	0	0.0095	0
R	0.0052	0	0.2432	1
K	0.0015	0	0.0923	0
H	0.0005	0	0.0234	0
H	0.0033	0	0.1973	1
K	0.0022	0	0.1398	0
K	0.0029	0	0.1383	0
G	0.0003	0	0.0075	0
I	0.0003	0	0.0036	0
T	0.0002	0	0.0045	0
E	0.0001	0	0.0016	0
E	0.0002	0	0.0032	0
V	0.0003	0	0.0031	0
A	0.0005	0	0.0036	0
K	0.0015	0	0.0068	0
K	0.0732	0	0.2457	1
R	0.1465	0	0.4293	1
S	0.1108	0	0.4786	1
R	0.0175	0	0.2361	1
K	0.0053	0	0.0687	0
T	0.0065	0	0.1135	0
V	0.0230	0	0.2440	1
K	0.1656	0	0.4662	1
A	0.0724	0	0.3843	1
Q	0.0265	0	0.3743	1
R	0.0713	0	0.6811	1
P	0.0041	0	0.1098	0
I	0.0001	0	0.0009	0
T	0.0001	0	0.0014	0
G	0.0003	0	0.0084	0
A	0.0002	0	0.0035	0
S	0.0000	0	0.0009	0
L	0.0000	0	0.0002	0
D	0.0000	0	0.0006	0
L	0.0000	0	0.0001	0
I	0.0000	0	0.0001	0
K	0.0000	0	0.0005	0
E	0.0000	0	0.0001	0
R	0.0000	0	0.0004	0
R	0.0002	0	0.0062	0
S	0.0000	0	0.0007	0
L	0.0000	0	0.0002	0
K	0.0009	0	0.0444	0
P	0.0000	0	0.0012	0
E	0.0000	0	0.0008	0
V	0.0000	0	0.0002	0
R	0.0005	0	0.0177	0
K	0.0001	0	0.0006	0
A	0.0000	0	0.0005	0
N	0.0000	0	0.0001	0
R	0.0001	0	0.0024	0
E	0.0001	0	0.0020	0
E	0.0002	0	0.0078	0
K	0.0001	0	0.0022	0
L	0.0000	0	0.0008	0
K	0.0007	0	0.0981	0
A	0.0001	0	0.0057	0
N	0.0004	0	0.0391	0
K	0.0031	0	0.3430	1
E	0.0001	0	0.0056	0
K	0.0003	0	0.0191	0
K	0.0040	0	0.2098	1
K	0.0040	0	0.2048	1
A	0.0002	0	0.0120	0
E	0.0002	0	0.0205	0
K	0.0006	0	0.0256	0
A	0.0001	0	0.0038	0
A	0.0001	0	0.0022	0
R	0.0017	0	0.0773	0
K	0.0050	0	0.1338	0
A	0.0006	0	0.0175	0
E	0.0005	0	0.0201	0
K	0.0027	0	0.1196	0
A	0.0001	0	0.0009	0
K	0.0000	0	0.0006	0
S	0.0000	0	0.0003	0
A	0.0001	0	0.0015	0
G	0.0001	0	0.0015	0
T	0.0001	0	0.0028	0
Q	0.0010	0	0.0266	0
S	0.0002	0	0.0039	0
S	0.0007	0	0.0224	0
K	0.0153	0	0.3392	1
F	0.0011	0	0.0182	0
S	0.0019	0	0.0457	0
K	0.0313	0	0.5341	1
Q	0.0457	0	0.4595	1
Q	0.0066	0	0.0449	0
A	0.0008	0	0.0094	0
K	0.0129	0	0.2253	1
G	0.0295	0	0.2498	1
A	0.0106	0	0.0919	0
F	0.0017	0	0.0129	0
Q	0.0048	0	0.0533	0
K	0.0219	0	0.3130	1
V	0.0207	0	0.1970	1
A	0.0138	0	0.1217	0
A	0.0080	0	0.0604	0
T	0.0192	0	0.1312	0
S	0.0169	0	0.1224	0
R	0.0549	0	0.2160	1
</pre></body></html>