<html><head></head><body><pre style="word-wrap: break-word; white-space: pre-wrap;">&gt;P03697
Amino Acid	probability_DNA	binary_DNA	probability_RNA	binary_RNA
M	0.3551	1	0.0000	0
T	0.0625	0	0.0000	0
P	0.0085	0	0.0000	0
D	0.0100	0	0.0000	0
I	0.0004	0	0.0000	0
I	0.0003	0	0.0000	0
L	0.0046	0	0.0000	0
Q	0.0053	0	0.0000	0
R	0.0210	0	0.0000	0
T	0.0010	0	0.0000	0
G	0.0006	0	0.0000	0
I	0.0004	0	0.0000	0
D	0.0019	0	0.0000	0
V	0.0065	0	0.0000	0
R	0.0084	0	0.0000	0
A	0.0051	0	0.0000	0
V	0.0032	0	0.0000	0
E	0.2152	0	0.0000	0
Q	0.4850	1	0.0000	0
G	0.4254	1	0.0000	0
D	0.4496	1	0.0000	0
D	0.3303	0	0.0000	0
A	0.0244	0	0.0000	0
W	0.0743	0	0.0000	0
H	0.2733	0	0.0000	0
K	0.0044	0	0.0000	0
L	0.0037	0	0.0000	0
R	0.8495	1	0.0000	0
L	0.2147	0	0.0000	0
G	0.0248	0	0.0000	0
V	0.1268	0	0.0000	0
I	0.0136	0	0.0000	0
T	0.7494	1	0.0000	0
A	0.2331	0	0.0000	0
S	0.6458	1	0.0000	0
E	0.0921	0	0.0000	0
V	0.0004	0	0.0000	0
H	0.0076	0	0.0000	0
N	0.0136	0	0.0000	0
V	0.0004	0	0.0000	0
I	0.0027	0	0.0000	0
A	0.0058	0	0.0000	0
K	0.4342	1	0.0000	0
P	0.1233	0	0.0000	0
R	0.6495	1	0.0000	0
S	0.5327	1	0.0000	0
G	0.2828	0	0.0000	0
K	0.1601	0	0.0000	0
K	0.1408	0	0.0000	0
W	0.3500	0	0.0000	0
P	0.0748	0	0.0000	0
D	0.4078	1	0.0000	0
M	0.0977	0	0.0000	0
K	0.0107	0	0.0000	0
M	0.0040	0	0.0000	0
S	0.0139	0	0.0000	0
Y	0.0017	0	0.0000	0
F	0.0040	0	0.0000	0
H	0.0009	0	0.0000	0
T	0.0016	0	0.0000	0
L	0.0003	0	0.0000	0
L	0.0003	0	0.0000	0
A	0.0004	0	0.0000	0
E	0.0005	0	0.0000	0
V	0.0026	0	0.0000	0
C	0.0012	0	0.0000	0
T	0.0175	0	0.0000	0
G	0.1169	0	0.0000	0
V	0.2152	0	0.0000	0
A	0.0614	0	0.0000	0
P	0.2840	0	0.0000	0
E	0.4515	1	0.0000	0
V	0.4084	1	0.0000	0
N	0.6048	1	0.0000	0
A	0.5338	1	0.0000	0
K	0.4929	1	0.0000	0
A	0.6111	1	0.0000	0
L	0.7252	1	0.0000	0
A	0.3508	1	0.0000	0
W	0.7339	1	0.0000	0
G	0.0378	0	0.0000	0
K	0.4560	1	0.0000	0
Q	0.2729	0	0.0000	0
Y	0.1305	0	0.0000	0
E	0.1771	0	0.0000	0
N	0.1383	0	0.0000	0
D	0.0258	0	0.0000	0
A	0.0007	0	0.0000	0
R	0.0207	0	0.0000	0
T	0.0010	0	0.0000	0
L	0.0024	0	0.0000	0
F	0.0011	0	0.0000	0
E	0.0008	0	0.0000	0
F	0.0036	0	0.0000	0
T	0.0027	0	0.0000	0
S	0.0004	0	0.0000	0
G	0.0007	0	0.0000	0
V	0.0005	0	0.0000	0
N	0.0007	0	0.0000	0
V	0.0003	0	0.0000	0
T	0.0019	0	0.0000	0
E	0.0021	0	0.0000	0
S	0.0002	0	0.0000	0
P	0.0003	0	0.0000	0
I	0.0003	0	0.0000	0
I	0.0004	0	0.0000	0
Y	0.0017	0	0.0000	0
R	0.0411	0	0.0000	0
D	0.0566	0	0.0000	0
E	0.0633	0	0.0000	0
S	0.0517	0	0.0000	0
M	0.0065	0	0.0000	0
R	0.0494	0	0.0000	0
T	0.0076	0	0.0000	0
A	0.1002	0	0.0000	0
C	0.0183	0	0.0000	0
S	0.2058	0	0.0000	0
P	0.0125	0	0.0000	0
D	0.1120	0	0.0000	0
G	0.0069	0	0.0000	0
L	0.0041	0	0.0000	0
C	0.0004	0	0.0000	0
S	0.0012	0	0.0000	0
D	0.0006	0	0.0000	0
G	0.0004	0	0.0000	0
N	0.0004	0	0.0000	0
G	0.0002	0	0.0000	0
L	0.0002	0	0.0000	0
E	0.0026	0	0.0000	0
L	0.0043	0	0.0000	0
A	0.4338	1	0.0000	0
C	0.1474	0	0.0000	0
P	0.1193	0	0.0000	0
F	0.5698	1	0.0000	0
T	0.0852	0	0.0000	0
S	0.1472	0	0.0000	0
R	0.5041	1	0.0000	0
D	0.1954	0	0.0000	0
F	0.0116	0	0.0000	0
M	0.0021	0	0.0000	0
K	0.0501	0	0.0000	0
F	0.0017	0	0.0000	0
R	0.0020	0	0.0000	0
L	0.0006	0	0.0000	0
G	0.0014	0	0.0000	0
G	0.0016	0	0.0000	0
F	0.0089	0	0.0000	0
E	0.0036	0	0.0000	0
A	0.0008	0	0.0000	0
I	0.0002	0	0.0000	0
K	0.0063	0	0.0000	0
S	0.1987	0	0.0000	0
A	0.0046	0	0.0000	0
Y	0.0100	0	0.0000	0
M	0.0011	0	0.0000	0
A	0.0010	0	0.0000	0
Q	0.0725	0	0.0001	0
V	0.0004	0	0.0000	0
Q	0.0360	0	0.0000	0
Y	0.0037	0	0.0000	0
S	0.0009	0	0.0000	0
M	0.0005	0	0.0000	0
W	0.0004	0	0.0000	0
V	0.0002	0	0.0000	0
T	0.0007	0	0.0000	0
R	0.0004	0	0.0000	0
K	0.0021	0	0.0000	0
N	0.0011	0	0.0000	0
A	0.0032	0	0.0000	0
W	0.0003	0	0.0000	0
Y	0.0034	0	0.0000	0
F	0.0006	0	0.0000	0
A	0.0003	0	0.0000	0
N	0.0009	0	0.0000	0
Y	0.0018	0	0.0000	0
D	0.0032	0	0.0000	0
P	0.0038	0	0.0000	0
R	0.0066	0	0.0000	0
M	0.0025	0	0.0000	0
K	0.0075	0	0.0000	0
R	0.0032	0	0.0000	0
E	0.0007	0	0.0000	0
G	0.0004	0	0.0000	0
L	0.0004	0	0.0000	0
H	0.0006	0	0.0000	0
Y	0.0009	0	0.0000	0
V	0.0004	0	0.0000	0
V	0.0136	0	0.0000	0
I	0.0015	0	0.0000	0
E	0.0086	0	0.0000	0
R	0.0555	0	0.0000	0
D	0.0413	0	0.0000	0
E	0.0126	0	0.0000	0
K	0.0087	0	0.0000	0
Y	0.0046	0	0.0000	0
M	0.0006	0	0.0000	0
A	0.0010	0	0.0000	0
S	0.0006	0	0.0000	0
F	0.0002	0	0.0000	0
D	0.0008	0	0.0000	0
E	0.0015	0	0.0000	0
I	0.0018	0	0.0000	0
V	0.0004	0	0.0000	0
P	0.0002	0	0.0000	0
E	0.0004	0	0.0000	0
F	0.0002	0	0.0000	0
I	0.0024	0	0.0000	0
E	0.0082	0	0.0000	0
K	0.0009	0	0.0000	0
M	0.0003	0	0.0000	0
D	0.0024	0	0.0000	0
E	0.0007	0	0.0000	0
A	0.0011	0	0.0000	0
L	0.0002	0	0.0000	0
A	0.0002	0	0.0000	0
E	0.0002	0	0.0000	0
I	0.0001	0	0.0000	0
G	0.0004	0	0.0000	0
F	0.0002	0	0.0000	0
V	0.0005	0	0.0000	0
F	0.0017	0	0.0000	0
G	0.0009	0	0.0000	0
E	0.0021	0	0.0000	0
Q	0.0067	0	0.0000	0
W	0.0071	0	0.0000	0
R	0.3165	0	0.0017	0
</pre></body></html>