<html><head></head><body><pre style="word-wrap: break-word; white-space: pre-wrap;">&gt;O66640
Amino Acid	probability_DNA	binary_DNA	probability_RNA	binary_RNA
M	0.0001	0	0.3351	1
G	0.0001	0	0.1551	1
K	0.0001	0	0.1130	0
S	0.0001	0	0.0539	0
D	0.0001	0	0.0262	0
K	0.0002	0	0.0471	0
I	0.0003	0	0.0561	0
I	0.0003	0	0.0952	0
P	0.0006	0	0.1518	1
I	0.0004	0	0.0313	0
A	0.0000	0	0.0018	0
E	0.0003	0	0.0271	0
N	0.0054	0	0.1530	1
K	0.0166	0	0.2310	1
E	0.0347	0	0.1360	0
A	0.0065	0	0.0368	0
K	0.0482	0	0.0907	0
A	0.0425	0	0.1719	1
K	0.0135	0	0.0580	0
Y	0.0170	0	0.0438	0
D	0.0001	0	0.0002	0
I	0.0000	0	0.0000	0
L	0.0000	0	0.0001	0
E	0.0000	0	0.0002	0
T	0.0000	0	0.0001	0
Y	0.0000	0	0.0000	0
E	0.0000	0	0.0010	0
A	0.0000	0	0.0000	0
G	0.0000	0	0.0001	0
I	0.0000	0	0.0000	0
V	0.0000	0	0.0005	0
L	0.0000	0	0.0001	0
K	0.0000	0	0.0003	0
G	0.0000	0	0.0005	0
S	0.0001	0	0.0016	0
E	0.0000	0	0.0004	0
V	0.0000	0	0.0002	0
K	0.0002	0	0.0397	0
S	0.0000	0	0.0010	0
L	0.0000	0	0.0002	0
R	0.0001	0	0.0789	0
E	0.0000	0	0.0003	0
K	0.0000	0	0.0003	0
G	0.0000	0	0.0008	0
T	0.0001	0	0.0170	0
V	0.0000	0	0.0005	0
S	0.0000	0	0.0495	0
F	0.0001	0	0.0867	0
K	0.0006	0	0.3875	1
D	0.0010	0	0.6654	1
S	0.0010	0	0.3830	1
F	0.0020	0	0.6363	1
V	0.0001	0	0.0108	0
R	0.0004	0	0.0572	0
I	0.0000	0	0.0007	0
E	0.0000	0	0.0048	0
N	0.0000	0	0.0062	0
G	0.0000	0	0.0021	0
E	0.0000	0	0.0013	0
A	0.0000	0	0.0004	0
W	0.0000	0	0.0023	0
L	0.0000	0	0.0003	0
Y	0.0000	0	0.0015	0
N	0.0000	0	0.0026	0
L	0.0000	0	0.0010	0
Y	0.0003	0	0.0233	0
I	0.0002	0	0.0095	0
A	0.0000	0	0.0043	0
P	0.0000	0	0.0020	0
Y	0.0004	0	0.0438	0
K	0.0001	0	0.0060	0
H	0.0001	0	0.0036	0
A	0.0000	0	0.0011	0
T	0.0000	0	0.0009	0
I	0.0001	0	0.0016	0
E	0.0001	0	0.0022	0
N	0.0000	0	0.0018	0
H	0.0000	0	0.0056	0
D	0.0000	0	0.0035	0
P	0.0000	0	0.0052	0
L	0.0000	0	0.0094	0
R	0.0003	0	0.1073	0
K	0.0000	0	0.0146	0
R	0.0008	0	0.2124	1
K	0.0020	0	0.3247	1
L	0.0001	0	0.0127	0
L	0.0060	0	0.1314	0
L	0.0001	0	0.0043	0
H	0.0256	0	0.2102	1
K	0.0430	0	0.2108	1
R	0.0020	0	0.0290	0
E	0.0001	0	0.0022	0
I	0.0000	0	0.0000	0
M	0.0000	0	0.0060	0
R	0.0000	0	0.0033	0
L	0.0000	0	0.0000	0
Y	0.0000	0	0.0001	0
G	0.0000	0	0.0002	0
K	0.0000	0	0.0001	0
V	0.0000	0	0.0000	0
Q	0.0000	0	0.0001	0
E	0.0000	0	0.0001	0
K	0.0000	0	0.0000	0
G	0.0000	0	0.0001	0
Y	0.0000	0	0.0001	0
T	0.0000	0	0.0008	0
I	0.0000	0	0.0001	0
I	0.0000	0	0.0004	0
P	0.0000	0	0.0010	0
L	0.0000	0	0.0033	0
K	0.0026	0	0.1539	1
L	0.0001	0	0.0118	0
Y	0.0506	0	0.7911	1
W	0.0002	0	0.0400	0
K	0.0025	0	0.3061	1
N	0.0016	0	0.2776	1
N	0.0026	0	0.2164	1
K	0.0038	0	0.1636	1
V	0.0001	0	0.0250	0
K	0.0065	0	0.8309	1
V	0.0005	0	0.0255	0
L	0.0158	0	0.4010	1
I	0.0014	0	0.0954	0
A	0.0007	0	0.0470	0
L	0.0004	0	0.0201	0
A	0.0004	0	0.0042	0
K	0.0219	0	0.1353	0
G	0.0045	0	0.0404	0
K	0.0110	0	0.0759	0
K	0.0079	0	0.1030	0
L	0.0179	0	0.0507	0
Y	0.0710	0	0.1124	0
D	0.0063	0	0.0818	0
R	0.0058	0	0.0280	0
R	0.0083	0	0.0397	0
R	0.0002	0	0.0005	0
E	0.0002	0	0.0009	0
L	0.0000	0	0.0002	0
K	0.0001	0	0.0032	0
E	0.0000	0	0.0004	0
K	0.0003	0	0.0082	0
A	0.0000	0	0.0001	0
M	0.0000	0	0.0002	0
K	0.0000	0	0.0013	0
R	0.0003	0	0.0595	0
E	0.0000	0	0.0008	0
L	0.0000	0	0.0002	0
E	0.0000	0	0.0039	0
R	0.0001	0	0.0367	0
E	0.0000	0	0.0003	0
F	0.0000	0	0.0002	0
K	0.0002	0	0.0500	0
G	0.0000	0	0.0029	0
K	0.0000	0	0.0166	0
I	0.0000	0	0.0059	0
H	0.0001	0	0.0202	0
L	0.0001	0	0.0127	0
</pre></body></html>