<html><head></head><body><pre style="word-wrap: break-word; white-space: pre-wrap;">&gt;P04993
Amino Acid	probability_DNA	binary_DNA	probability_RNA	binary_RNA
M	0.2174	0	0.0000	0
K	0.0425	0	0.0000	0
L	0.0029	0	0.0000	0
Q	0.0044	0	0.0000	0
K	0.0017	0	0.0000	0
Q	0.0007	0	0.0000	0
L	0.0002	0	0.0000	0
L	0.0008	0	0.0000	0
E	0.0005	0	0.0000	0
A	0.0002	0	0.0000	0
V	0.0004	0	0.0000	0
E	0.0002	0	0.0000	0
H	0.0004	0	0.0000	0
K	0.0005	0	0.0000	0
Q	0.0002	0	0.0000	0
L	0.0008	0	0.0000	0
R	0.2560	0	0.0000	0
P	0.3372	0	0.0000	0
L	0.0242	0	0.0000	0
D	0.1135	0	0.0000	0
V	0.0023	0	0.0000	0
Q	0.0041	0	0.0000	0
F	0.0003	0	0.0000	0
A	0.0001	0	0.0000	0
L	0.0012	0	0.0000	0
T	0.0004	0	0.0000	0
V	0.0001	0	0.0000	0
A	0.0001	0	0.0000	0
G	0.0004	0	0.0000	0
D	0.0015	0	0.0000	0
E	0.0009	0	0.0000	0
H	0.0020	0	0.0000	0
P	0.0007	0	0.0000	0
A	0.0007	0	0.0000	0
V	0.0004	0	0.0000	0
T	0.0001	0	0.0000	0
L	0.0001	0	0.0000	0
A	0.0001	0	0.0000	0
A	0.0001	0	0.0000	0
A	0.0001	0	0.0000	0
L	0.0001	0	0.0000	0
L	0.0001	0	0.0000	0
S	0.0044	0	0.0000	0
H	0.0035	0	0.0000	0
D	0.0003	0	0.0000	0
A	0.0004	0	0.0000	0
G	0.0013	0	0.0000	0
E	0.0003	0	0.0000	0
G	0.0003	0	0.0000	0
H	0.0021	0	0.0000	0
V	0.0008	0	0.0000	0
C	0.0014	0	0.0000	0
L	0.0012	0	0.0000	0
P	0.0057	0	0.0000	0
L	0.0008	0	0.0000	0
S	0.0007	0	0.0000	0
R	0.0003	0	0.0000	0
L	0.0001	0	0.0000	0
E	0.0001	0	0.0000	0
N	0.0003	0	0.0000	0
N	0.0003	0	0.0000	0
E	0.0002	0	0.0000	0
A	0.0003	0	0.0000	0
S	0.0019	0	0.0000	0
H	0.0008	0	0.0000	0
P	0.0003	0	0.0000	0
L	0.0002	0	0.0000	0
L	0.0003	0	0.0000	0
A	0.0003	0	0.0000	0
T	0.0002	0	0.0000	0
C	0.0001	0	0.0000	0
V	0.0002	0	0.0000	0
S	0.0002	0	0.0000	0
E	0.0001	0	0.0000	0
I	0.0001	0	0.0000	0
G	0.0001	0	0.0000	0
E	0.0002	0	0.0000	0
L	0.0002	0	0.0000	0
Q	0.0002	0	0.0000	0
N	0.0001	0	0.0000	0
W	0.0001	0	0.0000	0
E	0.0001	0	0.0000	0
E	0.0001	0	0.0000	0
C	0.0001	0	0.0000	0
L	0.0000	0	0.0000	0
L	0.0001	0	0.0000	0
A	0.0001	0	0.0000	0
S	0.0002	0	0.0000	0
Q	0.0002	0	0.0000	0
A	0.0001	0	0.0000	0
V	0.0001	0	0.0000	0
S	0.0002	0	0.0000	0
R	0.0004	0	0.0000	0
G	0.0006	0	0.0000	0
D	0.0012	0	0.0000	0
E	0.0027	0	0.0000	0
P	0.0025	0	0.0000	0
T	0.0013	0	0.0000	0
P	0.0008	0	0.0000	0
M	0.0007	0	0.0000	0
I	0.0007	0	0.0000	0
L	0.0010	0	0.0000	0
C	0.0018	0	0.0000	0
G	0.0139	0	0.0000	0
D	0.0075	0	0.0000	0
R	0.0425	0	0.0001	0
L	0.0039	0	0.0000	0
Y	0.1213	0	0.0003	0
L	0.0291	0	0.0001	0
N	0.1316	0	0.0014	0
R	0.4362	1	0.0163	0
M	0.0069	0	0.0000	0
W	0.0033	0	0.0000	0
C	0.0039	0	0.0000	0
N	0.0059	0	0.0000	0
E	0.0979	0	0.0006	0
R	0.0867	0	0.0002	0
T	0.0043	0	0.0000	0
V	0.0002	0	0.0000	0
A	0.0005	0	0.0000	0
R	0.0098	0	0.0000	0
F	0.0017	0	0.0000	0
F	0.0003	0	0.0000	0
N	0.0112	0	0.0000	0
E	0.0007	0	0.0000	0
V	0.0008	0	0.0000	0
N	0.0002	0	0.0000	0
H	0.0007	0	0.0000	0
A	0.0004	0	0.0000	0
I	0.0004	0	0.0000	0
E	0.0003	0	0.0000	0
V	0.0003	0	0.0000	0
D	0.0005	0	0.0000	0
E	0.0004	0	0.0000	0
A	0.0006	0	0.0000	0
L	0.0006	0	0.0000	0
L	0.0001	0	0.0000	0
A	0.0022	0	0.0000	0
Q	0.0012	0	0.0000	0
T	0.0002	0	0.0000	0
L	0.0001	0	0.0000	0
D	0.0005	0	0.0000	0
K	0.0016	0	0.0000	0
L	0.0001	0	0.0000	0
F	0.0001	0	0.0000	0
P	0.0001	0	0.0000	0
V	0.0001	0	0.0000	0
S	0.0001	0	0.0000	0
D	0.0001	0	0.0000	0
E	0.0002	0	0.0000	0
I	0.0002	0	0.0000	0
N	0.0002	0	0.0000	0
W	0.0001	0	0.0000	0
Q	0.0002	0	0.0000	0
K	0.0003	0	0.0000	0
V	0.0000	0	0.0000	0
A	0.0000	0	0.0000	0
A	0.0000	0	0.0000	0
A	0.0001	0	0.0000	0
V	0.0000	0	0.0000	0
A	0.0000	0	0.0000	0
L	0.0000	0	0.0000	0
T	0.0003	0	0.0000	0
R	0.0011	0	0.0000	0
R	0.0016	0	0.0000	0
I	0.0001	0	0.0000	0
S	0.0002	0	0.0000	0
V	0.0002	0	0.0000	0
I	0.0002	0	0.0000	0
S	0.0003	0	0.0000	0
G	0.0007	0	0.0000	0
G	0.0022	0	0.0000	0
P	0.0041	0	0.0000	0
G	0.0043	0	0.0000	0
T	0.0166	0	0.0000	0
G	0.0291	0	0.0000	0
K	0.1046	0	0.0000	0
T	0.0026	0	0.0000	0
T	0.0053	0	0.0000	0
T	0.0002	0	0.0000	0
V	0.0000	0	0.0000	0
A	0.0001	0	0.0000	0
K	0.0000	0	0.0000	0
L	0.0000	0	0.0000	0
L	0.0000	0	0.0000	0
A	0.0000	0	0.0000	0
A	0.0000	0	0.0000	0
L	0.0000	0	0.0000	0
I	0.0001	0	0.0000	0
Q	0.0002	0	0.0000	0
M	0.0001	0	0.0000	0
A	0.0001	0	0.0000	0
D	0.0001	0	0.0000	0
G	0.0001	0	0.0000	0
E	0.0002	0	0.0000	0
R	0.0001	0	0.0000	0
C	0.0001	0	0.0000	0
R	0.0007	0	0.0000	0
I	0.0002	0	0.0000	0
R	0.0008	0	0.0000	0
L	0.0007	0	0.0000	0
A	0.0041	0	0.0000	0
A	0.0144	0	0.0000	0
P	0.3681	1	0.0002	0
T	0.7906	1	0.0001	0
G	0.6187	1	0.0000	0
K	0.0137	0	0.0000	0
A	0.0006	0	0.0000	0
A	0.0002	0	0.0000	0
A	0.0003	0	0.0000	0
R	0.0002	0	0.0000	0
L	0.0002	0	0.0000	0
T	0.0004	0	0.0000	0
E	0.0003	0	0.0000	0
S	0.0007	0	0.0000	0
L	0.0002	0	0.0000	0
G	0.0013	0	0.0000	0
K	0.0010	0	0.0000	0
A	0.0002	0	0.0000	0
L	0.0003	0	0.0000	0
R	0.0004	0	0.0000	0
Q	0.0004	0	0.0000	0
L	0.0002	0	0.0000	0
P	0.0006	0	0.0000	0
L	0.0005	0	0.0000	0
T	0.0008	0	0.0000	0
D	0.0004	0	0.0000	0
E	0.0004	0	0.0000	0
Q	0.0002	0	0.0000	0
K	0.0004	0	0.0000	0
K	0.0011	0	0.0000	0
R	0.0003	0	0.0000	0
I	0.0002	0	0.0000	0
P	0.0008	0	0.0000	0
E	0.0019	0	0.0000	0
D	0.0039	0	0.0000	0
A	0.0009	0	0.0000	0
S	0.0007	0	0.0000	0
T	0.0048	0	0.0000	0
L	0.0004	0	0.0000	0
H	0.0108	0	0.0000	0
R	0.0453	0	0.0000	0
L	0.0006	0	0.0000	0
L	0.0006	0	0.0000	0
G	0.0122	0	0.0000	0
A	0.0028	0	0.0000	0
Q	0.0124	0	0.0000	0
P	0.0045	0	0.0000	0
G	0.0131	0	0.0000	0
S	0.0067	0	0.0000	0
Q	0.0151	0	0.0000	0
R	0.0124	0	0.0000	0
L	0.0042	0	0.0000	0
R	0.0302	0	0.0000	0
H	0.1503	0	0.0000	0
H	0.0091	0	0.0000	0
A	0.0286	0	0.0000	0
G	0.0157	0	0.0000	0
N	0.0346	0	0.0000	0
P	0.0167	0	0.0000	0
L	0.0116	0	0.0000	0
H	0.0035	0	0.0000	0
L	0.0007	0	0.0000	0
D	0.0008	0	0.0000	0
V	0.0001	0	0.0000	0
L	0.0001	0	0.0000	0
V	0.0002	0	0.0000	0
V	0.0007	0	0.0000	0
D	0.0084	0	0.0000	0
E	0.0923	0	0.0000	0
A	0.0103	0	0.0000	0
S	0.0047	0	0.0000	0
M	0.0030	0	0.0000	0
I	0.0011	0	0.0000	0
D	0.0055	0	0.0000	0
L	0.0024	0	0.0000	0
P	0.0024	0	0.0000	0
M	0.0012	0	0.0000	0
M	0.0007	0	0.0000	0
S	0.0005	0	0.0000	0
R	0.0003	0	0.0000	0
L	0.0001	0	0.0000	0
I	0.0002	0	0.0000	0
D	0.0007	0	0.0000	0
A	0.0004	0	0.0000	0
L	0.0002	0	0.0000	0
P	0.0003	0	0.0000	0
D	0.0003	0	0.0000	0
H	0.0007	0	0.0000	0
A	0.0002	0	0.0000	0
R	0.0010	0	0.0000	0
V	0.0001	0	0.0000	0
I	0.0002	0	0.0000	0
F	0.0002	0	0.0000	0
L	0.0002	0	0.0000	0
G	0.0013	0	0.0000	0
D	0.0034	0	0.0000	0
R	0.0340	0	0.0000	0
D	0.1710	0	0.0000	0
Q	0.0894	0	0.0000	0
L	0.0059	0	0.0000	0
A	0.0350	0	0.0000	0
S	0.1897	0	0.0000	0
V	0.1387	0	0.0000	0
E	0.2872	0	0.0000	0
A	0.1358	0	0.0000	0
G	0.0730	0	0.0000	0
A	0.0102	0	0.0000	0
V	0.0019	0	0.0000	0
L	0.0037	0	0.0000	0
G	0.0010	0	0.0000	0
D	0.0003	0	0.0000	0
I	0.0002	0	0.0000	0
C	0.0002	0	0.0000	0
A	0.0007	0	0.0000	0
Y	0.0007	0	0.0000	0
A	0.0005	0	0.0000	0
N	0.0012	0	0.0000	0
A	0.0015	0	0.0000	0
G	0.0032	0	0.0000	0
F	0.0070	0	0.0000	0
T	0.0036	0	0.0000	0
A	0.0046	0	0.0000	0
E	0.0064	0	0.0000	0
R	0.0035	0	0.0000	0
A	0.0005	0	0.0000	0
R	0.0039	0	0.0000	0
Q	0.0029	0	0.0000	0
L	0.0008	0	0.0000	0
S	0.0008	0	0.0000	0
R	0.0020	0	0.0000	0
L	0.0005	0	0.0000	0
T	0.0011	0	0.0000	0
G	0.0016	0	0.0000	0
T	0.0028	0	0.0000	0
H	0.0046	0	0.0000	0
V	0.0015	0	0.0000	0
P	0.0019	0	0.0000	0
A	0.0027	0	0.0000	0
G	0.0014	0	0.0000	0
T	0.0016	0	0.0000	0
G	0.0024	0	0.0000	0
T	0.0017	0	0.0000	0
E	0.0037	0	0.0000	0
A	0.0068	0	0.0000	0
A	0.0062	0	0.0000	0
S	0.0078	0	0.0000	0
L	0.0030	0	0.0000	0
R	0.0219	0	0.0000	0
D	0.0033	0	0.0000	0
S	0.0031	0	0.0000	0
L	0.0052	0	0.0000	0
C	0.0013	0	0.0000	0
L	0.0022	0	0.0000	0
L	0.0006	0	0.0000	0
Q	0.0088	0	0.0000	0
K	0.0906	0	0.0000	0
S	0.0043	0	0.0000	0
Y	0.0112	0	0.0000	0
R	0.2367	0	0.0000	0
F	0.0154	0	0.0000	0
G	0.0028	0	0.0000	0
S	0.0020	0	0.0000	0
D	0.0024	0	0.0000	0
S	0.0019	0	0.0000	0
G	0.0008	0	0.0000	0
I	0.0059	0	0.0000	0
G	0.0009	0	0.0000	0
Q	0.0004	0	0.0000	0
L	0.0002	0	0.0000	0
A	0.0011	0	0.0000	0
A	0.0031	0	0.0000	0
A	0.0007	0	0.0000	0
I	0.0008	0	0.0000	0
N	0.0594	0	0.0000	0
R	0.0017	0	0.0000	0
G	0.0038	0	0.0000	0
D	0.0013	0	0.0000	0
K	0.0010	0	0.0000	0
T	0.0029	0	0.0000	0
A	0.0016	0	0.0000	0
V	0.0007	0	0.0000	0
K	0.0020	0	0.0000	0
T	0.0013	0	0.0000	0
V	0.0008	0	0.0000	0
F	0.0005	0	0.0000	0
Q	0.0025	0	0.0000	0
Q	0.0057	0	0.0000	0
D	0.0038	0	0.0000	0
F	0.0149	0	0.0000	0
T	0.0124	0	0.0000	0
D	0.0030	0	0.0000	0
I	0.0009	0	0.0000	0
E	0.0023	0	0.0000	0
K	0.0041	0	0.0000	0
R	0.0027	0	0.0000	0
L	0.0015	0	0.0000	0
L	0.0017	0	0.0000	0
Q	0.0061	0	0.0000	0
S	0.0043	0	0.0000	0
G	0.0055	0	0.0000	0
E	0.0018	0	0.0000	0
D	0.0010	0	0.0000	0
Y	0.0008	0	0.0000	0
I	0.0025	0	0.0000	0
A	0.0021	0	0.0000	0
M	0.0006	0	0.0000	0
L	0.0006	0	0.0000	0
E	0.0059	0	0.0000	0
E	0.0039	0	0.0000	0
A	0.0008	0	0.0000	0
L	0.0009	0	0.0000	0
A	0.0021	0	0.0000	0
G	0.0024	0	0.0000	0
Y	0.0055	0	0.0000	0
G	0.0375	0	0.0000	0
R	0.0249	0	0.0000	0
Y	0.0030	0	0.0000	0
L	0.0020	0	0.0000	0
D	0.0225	0	0.0000	0
L	0.0016	0	0.0000	0
L	0.0009	0	0.0000	0
Q	0.0039	0	0.0000	0
A	0.0021	0	0.0000	0
R	0.0041	0	0.0000	0
A	0.0010	0	0.0000	0
E	0.0015	0	0.0000	0
P	0.0018	0	0.0000	0
D	0.0021	0	0.0000	0
L	0.0010	0	0.0000	0
I	0.0004	0	0.0000	0
I	0.0003	0	0.0000	0
Q	0.0007	0	0.0000	0
A	0.0003	0	0.0000	0
F	0.0004	0	0.0000	0
N	0.0010	0	0.0000	0
E	0.0011	0	0.0000	0
Y	0.0003	0	0.0000	0
Q	0.0006	0	0.0000	0
L	0.0003	0	0.0000	0
L	0.0010	0	0.0000	0
C	0.0030	0	0.0000	0
A	0.0104	0	0.0000	0
L	0.0159	0	0.0000	0
R	0.1579	0	0.0000	0
E	0.1410	0	0.0000	0
G	0.0090	0	0.0000	0
P	0.0092	0	0.0000	0
F	0.0029	0	0.0000	0
G	0.0023	0	0.0000	0
V	0.0032	0	0.0000	0
A	0.0268	0	0.0000	0
G	0.0018	0	0.0000	0
L	0.0007	0	0.0000	0
N	0.0226	0	0.0000	0
E	0.0815	0	0.0000	0
R	0.0022	0	0.0000	0
I	0.0004	0	0.0000	0
E	0.0013	0	0.0000	0
Q	0.0013	0	0.0000	0
F	0.0007	0	0.0000	0
M	0.0004	0	0.0000	0
Q	0.0034	0	0.0000	0
Q	0.0011	0	0.0000	0
K	0.0015	0	0.0000	0
R	0.0012	0	0.0000	0
K	0.0012	0	0.0000	0
I	0.0006	0	0.0000	0
H	0.0012	0	0.0000	0
R	0.0014	0	0.0000	0
H	0.0009	0	0.0000	0
P	0.0013	0	0.0000	0
H	0.0013	0	0.0000	0
S	0.0010	0	0.0000	0
R	0.0034	0	0.0000	0
W	0.0006	0	0.0000	0
Y	0.0033	0	0.0000	0
E	0.0010	0	0.0000	0
G	0.0013	0	0.0000	0
R	0.0003	0	0.0000	0
P	0.0006	0	0.0000	0
V	0.0002	0	0.0000	0
M	0.0006	0	0.0000	0
I	0.0007	0	0.0000	0
A	0.0036	0	0.0000	0
R	0.0922	0	0.0000	0
N	0.2537	0	0.0000	0
D	0.0320	0	0.0000	0
S	0.0492	0	0.0000	0
A	0.0085	0	0.0000	0
L	0.0018	0	0.0000	0
G	0.0024	0	0.0000	0
L	0.0012	0	0.0000	0
F	0.0056	0	0.0000	0
N	0.0363	0	0.0000	0
G	0.0085	0	0.0000	0
D	0.0177	0	0.0000	0
I	0.0073	0	0.0000	0
G	0.0011	0	0.0000	0
I	0.0012	0	0.0000	0
A	0.0004	0	0.0000	0
L	0.0015	0	0.0000	0
D	0.0061	0	0.0000	0
R	0.0219	0	0.0000	0
G	0.0149	0	0.0000	0
Q	0.0133	0	0.0000	0
G	0.0167	0	0.0000	0
T	0.0080	0	0.0000	0
R	0.1302	0	0.0000	0
V	0.0041	0	0.0000	0
W	0.0013	0	0.0000	0
F	0.0015	0	0.0000	0
A	0.0032	0	0.0000	0
M	0.0089	0	0.0000	0
P	0.2364	0	0.0000	0
D	0.0635	0	0.0000	0
G	0.0443	0	0.0000	0
N	0.0712	0	0.0000	0
I	0.0164	0	0.0000	0
K	0.0103	0	0.0000	0
S	0.0147	0	0.0000	0
V	0.0027	0	0.0000	0
Q	0.0044	0	0.0000	0
P	0.0045	0	0.0000	0
S	0.0061	0	0.0000	0
R	0.0031	0	0.0000	0
L	0.0120	0	0.0000	0
P	0.0042	0	0.0000	0
E	0.0021	0	0.0000	0
H	0.0010	0	0.0000	0
E	0.0306	0	0.0000	0
T	0.0663	0	0.0001	0
T	0.0147	0	0.0000	0
W	0.0967	0	0.0001	0
A	0.0033	0	0.0000	0
M	0.0175	0	0.0000	0
T	0.2891	0	0.0007	0
V	0.0659	0	0.0000	0
H	0.7795	1	0.0001	0
K	0.8899	1	0.0000	0
S	0.3783	1	0.0000	0
Q	0.7188	1	0.0000	0
G	0.0508	0	0.0000	0
S	0.0063	0	0.0000	0
E	0.0222	0	0.0000	0
F	0.0014	0	0.0000	0
D	0.0006	0	0.0000	0
H	0.0010	0	0.0000	0
A	0.0000	0	0.0000	0
A	0.0000	0	0.0000	0
L	0.0000	0	0.0000	0
I	0.0001	0	0.0000	0
L	0.0001	0	0.0000	0
P	0.0007	0	0.0000	0
S	0.0101	0	0.0000	0
Q	0.0196	0	0.0000	0
R	0.0148	0	0.0000	0
T	0.0216	0	0.0000	0
P	0.0325	0	0.0000	0
V	0.0077	0	0.0000	0
V	0.0017	0	0.0000	0
T	0.0046	0	0.0000	0
R	0.1018	0	0.0000	0
E	0.0027	0	0.0000	0
L	0.0003	0	0.0000	0
V	0.0001	0	0.0000	0
Y	0.0168	0	0.0000	0
T	0.0003	0	0.0000	0
A	0.0003	0	0.0000	0
V	0.0008	0	0.0000	0
T	0.0029	0	0.0000	0
R	0.1833	0	0.0001	0
A	0.0041	0	0.0000	0
R	0.0624	0	0.0001	0
R	0.0018	0	0.0000	0
R	0.0005	0	0.0000	0
L	0.0001	0	0.0000	0
S	0.0001	0	0.0000	0
L	0.0000	0	0.0000	0
Y	0.0001	0	0.0000	0
A	0.0002	0	0.0000	0
D	0.0018	0	0.0000	0
E	0.0137	0	0.0001	0
R	0.0059	0	0.0000	0
I	0.0004	0	0.0000	0
L	0.0002	0	0.0000	0
S	0.0013	0	0.0000	0
A	0.0142	0	0.0000	0
A	0.0018	0	0.0000	0
I	0.0002	0	0.0000	0
A	0.0011	0	0.0000	0
T	0.0044	0	0.0000	0
R	0.0226	0	0.0000	0
T	0.0037	0	0.0000	0
E	0.0021	0	0.0000	0
R	0.0476	0	0.0000	0
R	0.0035	0	0.0000	0
S	0.0015	0	0.0000	0
G	0.0023	0	0.0000	0
L	0.0001	0	0.0000	0
A	0.0001	0	0.0000	0
A	0.0002	0	0.0000	0
L	0.0006	0	0.0000	0
F	0.0001	0	0.0000	0
S	0.0004	0	0.0000	0
S	0.0006	0	0.0000	0
R	0.0100	0	0.0000	0
E	0.0108	0	0.0000	0
</pre></body></html>