<html><head></head><body><pre style="word-wrap: break-word; white-space: pre-wrap;">&gt;Q3U781
Amino Acid	probability_DNA	binary_DNA	probability_RNA	binary_RNA
M	0.0041	0	0.0091	0
H	0.0022	0	0.0043	0
R	0.0066	0	0.0181	0
D	0.0007	0	0.0011	0
S	0.0005	0	0.0012	0
C	0.0004	0	0.0013	0
P	0.0013	0	0.0050	0
L	0.0016	0	0.0076	0
D	0.0021	0	0.0145	0
C	0.0023	0	0.0150	0
K	0.1132	0	0.3953	1
V	0.0012	0	0.0084	0
Y	0.2546	0	0.6479	1
V	0.0008	0	0.0029	0
G	0.0118	0	0.0587	0
N	0.2363	0	0.4490	1
L	0.0187	0	0.0311	0
G	0.0533	0	0.0656	0
N	0.0911	0	0.1142	0
N	0.0016	0	0.0012	0
G	0.0008	0	0.0003	0
N	0.0072	0	0.0054	0
K	0.0030	0	0.0012	0
T	0.0003	0	0.0001	0
E	0.0001	0	0.0000	0
L	0.0000	0	0.0000	0
E	0.0007	0	0.0015	0
R	0.0000	0	0.0000	0
A	0.0000	0	0.0000	0
F	0.0000	0	0.0001	0
G	0.0001	0	0.0005	0
Y	0.0001	0	0.0010	0
Y	0.0005	0	0.0116	0
G	0.0000	0	0.0003	0
P	0.0000	0	0.0005	0
L	0.0000	0	0.0004	0
R	0.0007	0	0.0073	0
S	0.0138	0	0.0807	0
V	0.0009	0	0.0037	0
W	0.1111	0	0.3675	1
V	0.0095	0	0.0361	0
A	0.0115	0	0.0490	0
R	0.1907	0	0.3970	1
N	0.0902	0	0.1538	1
P	0.4090	1	0.4408	1
P	0.5588	1	0.4721	1
G	0.3409	0	0.2543	1
F	0.8682	1	0.3058	1
A	0.0186	0	0.0105	0
F	0.8534	1	0.3731	1
V	0.0076	0	0.0026	0
E	0.0138	0	0.0055	0
F	0.0151	0	0.0074	0
E	0.0018	0	0.0009	0
D	0.0008	0	0.0001	0
P	0.0003	0	0.0001	0
R	0.0001	0	0.0000	0
D	0.0000	0	0.0000	0
A	0.0000	0	0.0000	0
A	0.0001	0	0.0000	0
D	0.0001	0	0.0000	0
A	0.0001	0	0.0000	0
V	0.0001	0	0.0001	0
R	0.0004	0	0.0002	0
E	0.0000	0	0.0000	0
L	0.0000	0	0.0000	0
D	0.0001	0	0.0001	0
G	0.0003	0	0.0002	0
R	0.0006	0	0.0002	0
T	0.0008	0	0.0001	0
L	0.0002	0	0.0000	0
C	0.0002	0	0.0001	0
G	0.0003	0	0.0001	0
C	0.0013	0	0.0005	0
R	0.0024	0	0.0012	0
V	0.0003	0	0.0002	0
R	0.1591	0	0.3404	1
V	0.0029	0	0.0063	0
E	0.3082	0	0.3311	1
L	0.3213	0	0.3166	1
S	0.6103	1	0.4227	1
N	0.6118	1	0.4112	1
G	0.1680	0	0.1439	0
E	0.3571	1	0.2488	1
K	0.2905	0	0.1280	0
R	0.4728	1	0.1189	0
S	0.4424	1	0.0686	0
R	0.5625	1	0.0463	0
N	0.4956	1	0.0338	0
R	0.5831	1	0.0376	0
G	0.5348	1	0.0455	0
P	0.4852	1	0.0278	0
P	0.5303	1	0.0175	0
P	0.5165	1	0.0101	0
S	0.7630	1	0.0218	0
W	0.5154	1	0.0236	0
G	0.5497	1	0.0273	0
R	0.5054	1	0.0095	0
R	0.5075	1	0.0044	0
P	0.4338	1	0.0072	0
R	0.4640	1	0.0119	0
D	0.4407	1	0.0038	0
D	0.4376	1	0.0024	0
Y	0.5776	1	0.0057	0
R	0.4276	1	0.0172	0
R	0.4118	1	0.0122	0
R	0.2914	0	0.0059	0
S	0.2837	0	0.0075	0
P	0.0824	0	0.0034	0
P	0.1800	0	0.0084	0
P	0.1252	0	0.0040	0
R	0.3979	1	0.0261	0
R	0.2778	0	0.0194	0
R	0.3347	0	0.0314	0
V	0.0177	0	0.0007	0
T	0.0816	0	0.0070	0
I	0.0030	0	0.0003	0
M	0.0110	0	0.0012	0
S	0.0183	0	0.0031	0
L	0.0010	0	0.0001	0
L	0.0007	0	0.0001	0
T	0.0051	0	0.0026	0
T	0.0020	0	0.0007	0
L	0.0069	0	0.0024	0
</pre></body></html>