<html><head></head><body><pre style="word-wrap: break-word; white-space: pre-wrap;">&gt;P69054
Amino Acid	probability_DNA	binary_DNA	probability_RNA	binary_RNA
M	0.3721	1	0.0000	0
I	0.0663	0	0.0000	0
R	0.1801	0	0.0000	0
N	0.1595	0	0.0000	0
V	0.3003	0	0.0000	0
K	0.3794	1	0.0000	0
K	0.0974	0	0.0000	0
Q	0.0322	0	0.0000	0
R	0.2386	0	0.0000	0
P	0.1005	0	0.0000	0
V	0.1617	0	0.0000	0
N	0.1519	0	0.0000	0
L	0.0594	0	0.0000	0
D	0.2576	0	0.0000	0
L	0.2141	0	0.0000	0
Q	0.3302	0	0.0000	0
T	0.0148	0	0.0000	0
I	0.3018	0	0.0000	0
R	0.1792	0	0.0000	0
F	0.0359	0	0.0000	0
P	0.0464	0	0.0000	0
I	0.0260	0	0.0000	0
T	0.1522	0	0.0000	0
A	0.0674	0	0.0000	0
I	0.2190	0	0.0000	0
A	0.0267	0	0.0000	0
S	0.3453	0	0.0000	0
I	0.4325	1	0.0000	0
L	0.0865	0	0.0000	0
H	0.9404	1	0.0001	0
R	0.9167	1	0.0001	0
V	0.0652	0	0.0000	0
S	0.0663	0	0.0001	0
G	0.0671	0	0.0000	0
V	0.0213	0	0.0000	0
I	0.0010	0	0.0000	0
T	0.0010	0	0.0000	0
F	0.0008	0	0.0000	0
V	0.0004	0	0.0000	0
A	0.0002	0	0.0000	0
V	0.0001	0	0.0000	0
G	0.0001	0	0.0000	0
I	0.0011	0	0.0000	0
L	0.0021	0	0.0000	0
L	0.0003	0	0.0000	0
W	0.0330	0	0.0001	0
L	0.0004	0	0.0000	0
L	0.0002	0	0.0000	0
G	0.0002	0	0.0000	0
T	0.0002	0	0.0000	0
S	0.0003	0	0.0000	0
L	0.0006	0	0.0000	0
S	0.0108	0	0.0000	0
S	0.0112	0	0.0000	0
P	0.0049	0	0.0000	0
E	0.0015	0	0.0000	0
G	0.0004	0	0.0000	0
F	0.0011	0	0.0000	0
E	0.0007	0	0.0000	0
Q	0.0005	0	0.0000	0
A	0.0004	0	0.0000	0
S	0.0004	0	0.0000	0
A	0.0002	0	0.0000	0
I	0.0003	0	0.0000	0
M	0.0007	0	0.0000	0
G	0.0043	0	0.0000	0
S	0.0050	0	0.0000	0
F	0.0170	0	0.0002	0
F	0.1860	0	0.0047	0
V	0.0030	0	0.0000	0
K	0.0022	0	0.0001	0
F	0.0014	0	0.0000	0
I	0.0004	0	0.0000	0
M	0.0008	0	0.0000	0
W	0.0038	0	0.0001	0
G	0.0022	0	0.0001	0
I	0.0005	0	0.0000	0
L	0.0020	0	0.0000	0
T	0.0166	0	0.0002	0
A	0.0063	0	0.0000	0
L	0.0105	0	0.0000	0
A	0.0038	0	0.0000	0
Y	0.2007	0	0.0053	0
H	0.2571	0	0.0048	0
V	0.0026	0	0.0000	0
V	0.0017	0	0.0000	0
V	0.2919	0	0.0036	0
G	0.0448	0	0.0002	0
I	0.0901	0	0.0005	0
R	0.6108	1	0.0026	0
H	0.5168	1	0.0007	0
M	0.0418	0	0.0000	0
M	0.0159	0	0.0000	0
M	0.0696	0	0.0001	0
D	0.1383	0	0.0002	0
F	0.1942	0	0.0002	0
G	0.0254	0	0.0000	0
Y	0.1352	0	0.0002	0
L	0.0059	0	0.0000	0
E	0.0100	0	0.0000	0
E	0.0025	0	0.0000	0
T	0.0053	0	0.0000	0
F	0.0073	0	0.0000	0
E	0.0157	0	0.0000	0
A	0.0077	0	0.0000	0
G	0.0020	0	0.0000	0
K	0.0575	0	0.0001	0
R	0.2076	0	0.0003	0
S	0.0154	0	0.0000	0
A	0.0016	0	0.0000	0
K	0.0380	0	0.0001	0
I	0.0436	0	0.0001	0
S	0.0019	0	0.0000	0
F	0.0010	0	0.0000	0
V	0.0339	0	0.0006	0
I	0.0045	0	0.0000	0
T	0.0079	0	0.0001	0
V	0.0033	0	0.0000	0
V	0.0010	0	0.0000	0
L	0.0018	0	0.0000	0
S	0.0008	0	0.0000	0
L	0.0018	0	0.0000	0
L	0.0021	0	0.0000	0
A	0.0007	0	0.0000	0
G	0.0045	0	0.0000	0
V	0.0049	0	0.0000	0
L	0.0034	0	0.0000	0
V	0.0007	0	0.0000	0
W	0.3567	1	0.0047	0
</pre></body></html>