<html><head></head><body><pre style="word-wrap: break-word; white-space: pre-wrap;">&gt;Q11RW0
Amino Acid	probability_DNA	binary_DNA	probability_RNA	binary_RNA
M	0.1888	0	0.0094	0
K	0.6403	1	0.0034	0
F	0.0058	0	0.0000	0
K	0.2202	0	0.0033	0
I	0.0087	0	0.0001	0
H	0.0480	0	0.0005	0
S	0.0404	0	0.0002	0
D	0.3270	0	0.0017	0
I	0.0249	0	0.0000	0
T	0.2281	0	0.0017	0
Y	0.0130	0	0.0000	0
Q	0.0066	0	0.0000	0
V	0.0009	0	0.0000	0
M	0.0005	0	0.0000	0
S	0.0003	0	0.0000	0
P	0.0004	0	0.0000	0
T	0.0003	0	0.0000	0
T	0.0005	0	0.0000	0
F	0.0004	0	0.0000	0
I	0.0008	0	0.0000	0
F	0.0007	0	0.0000	0
N	0.0081	0	0.0001	0
V	0.0003	0	0.0000	0
H	0.0009	0	0.0000	0
A	0.0034	0	0.0000	0
L	0.0034	0	0.0000	0
R	0.0066	0	0.0000	0
T	0.0050	0	0.0000	0
E	0.0037	0	0.0000	0
S	0.0034	0	0.0000	0
Q	0.0097	0	0.0000	0
H	0.1681	0	0.0002	0
I	0.0125	0	0.0000	0
L	0.1423	0	0.0002	0
D	0.0595	0	0.0000	0
E	0.0034	0	0.0000	0
S	0.0114	0	0.0000	0
L	0.0032	0	0.0000	0
I	0.0250	0	0.0001	0
V	0.0007	0	0.0000	0
T	0.0029	0	0.0000	0
P	0.0036	0	0.0000	0
P	0.0048	0	0.0000	0
I	0.0069	0	0.0000	0
E	0.0077	0	0.0000	0
I	0.0107	0	0.0000	0
E	0.0132	0	0.0001	0
E	0.0785	0	0.0002	0
F	0.0865	0	0.0002	0
S	0.2534	0	0.0008	0
Y	0.0743	0	0.0002	0
N	0.0583	0	0.0002	0
S	0.0241	0	0.0000	0
G	0.0133	0	0.0000	0
T	0.0148	0	0.0000	0
S	0.0085	0	0.0000	0
R	0.0668	0	0.0002	0
F	0.0020	0	0.0000	0
V	0.0007	0	0.0000	0
R	0.0015	0	0.0000	0
L	0.0009	0	0.0000	0
K	0.0028	0	0.0000	0
A	0.0018	0	0.0000	0
T	0.0053	0	0.0000	0
E	0.0030	0	0.0000	0
N	0.0086	0	0.0000	0
T	0.0029	0	0.0000	0
T	0.0157	0	0.0000	0
F	0.0030	0	0.0000	0
S	0.1462	0	0.0007	0
M	0.0017	0	0.0000	0
S	0.0013	0	0.0000	0
Y	0.0003	0	0.0000	0
T	0.0010	0	0.0000	0
A	0.0003	0	0.0000	0
T	0.0003	0	0.0000	0
V	0.0002	0	0.0000	0
D	0.0024	0	0.0000	0
T	0.0004	0	0.0000	0
Q	0.0035	0	0.0000	0
Y	0.0025	0	0.0000	0
K	0.0030	0	0.0000	0
V	0.0033	0	0.0000	0
I	0.0021	0	0.0000	0
D	0.0069	0	0.0000	0
Q	0.0036	0	0.0000	0
R	0.0040	0	0.0000	0
Q	0.0031	0	0.0000	0
E	0.0008	0	0.0000	0
L	0.0007	0	0.0000	0
E	0.0007	0	0.0000	0
T	0.0007	0	0.0000	0
V	0.0004	0	0.0000	0
P	0.0002	0	0.0000	0
V	0.0002	0	0.0000	0
V	0.0001	0	0.0000	0
D	0.0001	0	0.0000	0
L	0.0001	0	0.0000	0
D	0.0001	0	0.0000	0
G	0.0001	0	0.0000	0
D	0.0001	0	0.0000	0
I	0.0002	0	0.0000	0
I	0.0003	0	0.0000	0
P	0.0003	0	0.0000	0
F	0.0012	0	0.0000	0
L	0.0004	0	0.0000	0
F	0.0175	0	0.0002	0
P	0.0054	0	0.0000	0
S	0.0103	0	0.0000	0
R	0.0061	0	0.0000	0
Y	0.0048	0	0.0000	0
C	0.0015	0	0.0000	0
Q	0.0011	0	0.0000	0
S	0.0016	0	0.0000	0
D	0.0009	0	0.0000	0
K	0.0009	0	0.0000	0
L	0.0004	0	0.0000	0
Q	0.0022	0	0.0001	0
K	0.0004	0	0.0000	0
L	0.0001	0	0.0000	0
A	0.0001	0	0.0000	0
Y	0.0005	0	0.0000	0
K	0.0004	0	0.0000	0
E	0.0004	0	0.0000	0
F	0.0004	0	0.0000	0
G	0.0015	0	0.0001	0
K	0.0014	0	0.0001	0
I	0.0039	0	0.0006	0
E	0.0047	0	0.0007	0
N	0.0109	0	0.0014	0
V	0.0028	0	0.0002	0
Y	0.0018	0	0.0002	0
S	0.0005	0	0.0000	0
K	0.0107	0	0.0016	0
V	0.0001	0	0.0000	0
L	0.0001	0	0.0000	0
A	0.0002	0	0.0000	0
I	0.0001	0	0.0000	0
T	0.0004	0	0.0001	0
D	0.0020	0	0.0002	0
W	0.0195	0	0.0020	0
I	0.0003	0	0.0000	0
Y	0.0106	0	0.0003	0
N	0.0030	0	0.0000	0
N	0.0130	0	0.0001	0
V	0.0088	0	0.0001	0
E	0.0900	0	0.0009	0
Y	0.7400	1	0.0134	0
I	0.0677	0	0.0004	0
S	0.2622	0	0.0013	0
G	0.2046	0	0.0008	0
S	0.0668	0	0.0002	0
T	0.0207	0	0.0001	0
N	0.0168	0	0.0001	0
S	0.0081	0	0.0000	0
Q	0.0055	0	0.0000	0
T	0.0018	0	0.0000	0
S	0.0009	0	0.0000	0
A	0.0004	0	0.0000	0
F	0.0001	0	0.0000	0
D	0.0001	0	0.0000	0
T	0.0003	0	0.0000	0
I	0.0001	0	0.0000	0
T	0.0004	0	0.0000	0
E	0.0003	0	0.0000	0
R	0.0017	0	0.0001	0
A	0.0007	0	0.0000	0
G	0.0018	0	0.0001	0
V	0.0031	0	0.0009	0
C	0.0014	0	0.0003	0
R	0.0334	0	0.0266	0
D	0.0014	0	0.0004	0
F	0.0010	0	0.0002	0
A	0.0008	0	0.0002	0
H	0.0004	0	0.0001	0
L	0.0001	0	0.0000	0
G	0.0006	0	0.0002	0
I	0.0003	0	0.0001	0
A	0.0002	0	0.0000	0
L	0.0001	0	0.0000	0
C	0.0002	0	0.0000	0
R	0.0338	0	0.0104	0
A	0.0015	0	0.0001	0
L	0.0039	0	0.0007	0
S	0.0435	0	0.0233	0
I	0.0027	0	0.0002	0
P	0.1426	0	0.0066	0
A	0.0106	0	0.0002	0
R	0.0139	0	0.0003	0
Y	0.0007	0	0.0000	0
F	0.0011	0	0.0000	0
T	0.0039	0	0.0001	0
G	0.0042	0	0.0001	0
Y	0.0044	0	0.0000	0
A	0.0016	0	0.0000	0
F	0.0070	0	0.0000	0
K	0.0038	0	0.0000	0
L	0.0013	0	0.0000	0
N	0.0059	0	0.0001	0
P	0.0056	0	0.0001	0
P	0.0061	0	0.0001	0
D	0.0198	0	0.0008	0
F	0.0459	0	0.0023	0
H	0.2385	0	0.0074	0
A	0.0024	0	0.0000	0
C	0.0644	0	0.0010	0
F	0.0009	0	0.0000	0
E	0.0008	0	0.0000	0
A	0.0002	0	0.0000	0
Y	0.0018	0	0.0000	0
I	0.0005	0	0.0000	0
G	0.0026	0	0.0000	0
G	0.0020	0	0.0000	0
N	0.0021	0	0.0000	0
W	0.0074	0	0.0001	0
I	0.0048	0	0.0001	0
I	0.0007	0	0.0000	0
F	0.0011	0	0.0000	0
D	0.0276	0	0.0039	0
A	0.0068	0	0.0004	0
T	0.0363	0	0.0021	0
R	0.1727	0	0.0238	0
L	0.0646	0	0.0067	0
V	0.0042	0	0.0001	0
P	0.0030	0	0.0001	0
L	0.0008	0	0.0000	0
N	0.0002	0	0.0000	0
G	0.0003	0	0.0000	0
L	0.0003	0	0.0000	0
V	0.0001	0	0.0000	0
K	0.0001	0	0.0000	0
I	0.0001	0	0.0000	0
A	0.0008	0	0.0001	0
T	0.0057	0	0.0009	0
G	0.0061	0	0.0012	0
R	0.0057	0	0.0010	0
D	0.0012	0	0.0001	0
A	0.0031	0	0.0003	0
A	0.0021	0	0.0002	0
D	0.0016	0	0.0002	0
A	0.0002	0	0.0000	0
A	0.0010	0	0.0001	0
V	0.0004	0	0.0000	0
A	0.0005	0	0.0000	0
S	0.0003	0	0.0000	0
I	0.0006	0	0.0000	0
F	0.0006	0	0.0000	0
G	0.0025	0	0.0001	0
N	0.0009	0	0.0000	0
A	0.0003	0	0.0000	0
S	0.0009	0	0.0001	0
S	0.0011	0	0.0001	0
T	0.0017	0	0.0001	0
N	0.0037	0	0.0003	0
M	0.0008	0	0.0001	0
H	0.0061	0	0.0005	0
V	0.0006	0	0.0000	0
E	0.0013	0	0.0001	0
C	0.0002	0	0.0000	0
A	0.0003	0	0.0000	0
S	0.0002	0	0.0000	0
L	0.0002	0	0.0000	0
D	0.0001	0	0.0000	0
T	0.0001	0	0.0000	0
D	0.0001	0	0.0000	0
F	0.0002	0	0.0000	0
T	0.0003	0	0.0000	0
P	0.0004	0	0.0000	0
F	0.0008	0	0.0000	0
W	0.0012	0	0.0000	0
Y	0.0011	0	0.0000	0
D	0.0013	0	0.0000	0
K	0.0009	0	0.0000	0
N	0.0008	0	0.0000	0
S	0.0009	0	0.0000	0
L	0.0007	0	0.0000	0
K	0.0027	0	0.0000	0
G	0.0011	0	0.0000	0
L	0.0004	0	0.0000	0
S	0.0024	0	0.0000	0
F	0.0020	0	0.0000	0
Q	0.0662	0	0.0018	0
</pre></body></html>