<html><head></head><body><pre style="word-wrap: break-word; white-space: pre-wrap;">&gt;P0AGK8
Amino Acid	probability_DNA	binary_DNA	probability_RNA	binary_RNA
M	0.0509	0	0.2737	1
R	0.0336	0	0.2860	1
L	0.0287	0	0.1891	1
T	0.2152	0	0.3131	1
S	0.0920	0	0.2630	1
K	0.0624	0	0.1474	0
G	0.0005	0	0.0019	0
R	0.0042	0	0.0200	0
Y	0.0081	0	0.0245	0
A	0.0001	0	0.0002	0
V	0.0000	0	0.0001	0
T	0.0002	0	0.0029	0
A	0.0000	0	0.0001	0
M	0.0000	0	0.0001	0
L	0.0000	0	0.0001	0
D	0.0000	0	0.0000	0
V	0.0000	0	0.0000	0
A	0.0000	0	0.0000	0
L	0.0001	0	0.0002	0
N	0.0001	0	0.0002	0
S	0.0001	0	0.0002	0
E	0.0001	0	0.0002	0
A	0.0001	0	0.0001	0
G	0.0002	0	0.0001	0
P	0.0004	0	0.0001	0
V	0.0009	0	0.0002	0
P	0.1779	0	0.0328	0
L	0.0379	0	0.0030	0
A	0.0048	0	0.0003	0
D	0.0003	0	0.0000	0
I	0.0001	0	0.0000	0
S	0.0006	0	0.0005	0
E	0.0005	0	0.0004	0
R	0.0005	0	0.0011	0
Q	0.0003	0	0.0004	0
G	0.0014	0	0.0059	0
I	0.0068	0	0.0337	0
S	0.0892	0	0.3751	1
L	0.0430	0	0.1512	1
S	0.0479	0	0.2292	1
Y	0.0402	0	0.1223	0
L	0.0000	0	0.0001	0
E	0.0039	0	0.0182	0
Q	0.0477	0	0.1963	1
L	0.0000	0	0.0001	0
F	0.0000	0	0.0001	0
S	0.0022	0	0.0187	0
R	0.0003	0	0.0080	0
L	0.0000	0	0.0002	0
R	0.0002	0	0.0034	0
K	0.0002	0	0.0044	0
N	0.0000	0	0.0001	0
G	0.0000	0	0.0001	0
L	0.0000	0	0.0001	0
V	0.0000	0	0.0005	0
S	0.0004	0	0.0230	0
S	0.0003	0	0.0199	0
V	0.0007	0	0.0409	0
R	0.0119	0	0.3799	1
G	0.0167	0	0.3504	1
P	0.0218	0	0.3971	1
G	0.0130	0	0.3073	1
G	0.0017	0	0.0863	0
G	0.0017	0	0.0867	0
Y	0.0010	0	0.0487	0
L	0.0003	0	0.0078	0
L	0.0000	0	0.0006	0
G	0.0000	0	0.0004	0
K	0.0018	0	0.0147	0
D	0.0000	0	0.0002	0
A	0.0000	0	0.0001	0
S	0.0000	0	0.0001	0
S	0.0000	0	0.0004	0
I	0.0000	0	0.0001	0
A	0.0002	0	0.0012	0
V	0.0001	0	0.0003	0
G	0.0000	0	0.0001	0
E	0.0000	0	0.0002	0
V	0.0000	0	0.0000	0
I	0.0000	0	0.0001	0
S	0.0000	0	0.0001	0
A	0.0000	0	0.0000	0
V	0.0000	0	0.0001	0
D	0.0000	0	0.0006	0
E	0.0000	0	0.0003	0
S	0.0000	0	0.0002	0
V	0.0000	0	0.0000	0
D	0.0000	0	0.0000	0
A	0.0000	0	0.0000	0
T	0.0000	0	0.0000	0
R	0.0000	0	0.0000	0
A	0.0000	0	0.0000	0
Q	0.0000	0	0.0002	0
G	0.0000	0	0.0001	0
K	0.0000	0	0.0002	0
G	0.0000	0	0.0001	0
G	0.0000	0	0.0001	0
A	0.0000	0	0.0001	0
Q	0.0000	0	0.0001	0
G	0.0000	0	0.0001	0
G	0.0000	0	0.0003	0
D	0.0001	0	0.0007	0
K	0.0001	0	0.0002	0
A	0.0000	0	0.0000	0
L	0.0000	0	0.0001	0
T	0.0000	0	0.0001	0
H	0.0001	0	0.0003	0
A	0.0000	0	0.0000	0
L	0.0000	0	0.0000	0
W	0.0000	0	0.0000	0
R	0.0000	0	0.0001	0
D	0.0000	0	0.0001	0
L	0.0000	0	0.0000	0
S	0.0000	0	0.0002	0
D	0.0000	0	0.0002	0
R	0.0000	0	0.0000	0
L	0.0000	0	0.0000	0
T	0.0000	0	0.0001	0
G	0.0000	0	0.0001	0
F	0.0000	0	0.0000	0
L	0.0000	0	0.0002	0
N	0.0009	0	0.0148	0
N	0.0003	0	0.0069	0
I	0.0000	0	0.0002	0
T	0.0008	0	0.0108	0
L	0.0004	0	0.0045	0
G	0.0007	0	0.0099	0
E	0.0004	0	0.0097	0
L	0.0000	0	0.0002	0
V	0.0000	0	0.0011	0
N	0.0000	0	0.0022	0
N	0.0000	0	0.0002	0
Q	0.0000	0	0.0004	0
E	0.0000	0	0.0010	0
V	0.0000	0	0.0003	0
L	0.0000	0	0.0002	0
D	0.0000	0	0.0007	0
V	0.0000	0	0.0002	0
S	0.0000	0	0.0006	0
G	0.0000	0	0.0005	0
R	0.0001	0	0.0114	0
Q	0.0000	0	0.0025	0
H	0.0000	0	0.0009	0
T	0.0000	0	0.0005	0
H	0.0000	0	0.0006	0
D	0.0000	0	0.0004	0
A	0.0000	0	0.0002	0
P	0.0000	0	0.0004	0
R	0.0000	0	0.0013	0
T	0.0000	0	0.0006	0
R	0.0001	0	0.0029	0
T	0.0001	0	0.0020	0
Q	0.0000	0	0.0010	0
D	0.0000	0	0.0008	0
A	0.0000	0	0.0002	0
I	0.0000	0	0.0002	0
D	0.0001	0	0.0016	0
V	0.0000	0	0.0007	0
K	0.0003	0	0.0100	0
L	0.0000	0	0.0009	0
R	0.0037	0	0.1188	0
A	0.0023	0	0.1128	0
</pre></body></html>