<html><head></head><body><pre style="word-wrap: break-word; white-space: pre-wrap;">&gt;P67095
Amino Acid	probability_DNA	binary_DNA	probability_RNA	binary_RNA
M	0.0119	0	0.0013	0
M	0.0022	0	0.0002	0
K	0.0166	0	0.0007	0
L	0.0002	0	0.0000	0
M	0.0001	0	0.0000	0
F	0.0003	0	0.0000	0
A	0.0006	0	0.0000	0
S	0.0163	0	0.0016	0
D	0.1748	0	0.0328	0
I	0.0251	0	0.0053	0
H	0.3868	1	0.1462	0
G	0.0172	0	0.0011	0
S	0.0265	0	0.0006	0
L	0.0392	0	0.0005	0
P	0.0231	0	0.0002	0
A	0.0019	0	0.0000	0
T	0.0004	0	0.0000	0
E	0.0009	0	0.0000	0
R	0.0004	0	0.0000	0
V	0.0001	0	0.0000	0
L	0.0001	0	0.0000	0
E	0.0003	0	0.0000	0
L	0.0001	0	0.0000	0
F	0.0002	0	0.0000	0
A	0.0005	0	0.0000	0
Q	0.0002	0	0.0000	0
S	0.0003	0	0.0000	0
G	0.0003	0	0.0000	0
A	0.0002	0	0.0000	0
Q	0.0007	0	0.0000	0
W	0.0002	0	0.0000	0
L	0.0002	0	0.0000	0
V	0.0002	0	0.0000	0
I	0.0006	0	0.0000	0
L	0.0046	0	0.0003	0
G	0.0347	0	0.0066	0
D	0.0931	0	0.0103	0
V	0.0211	0	0.0009	0
L	0.0101	0	0.0003	0
N	0.0101	0	0.0001	0
H	0.0109	0	0.0001	0
G	0.0031	0	0.0000	0
P	0.0047	0	0.0000	0
R	0.0106	0	0.0000	0
N	0.0097	0	0.0000	0
A	0.0125	0	0.0000	0
L	0.0069	0	0.0000	0
P	0.0028	0	0.0000	0
E	0.0030	0	0.0000	0
G	0.0024	0	0.0000	0
Y	0.0012	0	0.0000	0
A	0.0014	0	0.0000	0
P	0.0011	0	0.0000	0
A	0.0018	0	0.0000	0
K	0.0013	0	0.0000	0
V	0.0003	0	0.0000	0
V	0.0004	0	0.0000	0
E	0.0018	0	0.0000	0
R	0.0003	0	0.0000	0
L	0.0004	0	0.0000	0
N	0.0010	0	0.0000	0
E	0.0006	0	0.0000	0
V	0.0004	0	0.0000	0
A	0.0002	0	0.0000	0
H	0.0005	0	0.0000	0
K	0.0007	0	0.0000	0
V	0.0002	0	0.0000	0
I	0.0003	0	0.0000	0
A	0.0003	0	0.0000	0
V	0.0009	0	0.0000	0
R	0.0497	0	0.0019	0
G	0.0359	0	0.0008	0
N	0.0676	0	0.0006	0
C	0.0092	0	0.0001	0
D	0.0189	0	0.0001	0
S	0.0139	0	0.0001	0
E	0.0383	0	0.0002	0
V	0.0201	0	0.0001	0
D	0.0015	0	0.0000	0
Q	0.0139	0	0.0000	0
M	0.0338	0	0.0001	0
L	0.0062	0	0.0000	0
L	0.0047	0	0.0000	0
H	0.0084	0	0.0001	0
F	0.0027	0	0.0000	0
P	0.0036	0	0.0000	0
I	0.0025	0	0.0000	0
T	0.0032	0	0.0001	0
A	0.0008	0	0.0000	0
P	0.0006	0	0.0000	0
W	0.0006	0	0.0000	0
Q	0.0007	0	0.0000	0
Q	0.0006	0	0.0000	0
V	0.0002	0	0.0000	0
L	0.0002	0	0.0000	0
L	0.0001	0	0.0000	0
E	0.0002	0	0.0000	0
K	0.0004	0	0.0000	0
Q	0.0002	0	0.0000	0
R	0.0010	0	0.0000	0
L	0.0003	0	0.0000	0
F	0.0004	0	0.0000	0
L	0.0010	0	0.0000	0
T	0.0014	0	0.0000	0
H	0.3407	0	0.0213	0
G	0.1150	0	0.0025	0
H	0.0450	0	0.0003	0
L	0.0930	0	0.0005	0
F	0.0594	0	0.0002	0
G	0.0334	0	0.0001	0
P	0.0346	0	0.0002	0
E	0.2231	0	0.0018	0
N	0.2081	0	0.0012	0
L	0.2774	0	0.0022	0
P	0.0250	0	0.0001	0
A	0.0736	0	0.0003	0
L	0.0042	0	0.0000	0
N	0.0081	0	0.0000	0
Q	0.0109	0	0.0000	0
N	0.0014	0	0.0000	0
D	0.0048	0	0.0000	0
V	0.0004	0	0.0000	0
L	0.0005	0	0.0000	0
V	0.0003	0	0.0000	0
Y	0.0019	0	0.0000	0
G	0.0503	0	0.0002	0
H	0.5999	1	0.0019	0
T	0.2071	0	0.0003	0
H	0.5618	1	0.0002	0
L	0.2423	0	0.0000	0
P	0.0055	0	0.0000	0
V	0.0024	0	0.0000	0
A	0.0012	0	0.0000	0
E	0.0017	0	0.0000	0
Q	0.0012	0	0.0000	0
R	0.0008	0	0.0000	0
G	0.0001	0	0.0000	0
E	0.0002	0	0.0000	0
I	0.0001	0	0.0000	0
F	0.0002	0	0.0000	0
H	0.0002	0	0.0000	0
F	0.0003	0	0.0000	0
N	0.0108	0	0.0000	0
P	0.0255	0	0.0000	0
G	0.0093	0	0.0000	0
S	0.0584	0	0.0000	0
V	0.0301	0	0.0000	0
S	0.0292	0	0.0000	0
I	0.0560	0	0.0000	0
P	0.3435	0	0.0001	0
K	0.5207	1	0.0002	0
G	0.3468	0	0.0001	0
G	0.3897	1	0.0001	0
N	0.3209	0	0.0000	0
P	0.2506	0	0.0000	0
A	0.2025	0	0.0000	0
S	0.0576	0	0.0000	0
Y	0.0126	0	0.0000	0
G	0.0005	0	0.0000	0
M	0.0004	0	0.0000	0
L	0.0005	0	0.0000	0
D	0.0014	0	0.0000	0
N	0.0042	0	0.0000	0
D	0.0028	0	0.0000	0
V	0.0019	0	0.0000	0
L	0.0005	0	0.0000	0
S	0.0005	0	0.0000	0
V	0.0003	0	0.0000	0
I	0.0002	0	0.0000	0
A	0.0001	0	0.0000	0
L	0.0001	0	0.0000	0
N	0.0001	0	0.0000	0
D	0.0002	0	0.0000	0
Q	0.0002	0	0.0000	0
S	0.0002	0	0.0000	0
I	0.0003	0	0.0000	0
I	0.0004	0	0.0000	0
A	0.0003	0	0.0000	0
Q	0.0012	0	0.0000	0
V	0.0003	0	0.0000	0
A	0.0020	0	0.0000	0
I	0.0013	0	0.0000	0
N	0.0493	0	0.0000	0
P	0.0519	0	0.0000	0
</pre></body></html>