<html><head></head><body><pre style="word-wrap: break-word; white-space: pre-wrap;">&gt;Q01667
Amino Acid	probability_DNA	binary_DNA	probability_RNA	binary_RNA
M	0.6739	1	0.0030	0
A	0.2308	0	0.0005	0
S	0.0986	0	0.0001	0
N	0.0351	0	0.0000	0
S	0.0022	0	0.0000	0
L	0.0007	0	0.0000	0
M	0.0067	0	0.0000	0
S	0.0805	0	0.0001	0
C	0.0078	0	0.0000	0
G	0.0031	0	0.0000	0
I	0.0083	0	0.0000	0
A	0.0015	0	0.0000	0
A	0.0023	0	0.0000	0
V	0.0022	0	0.0000	0
Y	0.1123	0	0.0000	0
P	0.0133	0	0.0000	0
S	0.1224	0	0.0000	0
L	0.0211	0	0.0000	0
L	0.0116	0	0.0000	0
S	0.0653	0	0.0000	0
S	0.0699	0	0.0000	0
S	0.2501	0	0.0000	0
K	0.0977	0	0.0000	0
S	0.2875	0	0.0000	0
K	0.4888	1	0.0000	0
F	0.0273	0	0.0000	0
V	0.0054	0	0.0000	0
S	0.2597	0	0.0000	0
A	0.1236	0	0.0000	0
G	0.1118	0	0.0000	0
V	0.0546	0	0.0000	0
P	0.0140	0	0.0000	0
L	0.0316	0	0.0000	0
P	0.0272	0	0.0000	0
N	0.0142	0	0.0000	0
A	0.0134	0	0.0000	0
G	0.0293	0	0.0000	0
N	0.1909	0	0.0000	0
V	0.0808	0	0.0000	0
G	0.0460	0	0.0000	0
R	0.5429	1	0.0000	0
I	0.0657	0	0.0000	0
R	0.3994	1	0.0000	0
M	0.0096	0	0.0000	0
A	0.0607	0	0.0000	0
A	0.0040	0	0.0000	0
H	0.0071	0	0.0000	0
W	0.0044	0	0.0000	0
M	0.0009	0	0.0000	0
P	0.0013	0	0.0000	0
G	0.0008	0	0.0000	0
E	0.0005	0	0.0000	0
P	0.0004	0	0.0000	0
R	0.0009	0	0.0000	0
P	0.0005	0	0.0000	0
A	0.0038	0	0.0000	0
Y	0.0149	0	0.0000	0
L	0.0008	0	0.0000	0
D	0.0042	0	0.0000	0
G	0.0015	0	0.0000	0
S	0.0018	0	0.0000	0
A	0.0010	0	0.0000	0
P	0.0010	0	0.0000	0
G	0.0008	0	0.0000	0
D	0.0043	0	0.0000	0
F	0.0031	0	0.0000	0
G	0.0025	0	0.0000	0
F	0.0030	0	0.0000	0
D	0.0012	0	0.0000	0
P	0.0011	0	0.0000	0
L	0.0006	0	0.0000	0
G	0.0010	0	0.0000	0
L	0.0006	0	0.0000	0
G	0.0027	0	0.0000	0
E	0.0088	0	0.0000	0
V	0.0024	0	0.0000	0
P	0.0015	0	0.0000	0
A	0.0015	0	0.0000	0
N	0.0258	0	0.0000	0
L	0.0021	0	0.0000	0
E	0.0077	0	0.0000	0
R	0.2219	0	0.0002	0
Y	0.0077	0	0.0000	0
K	0.0188	0	0.0000	0
E	0.0019	0	0.0000	0
S	0.0020	0	0.0000	0
E	0.0023	0	0.0000	0
L	0.0177	0	0.0000	0
I	0.8898	1	0.0004	0
H	0.3120	0	0.0001	0
C	0.0636	0	0.0000	0
R	0.8859	1	0.0001	0
W	0.0465	0	0.0000	0
A	0.0079	0	0.0000	0
M	0.0923	0	0.0000	0
L	0.0018	0	0.0000	0
A	0.0004	0	0.0000	0
V	0.0005	0	0.0000	0
P	0.0004	0	0.0000	0
G	0.0061	0	0.0000	0
I	0.0008	0	0.0000	0
L	0.0002	0	0.0000	0
V	0.0013	0	0.0000	0
P	0.0015	0	0.0000	0
E	0.0018	0	0.0000	0
A	0.0004	0	0.0000	0
L	0.0015	0	0.0000	0
G	0.0249	0	0.0000	0
Y	0.0104	0	0.0000	0
G	0.0013	0	0.0000	0
N	0.0008	0	0.0000	0
W	0.0006	0	0.0000	0
V	0.0008	0	0.0000	0
K	0.0010	0	0.0000	0
A	0.0009	0	0.0000	0
Q	0.0008	0	0.0000	0
E	0.0012	0	0.0000	0
W	0.0018	0	0.0000	0
A	0.0019	0	0.0000	0
A	0.0012	0	0.0000	0
L	0.0020	0	0.0000	0
P	0.0014	0	0.0000	0
G	0.0013	0	0.0000	0
G	0.0014	0	0.0000	0
Q	0.0021	0	0.0000	0
A	0.0022	0	0.0000	0
T	0.0026	0	0.0000	0
Y	0.0033	0	0.0000	0
L	0.0009	0	0.0000	0
G	0.0012	0	0.0000	0
N	0.0016	0	0.0000	0
P	0.0021	0	0.0000	0
V	0.0039	0	0.0000	0
P	0.0029	0	0.0000	0
W	0.0028	0	0.0000	0
G	0.0023	0	0.0000	0
T	0.0024	0	0.0000	0
L	0.0011	0	0.0000	0
P	0.0018	0	0.0000	0
T	0.0012	0	0.0000	0
I	0.0005	0	0.0000	0
L	0.0005	0	0.0000	0
A	0.0010	0	0.0000	0
I	0.0009	0	0.0000	0
E	0.0085	0	0.0000	0
F	0.0007	0	0.0000	0
L	0.0008	0	0.0000	0
A	0.0010	0	0.0000	0
I	0.0025	0	0.0000	0
A	0.0040	0	0.0000	0
F	0.0006	0	0.0000	0
V	0.0038	0	0.0000	0
E	0.0041	0	0.0000	0
H	0.0027	0	0.0000	0
Q	0.0509	0	0.0000	0
R	0.3251	0	0.0001	0
S	0.0076	0	0.0000	0
M	0.0082	0	0.0000	0
E	0.0041	0	0.0000	0
K	0.0042	0	0.0000	0
D	0.0016	0	0.0000	0
P	0.0018	0	0.0000	0
E	0.0043	0	0.0000	0
K	0.0050	0	0.0000	0
K	0.0101	0	0.0000	0
K	0.0074	0	0.0000	0
Y	0.0072	0	0.0000	0
P	0.0057	0	0.0000	0
G	0.0502	0	0.0000	0
G	0.0409	0	0.0000	0
A	0.0143	0	0.0000	0
F	0.0089	0	0.0000	0
D	0.0194	0	0.0000	0
P	0.0028	0	0.0000	0
L	0.0010	0	0.0000	0
G	0.0018	0	0.0000	0
Y	0.0033	0	0.0000	0
S	0.0046	0	0.0000	0
K	0.0100	0	0.0000	0
D	0.0009	0	0.0000	0
P	0.0007	0	0.0000	0
K	0.0012	0	0.0000	0
K	0.0030	0	0.0000	0
L	0.0008	0	0.0000	0
E	0.0002	0	0.0000	0
E	0.0004	0	0.0000	0
L	0.0019	0	0.0000	0
K	0.0870	0	0.0000	0
V	0.0064	0	0.0000	0
K	0.5413	1	0.0001	0
E	0.4521	1	0.0001	0
I	0.0892	0	0.0000	0
K	0.9001	1	0.0002	0
N	0.7246	1	0.0000	0
G	0.0241	0	0.0000	0
R	0.7901	1	0.0000	0
L	0.0058	0	0.0000	0
A	0.0011	0	0.0000	0
L	0.0269	0	0.0000	0
L	0.0003	0	0.0000	0
A	0.0004	0	0.0000	0
F	0.0003	0	0.0000	0
V	0.0002	0	0.0000	0
G	0.0003	0	0.0000	0
F	0.0001	0	0.0000	0
C	0.0001	0	0.0000	0
V	0.0001	0	0.0000	0
Q	0.0001	0	0.0000	0
Q	0.0003	0	0.0000	0
S	0.0002	0	0.0000	0
A	0.0001	0	0.0000	0
Y	0.0002	0	0.0000	0
P	0.0009	0	0.0000	0
G	0.0020	0	0.0000	0
T	0.0162	0	0.0000	0
G	0.0103	0	0.0000	0
P	0.0031	0	0.0000	0
L	0.0014	0	0.0000	0
E	0.0041	0	0.0000	0
N	0.0136	0	0.0000	0
L	0.0007	0	0.0000	0
A	0.0029	0	0.0000	0
T	0.0169	0	0.0000	0
H	0.1341	0	0.0000	0
L	0.0075	0	0.0000	0
A	0.0043	0	0.0000	0
D	0.0127	0	0.0000	0
P	0.0051	0	0.0000	0
W	0.0128	0	0.0000	0
H	0.0387	0	0.0000	0
N	0.0540	0	0.0000	0
N	0.0212	0	0.0000	0
I	0.0042	0	0.0000	0
G	0.0033	0	0.0000	0
D	0.0136	0	0.0000	0
I	0.0034	0	0.0000	0
V	0.0007	0	0.0000	0
I	0.0008	0	0.0000	0
P	0.0009	0	0.0000	0
F	0.0018	0	0.0000	0
N	0.0209	0	0.0000	0
</pre></body></html>