<html><head></head><body><pre style="word-wrap: break-word; white-space: pre-wrap;">&gt;Q05905
Amino Acid	probability_DNA	binary_DNA	probability_RNA	binary_RNA
M	0.0275	0	0.0012	0
P	0.0026	0	0.0001	0
A	0.0019	0	0.0001	0
L	0.0006	0	0.0000	0
L	0.0022	0	0.0001	0
K	0.0044	0	0.0000	0
R	0.0100	0	0.0002	0
L	0.0005	0	0.0000	0
L	0.0035	0	0.0001	0
F	0.0013	0	0.0000	0
Q	0.0017	0	0.0000	0
V	0.0155	0	0.0003	0
G	0.0009	0	0.0000	0
P	0.0022	0	0.0000	0
H	0.0074	0	0.0000	0
P	0.0039	0	0.0000	0
N	0.0046	0	0.0000	0
E	0.0045	0	0.0000	0
R	0.0047	0	0.0000	0
T	0.0020	0	0.0000	0
F	0.0012	0	0.0000	0
T	0.0052	0	0.0001	0
L	0.0004	0	0.0000	0
S	0.0012	0	0.0000	0
S	0.0009	0	0.0000	0
V	0.0038	0	0.0002	0
S	0.0019	0	0.0001	0
T	0.0016	0	0.0001	0
D	0.0103	0	0.0023	0
G	0.0022	0	0.0003	0
H	0.0046	0	0.0002	0
Y	0.2065	0	0.0203	0
I	0.0093	0	0.0004	0
S	0.1559	0	0.0062	0
L	0.0054	0	0.0000	0
R	0.0518	0	0.0006	0
P	0.0007	0	0.0000	0
F	0.0007	0	0.0000	0
V	0.0006	0	0.0000	0
K	0.0042	0	0.0000	0
P	0.0011	0	0.0000	0
S	0.0022	0	0.0000	0
G	0.0031	0	0.0000	0
D	0.0013	0	0.0000	0
E	0.0031	0	0.0000	0
L	0.0046	0	0.0001	0
S	0.0019	0	0.0000	0
F	0.0022	0	0.0000	0
P	0.0026	0	0.0001	0
F	0.0005	0	0.0000	0
E	0.0063	0	0.0002	0
W	0.0019	0	0.0000	0
A	0.0008	0	0.0000	0
F	0.0010	0	0.0000	0
A	0.0003	0	0.0000	0
G	0.0010	0	0.0000	0
T	0.0122	0	0.0001	0
N	0.0194	0	0.0002	0
E	0.0143	0	0.0002	0
T	0.0009	0	0.0000	0
V	0.0004	0	0.0000	0
K	0.0039	0	0.0000	0
A	0.0017	0	0.0000	0
N	0.0392	0	0.0004	0
D	0.0094	0	0.0001	0
Q	0.0418	0	0.0002	0
G	0.0686	0	0.0005	0
N	0.0132	0	0.0002	0
G	0.0041	0	0.0000	0
V	0.0013	0	0.0000	0
V	0.0009	0	0.0000	0
T	0.0022	0	0.0000	0
Q	0.0014	0	0.0000	0
D	0.0073	0	0.0001	0
F	0.0034	0	0.0000	0
N	0.1772	0	0.0040	0
F	0.2020	0	0.0016	0
W	0.1190	0	0.0017	0
L	0.0016	0	0.0000	0
D	0.0302	0	0.0002	0
T	0.0181	0	0.0001	0
N	0.0207	0	0.0001	0
V	0.0016	0	0.0000	0
Y	0.0005	0	0.0000	0
L	0.0002	0	0.0000	0
N	0.0003	0	0.0000	0
V	0.0002	0	0.0000	0
P	0.0002	0	0.0000	0
N	0.0009	0	0.0000	0
T	0.0006	0	0.0000	0
H	0.0014	0	0.0000	0
R	0.0093	0	0.0000	0
G	0.0035	0	0.0000	0
E	0.0072	0	0.0000	0
V	0.0010	0	0.0000	0
N	0.0084	0	0.0001	0
T	0.0019	0	0.0000	0
T	0.0048	0	0.0000	0
W	0.0199	0	0.0001	0
K	0.1164	0	0.0006	0
N	0.0100	0	0.0000	0
W	0.0019	0	0.0000	0
D	0.0008	0	0.0000	0
S	0.0008	0	0.0000	0
G	0.0003	0	0.0000	0
C	0.0002	0	0.0000	0
V	0.0011	0	0.0000	0
E	0.0018	0	0.0000	0
E	0.0035	0	0.0000	0
T	0.0017	0	0.0000	0
G	0.0004	0	0.0000	0
A	0.0013	0	0.0000	0
V	0.0067	0	0.0000	0
Y	0.0173	0	0.0000	0
P	0.0038	0	0.0000	0
F	0.0079	0	0.0000	0
G	0.0010	0	0.0000	0
A	0.0016	0	0.0000	0
D	0.0013	0	0.0000	0
K	0.0087	0	0.0000	0
E	0.0129	0	0.0000	0
S	0.0355	0	0.0000	0
V	0.0788	0	0.0000	0
S	0.0173	0	0.0000	0
F	0.0043	0	0.0000	0
R	0.0086	0	0.0000	0
E	0.0048	0	0.0000	0
M	0.0006	0	0.0000	0
W	0.0041	0	0.0000	0
Q	0.0157	0	0.0000	0
P	0.0011	0	0.0000	0
V	0.0002	0	0.0000	0
D	0.0008	0	0.0000	0
P	0.0005	0	0.0000	0
S	0.0007	0	0.0000	0
R	0.0027	0	0.0000	0
E	0.0004	0	0.0000	0
D	0.0003	0	0.0000	0
L	0.0001	0	0.0000	0
V	0.0001	0	0.0000	0
I	0.0001	0	0.0000	0
V	0.0001	0	0.0000	0
S	0.0002	0	0.0000	0
P	0.0010	0	0.0000	0
N	0.0029	0	0.0000	0
N	0.0025	0	0.0000	0
E	0.0025	0	0.0000	0
K	0.0101	0	0.0000	0
F	0.0194	0	0.0000	0
S	0.0049	0	0.0000	0
S	0.0044	0	0.0000	0
N	0.0152	0	0.0000	0
A	0.0024	0	0.0000	0
R	0.0040	0	0.0000	0
S	0.0016	0	0.0000	0
I	0.0002	0	0.0000	0
V	0.0001	0	0.0000	0
L	0.0001	0	0.0000	0
K	0.0021	0	0.0000	0
V	0.0006	0	0.0000	0
T	0.0013	0	0.0000	0
D	0.0009	0	0.0000	0
E	0.0031	0	0.0000	0
A	0.0026	0	0.0000	0
Y	0.0085	0	0.0001	0
D	0.0140	0	0.0001	0
G	0.0006	0	0.0000	0
L	0.0005	0	0.0000	0
V	0.0001	0	0.0000	0
I	0.0001	0	0.0000	0
V	0.0002	0	0.0000	0
I	0.0002	0	0.0000	0
G	0.0007	0	0.0000	0
R	0.0016	0	0.0000	0
W	0.0008	0	0.0000	0
I	0.0012	0	0.0000	0
Q	0.0025	0	0.0000	0
G	0.0042	0	0.0000	0
F	0.0018	0	0.0000	0
L	0.0047	0	0.0000	0
S	0.0064	0	0.0000	0
Q	0.0570	0	0.0001	0
K	0.1898	0	0.0004	0
N	0.1718	0	0.0002	0
N	0.0929	0	0.0001	0
N	0.2278	0	0.0004	0
T	0.1710	0	0.0004	0
I	0.3056	0	0.0018	0
E	0.1707	0	0.0007	0
G	0.0910	0	0.0002	0
L	0.0088	0	0.0000	0
N	0.0384	0	0.0004	0
F	0.0057	0	0.0000	0
I	0.0067	0	0.0001	0
R	0.0207	0	0.0005	0
L	0.0004	0	0.0000	0
L	0.0003	0	0.0000	0
E	0.0003	0	0.0000	0
K	0.0018	0	0.0000	0
D	0.0005	0	0.0000	0
S	0.0005	0	0.0000	0
G	0.0003	0	0.0000	0
K	0.0011	0	0.0000	0
S	0.0016	0	0.0000	0
E	0.0291	0	0.0006	0
F	0.0449	0	0.0011	0
L	0.1433	0	0.0051	0
L	0.0123	0	0.0001	0
S	0.4494	1	0.0048	0
Y	0.5506	1	0.0022	0
G	0.0923	0	0.0003	0
K	0.0281	0	0.0001	0
E	0.0083	0	0.0000	0
V	0.0017	0	0.0000	0
N	0.0020	0	0.0000	0
K	0.0015	0	0.0000	0
I	0.0003	0	0.0000	0
P	0.0015	0	0.0000	0
Q	0.0117	0	0.0001	0
S	0.0022	0	0.0000	0
Y	0.0062	0	0.0000	0
E	0.0177	0	0.0001	0
N	0.0611	0	0.0003	0
L	0.0045	0	0.0000	0
K	0.0312	0	0.0001	0
K	0.0606	0	0.0001	0
G	0.0263	0	0.0000	0
S	0.0164	0	0.0000	0
T	0.0931	0	0.0001	0
V	0.0070	0	0.0000	0
T	0.0213	0	0.0000	0
S	0.0155	0	0.0000	0
N	0.0950	0	0.0002	0
G	0.2183	0	0.0014	0
L	0.0092	0	0.0001	0
N	0.0268	0	0.0006	0
W	0.0082	0	0.0001	0
E	0.0034	0	0.0000	0
V	0.0078	0	0.0001	0
I	0.0009	0	0.0000	0
E	0.0043	0	0.0001	0
Y	0.0162	0	0.0003	0
H	0.0292	0	0.0010	0
A	0.0333	0	0.0021	0
</pre></body></html>