<html><head></head><body><pre style="word-wrap: break-word; white-space: pre-wrap;">&gt;Q9BQC6
Amino Acid	probability_DNA	binary_DNA	probability_RNA	binary_RNA
M	0.2309	0	0.0000	0
F	0.1934	0	0.0000	0
L	0.0015	0	0.0000	0
T	0.0083	0	0.0000	0
A	0.0209	0	0.0000	0
L	0.0012	0	0.0000	0
L	0.0004	0	0.0000	0
W	0.0012	0	0.0000	0
R	0.1537	0	0.0000	0
G	0.0385	0	0.0000	0
R	0.2817	0	0.0000	0
I	0.0820	0	0.0000	0
P	0.1291	0	0.0000	0
G	0.1804	0	0.0000	0
R	0.4437	1	0.0000	0
Q	0.2407	0	0.0000	0
W	0.3934	1	0.0000	0
I	0.7900	1	0.0000	0
G	0.3430	0	0.0000	0
K	0.8932	1	0.0000	0
H	0.7987	1	0.0000	0
R	0.9442	1	0.0000	0
R	0.7932	1	0.0000	0
P	0.2713	0	0.0000	0
R	0.8890	1	0.0000	0
F	0.6031	1	0.0000	0
V	0.5410	1	0.0000	0
S	0.7943	1	0.0000	0
L	0.5595	1	0.0000	0
R	0.5817	1	0.0000	0
A	0.0570	0	0.0000	0
K	0.4631	1	0.0000	0
Q	0.3036	0	0.0000	0
N	0.2901	0	0.0000	0
M	0.0160	0	0.0000	0
I	0.0092	0	0.0000	0
R	0.1436	0	0.0000	0
R	0.0068	0	0.0000	0
L	0.0005	0	0.0000	0
E	0.0008	0	0.0000	0
I	0.0014	0	0.0000	0
E	0.0007	0	0.0000	0
A	0.0004	0	0.0000	0
E	0.0023	0	0.0000	0
N	0.0008	0	0.0000	0
H	0.0006	0	0.0000	0
Y	0.0013	0	0.0000	0
W	0.0002	0	0.0000	0
L	0.0002	0	0.0000	0
S	0.0050	0	0.0000	0
M	0.0459	0	0.0000	0
P	0.0050	0	0.0000	0
Y	0.0032	0	0.0000	0
M	0.0004	0	0.0000	0
T	0.0010	0	0.0000	0
R	0.0015	0	0.0000	0
E	0.0007	0	0.0000	0
Q	0.0006	0	0.0000	0
E	0.0004	0	0.0000	0
R	0.0008	0	0.0000	0
G	0.0075	0	0.0000	0
H	0.1072	0	0.0000	0
A	0.0040	0	0.0000	0
A	0.0148	0	0.0000	0
V	0.0019	0	0.0000	0
R	0.0081	0	0.0000	0
R	0.0181	0	0.0000	0
R	0.0204	0	0.0000	0
E	0.0036	0	0.0000	0
A	0.0014	0	0.0000	0
F	0.0008	0	0.0000	0
E	0.0012	0	0.0000	0
A	0.0004	0	0.0000	0
I	0.0017	0	0.0000	0
K	0.0058	0	0.0000	0
A	0.0017	0	0.0000	0
A	0.0022	0	0.0000	0
A	0.0039	0	0.0000	0
T	0.0703	0	0.0000	0
S	0.0836	0	0.0000	0
K	0.2860	0	0.0000	0
F	0.0119	0	0.0000	0
P	0.0670	0	0.0000	0
P	0.1639	0	0.0000	0
H	0.4289	1	0.0000	0
R	0.1279	0	0.0000	0
F	0.1656	0	0.0000	0
I	0.0016	0	0.0000	0
A	0.0023	0	0.0000	0
D	0.0025	0	0.0000	0
Q	0.0022	0	0.0000	0
L	0.0004	0	0.0000	0
D	0.0028	0	0.0000	0
H	0.0022	0	0.0000	0
L	0.0005	0	0.0000	0
N	0.0166	0	0.0000	0
V	0.0088	0	0.0000	0
T	0.3464	0	0.0000	0
K	0.4686	1	0.0000	0
K	0.4518	1	0.0000	0
W	0.3264	0	0.0000	0
S	0.0617	0	0.0000	0
</pre></body></html>