<html><head></head><body><pre style="word-wrap: break-word; white-space: pre-wrap;">&gt;C3TRH7
Amino Acid	probability_DNA	binary_DNA	probability_RNA	binary_RNA
M	0.0000	0	0.9088	1
A	0.0000	0	0.7580	1
N	0.0000	0	0.9594	1
I	0.0000	0	0.8444	1
K	0.0000	0	0.8305	1
S	0.0000	0	0.9554	1
A	0.0000	0	0.0852	0
K	0.0000	0	0.2486	1
K	0.0000	0	0.9681	1
R	0.0000	0	0.9598	1
A	0.0000	0	0.0599	0
I	0.0000	0	0.9090	1
Q	0.0000	0	0.7599	1
S	0.0000	0	0.0573	0
E	0.0000	0	0.0114	0
K	0.0000	0	0.6937	1
A	0.0000	0	0.8095	1
R	0.0000	0	0.6952	1
K	0.0000	0	0.0088	0
H	0.0000	0	0.2204	1
N	0.0000	0	0.9634	1
A	0.0000	0	0.8998	1
S	0.0000	0	0.0807	0
R	0.0000	0	0.2131	1
R	0.0000	0	0.5119	1
S	0.0000	0	0.7615	1
M	0.0000	0	0.0768	0
M	0.0000	0	0.0333	0
R	0.0000	0	0.9075	1
T	0.0000	0	0.8820	1
F	0.0000	0	0.0234	0
I	0.0000	0	0.0345	0
K	0.0000	0	0.9157	1
K	0.0000	0	0.4459	1
V	0.0000	0	0.0011	0
Y	0.0000	0	0.0037	0
A	0.0000	0	0.0136	0
A	0.0000	0	0.0013	0
I	0.0000	0	0.0004	0
E	0.0000	0	0.0006	0
A	0.0000	0	0.0004	0
G	0.0000	0	0.0007	0
D	0.0000	0	0.0004	0
K	0.0000	0	0.0042	0
A	0.0000	0	0.0007	0
A	0.0000	0	0.0003	0
A	0.0000	0	0.0004	0
Q	0.0000	0	0.0009	0
K	0.0000	0	0.0006	0
A	0.0000	0	0.0002	0
F	0.0000	0	0.0014	0
N	0.0000	0	0.1704	1
E	0.0000	0	0.0099	0
M	0.0000	0	0.0018	0
Q	0.0000	0	0.1575	1
P	0.0000	0	0.8644	1
I	0.0000	0	0.1191	0
V	0.0000	0	0.0202	0
D	0.0000	0	0.7218	1
R	0.0001	0	0.9515	1
Q	0.0000	0	0.0970	0
A	0.0000	0	0.0174	0
A	0.0000	0	0.4394	1
K	0.0001	0	0.6872	1
G	0.0000	0	0.1302	0
L	0.0000	0	0.0526	0
I	0.0000	0	0.0322	0
H	0.0001	0	0.6765	1
K	0.0002	0	0.5714	1
N	0.0010	0	0.6969	1
K	0.0023	0	0.6118	1
A	0.0001	0	0.0939	0
A	0.0001	0	0.1879	1
R	0.0086	0	0.9078	1
H	0.0027	0	0.3513	1
K	0.0087	0	0.8059	1
A	0.0033	0	0.8176	1
N	0.0042	0	0.8665	1
L	0.0000	0	0.0075	0
T	0.0002	0	0.2948	1
A	0.0004	0	0.4158	1
Q	0.0001	0	0.1577	1
I	0.0000	0	0.0132	0
N	0.0002	0	0.5506	1
K	0.0000	0	0.0779	0
L	0.0000	0	0.0045	0
A	0.0000	0	0.0513	0
</pre></body></html>