<html><head></head><body><pre style="word-wrap: break-word; white-space: pre-wrap;">&gt;P60848
Amino Acid	probability_DNA	binary_DNA	probability_RNA	binary_RNA
M	0.0270	0	0.0972	0
S	0.0047	0	0.0248	0
S	0.0030	0	0.0163	0
G	0.0005	0	0.0039	0
T	0.0005	0	0.0022	0
P	0.0002	0	0.0004	0
T	0.0005	0	0.0057	0
P	0.0001	0	0.0032	0
S	0.0001	0	0.0022	0
N	0.0003	0	0.0010	0
V	0.0001	0	0.0003	0
V	0.0000	0	0.0001	0
L	0.0080	0	0.0087	0
I	0.0003	0	0.0002	0
G	0.0029	0	0.0011	0
K	0.0251	0	0.0174	0
K	0.2539	0	0.1036	0
P	0.3092	0	0.0755	0
V	0.0907	0	0.0631	0
M	0.5787	1	0.4706	1
N	0.6438	1	0.5083	1
Y	0.2543	0	0.1785	1
V	0.0011	0	0.0004	0
L	0.1746	0	0.1008	0
A	0.0628	0	0.0341	0
A	0.0004	0	0.0002	0
L	0.0014	0	0.0009	0
T	0.0073	0	0.0053	0
L	0.0003	0	0.0002	0
L	0.0002	0	0.0001	0
N	0.0025	0	0.0078	0
Q	0.0066	0	0.0097	0
G	0.0010	0	0.0018	0
V	0.0006	0	0.0010	0
S	0.0005	0	0.0009	0
E	0.0126	0	0.0201	0
I	0.0003	0	0.0001	0
V	0.0180	0	0.0247	0
I	0.0023	0	0.0008	0
K	0.5652	1	0.2837	1
A	0.2878	0	0.0680	0
R	0.8379	1	0.1399	0
G	0.2814	0	0.0383	0
R	0.6079	1	0.0469	0
A	0.0333	0	0.0013	0
I	0.0010	0	0.0001	0
S	0.0384	0	0.0098	0
K	0.3001	0	0.0940	0
A	0.0013	0	0.0001	0
V	0.0001	0	0.0000	0
D	0.0006	0	0.0001	0
T	0.0002	0	0.0000	0
V	0.0014	0	0.0003	0
E	0.0008	0	0.0002	0
I	0.0000	0	0.0000	0
V	0.0001	0	0.0000	0
R	0.0178	0	0.0041	0
N	0.0345	0	0.0007	0
R	0.1779	0	0.0022	0
F	0.0146	0	0.0001	0
L	0.0016	0	0.0001	0
P	0.0030	0	0.0001	0
D	0.0039	0	0.0001	0
K	0.0017	0	0.0001	0
I	0.0006	0	0.0000	0
E	0.0076	0	0.0001	0
I	0.0007	0	0.0000	0
K	0.0251	0	0.0001	0
E	0.0165	0	0.0001	0
I	0.0012	0	0.0000	0
R	0.2037	0	0.0034	0
V	0.0476	0	0.0002	0
G	0.0310	0	0.0005	0
S	0.3118	0	0.0163	0
Q	0.1139	0	0.0011	0
V	0.1082	0	0.0009	0
V	0.0272	0	0.0003	0
T	0.0218	0	0.0003	0
S	0.0095	0	0.0002	0
Q	0.0501	0	0.0021	0
D	0.0192	0	0.0007	0
G	0.0522	0	0.0017	0
R	0.3686	1	0.0119	0
Q	0.4507	1	0.0192	0
S	0.6484	1	0.0229	0
R	0.7472	1	0.0133	0
V	0.1035	0	0.0004	0
S	0.0159	0	0.0007	0
T	0.1683	0	0.0367	0
I	0.0007	0	0.0002	0
E	0.0616	0	0.0597	0
I	0.0015	0	0.0002	0
A	0.0632	0	0.0137	0
I	0.0014	0	0.0001	0
R	0.2956	0	0.0258	0
K	0.6076	1	0.0102	0
K	0.3745	1	0.0030	0
</pre></body></html>