<html><head></head><body><pre style="word-wrap: break-word; white-space: pre-wrap;">&gt;A6H4P1
Amino Acid	probability_DNA	binary_DNA	probability_RNA	binary_RNA
M	0.1994	0	0.0000	0
S	0.0350	0	0.0000	0
V	0.0073	0	0.0000	0
T	0.0071	0	0.0000	0
V	0.0007	0	0.0000	0
K	0.0010	0	0.0000	0
R	0.0017	0	0.0000	0
I	0.0105	0	0.0000	0
I	0.0133	0	0.0000	0
D	0.0142	0	0.0000	0
N	0.0116	0	0.0000	0
T	0.0052	0	0.0000	0
V	0.0155	0	0.0000	0
I	0.0068	0	0.0000	0
V	0.0344	0	0.0000	0
P	0.0026	0	0.0000	0
K	0.0044	0	0.0000	0
L	0.0035	0	0.0000	0
P	0.0037	0	0.0000	0
A	0.0058	0	0.0000	0
N	0.0062	0	0.0000	0
E	0.0027	0	0.0000	0
D	0.0032	0	0.0000	0
P	0.0230	0	0.0000	0
V	0.0037	0	0.0000	0
E	0.0348	0	0.0000	0
Y	0.1330	0	0.0000	0
P	0.0056	0	0.0000	0
A	0.0013	0	0.0000	0
D	0.0003	0	0.0000	0
Y	0.0015	0	0.0000	0
F	0.0003	0	0.0000	0
R	0.0011	0	0.0000	0
K	0.0012	0	0.0000	0
S	0.0010	0	0.0000	0
K	0.0014	0	0.0000	0
E	0.0037	0	0.0000	0
I	0.0004	0	0.0000	0
P	0.0005	0	0.0000	0
L	0.0003	0	0.0000	0
Y	0.0258	0	0.0000	0
I	0.0006	0	0.0000	0
N	0.0004	0	0.0000	0
T	0.0018	0	0.0000	0
T	0.0012	0	0.0000	0
K	0.0005	0	0.0000	0
S	0.0010	0	0.0000	0
L	0.0041	0	0.0000	0
S	0.0012	0	0.0000	0
D	0.0010	0	0.0000	0
L	0.0001	0	0.0000	0
R	0.0071	0	0.0000	0
G	0.0008	0	0.0000	0
Y	0.0004	0	0.0000	0
V	0.0001	0	0.0000	0
Y	0.0003	0	0.0000	0
Q	0.0009	0	0.0000	0
G	0.0001	0	0.0000	0
L	0.0001	0	0.0000	0
K	0.0014	0	0.0000	0
S	0.0015	0	0.0000	0
G	0.0024	0	0.0000	0
N	0.0074	0	0.0000	0
V	0.0006	0	0.0000	0
S	0.0020	0	0.0000	0
I	0.0025	0	0.0000	0
I	0.0012	0	0.0000	0
H	0.0015	0	0.0000	0
V	0.0004	0	0.0000	0
N	0.0002	0	0.0000	0
S	0.0022	0	0.0000	0
Y	0.0118	0	0.0000	0
L	0.0007	0	0.0000	0
Y	0.0545	0	0.0000	0
G	0.0016	0	0.0000	0
A	0.0005	0	0.0000	0
L	0.0002	0	0.0000	0
K	0.0011	0	0.0000	0
D	0.0003	0	0.0000	0
I	0.0004	0	0.0000	0
R	0.0019	0	0.0000	0
G	0.0005	0	0.0000	0
K	0.0013	0	0.0000	0
L	0.0003	0	0.0000	0
D	0.0017	0	0.0000	0
K	0.0052	0	0.0000	0
D	0.0148	0	0.0000	0
W	0.0047	0	0.0000	0
S	0.0084	0	0.0000	0
S	0.0497	0	0.0000	0
F	0.0561	0	0.0000	0
G	0.2363	0	0.0000	0
I	0.0871	0	0.0000	0
N	0.6408	1	0.0000	0
I	0.1619	0	0.0000	0
G	0.0261	0	0.0000	0
K	0.2507	0	0.0000	0
A	0.0642	0	0.0000	0
G	0.0126	0	0.0000	0
D	0.0032	0	0.0000	0
T	0.0125	0	0.0000	0
I	0.0019	0	0.0000	0
G	0.0033	0	0.0000	0
I	0.0007	0	0.0000	0
F	0.0011	0	0.0000	0
D	0.0011	0	0.0000	0
L	0.0005	0	0.0000	0
V	0.0015	0	0.0000	0
S	0.0092	0	0.0000	0
L	0.0061	0	0.0000	0
K	0.0028	0	0.0000	0
A	0.0016	0	0.0000	0
L	0.0041	0	0.0000	0
D	0.0022	0	0.0000	0
G	0.0031	0	0.0000	0
V	0.0055	0	0.0000	0
L	0.0150	0	0.0000	0
P	0.0097	0	0.0000	0
D	0.0039	0	0.0000	0
G	0.0140	0	0.0000	0
V	0.0513	0	0.0000	0
S	0.0176	0	0.0000	0
D	0.0123	0	0.0000	0
A	0.0084	0	0.0000	0
S	0.0049	0	0.0000	0
R	0.0066	0	0.0000	0
T	0.0105	0	0.0000	0
S	0.0115	0	0.0000	0
A	0.0079	0	0.0000	0
D	0.0044	0	0.0000	0
D	0.0327	0	0.0000	0
K	0.0173	0	0.0000	0
W	0.0299	0	0.0000	0
L	0.0017	0	0.0000	0
P	0.0210	0	0.0000	0
L	0.0330	0	0.0000	0
Y	0.0217	0	0.0000	0
L	0.0020	0	0.0000	0
L	0.0021	0	0.0000	0
G	0.0044	0	0.0000	0
L	0.0032	0	0.0000	0
Y	0.0258	0	0.0000	0
R	0.4294	1	0.0000	0
V	0.0024	0	0.0000	0
G	0.0133	0	0.0000	0
R	0.6780	1	0.0000	0
T	0.1227	0	0.0000	0
Q	0.4098	1	0.0000	0
M	0.3369	0	0.0000	0
P	0.1182	0	0.0000	0
E	0.0823	0	0.0000	0
Y	0.4702	1	0.0000	0
R	0.5639	1	0.0000	0
K	0.0448	0	0.0000	0
K	0.0174	0	0.0000	0
L	0.0010	0	0.0000	0
M	0.0117	0	0.0000	0
D	0.0522	0	0.0000	0
G	0.0190	0	0.0000	0
L	0.0026	0	0.0000	0
T	0.0053	0	0.0000	0
N	0.0022	0	0.0000	0
Q	0.0012	0	0.0000	0
C	0.0003	0	0.0000	0
K	0.0327	0	0.0000	0
M	0.0487	0	0.0000	0
I	0.1305	0	0.0000	0
N	0.0163	0	0.0000	0
E	0.0153	0	0.0000	0
Q	0.0149	0	0.0000	0
F	0.0180	0	0.0000	0
E	0.0109	0	0.0000	0
P	0.0041	0	0.0000	0
L	0.0161	0	0.0000	0
V	0.0482	0	0.0000	0
P	0.1773	0	0.0000	0
E	0.1838	0	0.0000	0
G	0.2042	0	0.0000	0
R	0.2130	0	0.0000	0
D	0.1979	0	0.0000	0
I	0.0142	0	0.0000	0
F	0.0464	0	0.0000	0
D	0.0320	0	0.0000	0
V	0.0479	0	0.0000	0
W	0.0550	0	0.0000	0
G	0.0175	0	0.0000	0
N	0.0988	0	0.0000	0
D	0.0184	0	0.0000	0
S	0.0222	0	0.0000	0
N	0.1409	0	0.0000	0
Y	0.0097	0	0.0000	0
T	0.0017	0	0.0000	0
K	0.0077	0	0.0000	0
I	0.0006	0	0.0000	0
V	0.0004	0	0.0000	0
A	0.0022	0	0.0000	0
A	0.0024	0	0.0000	0
V	0.0026	0	0.0000	0
D	0.1082	0	0.0000	0
M	0.0200	0	0.0000	0
F	0.0108	0	0.0000	0
F	0.0005	0	0.0000	0
H	0.0016	0	0.0000	0
M	0.0609	0	0.0000	0
F	0.0025	0	0.0000	0
K	0.0157	0	0.0000	0
K	0.2622	0	0.0000	0
H	0.2533	0	0.0000	0
E	0.0251	0	0.0000	0
C	0.0152	0	0.0000	0
A	0.0690	0	0.0000	0
S	0.0179	0	0.0000	0
F	0.0008	0	0.0000	0
R	0.7551	1	0.0000	0
Y	0.2265	0	0.0000	0
G	0.2844	0	0.0000	0
T	0.6079	1	0.0000	0
I	0.0983	0	0.0000	0
V	0.0150	0	0.0000	0
S	0.0156	0	0.0000	0
R	0.1828	0	0.0000	0
F	0.3165	0	0.0000	0
K	0.0171	0	0.0000	0
D	0.0081	0	0.0000	0
C	0.0015	0	0.0000	0
A	0.2307	0	0.0000	0
A	0.0227	0	0.0000	0
L	0.0015	0	0.0000	0
A	0.0549	0	0.0000	0
T	0.0200	0	0.0000	0
F	0.0033	0	0.0000	0
G	0.3047	0	0.0000	0
H	0.1572	0	0.0000	0
L	0.0009	0	0.0000	0
C	0.0142	0	0.0000	0
K	0.1801	0	0.0000	0
I	0.0030	0	0.0000	0
T	0.0015	0	0.0000	0
G	0.0046	0	0.0000	0
M	0.0018	0	0.0000	0
S	0.0015	0	0.0000	0
T	0.0021	0	0.0000	0
E	0.0034	0	0.0000	0
D	0.0010	0	0.0000	0
V	0.0003	0	0.0000	0
T	0.0003	0	0.0000	0
T	0.0008	0	0.0000	0
W	0.0004	0	0.0000	0
I	0.0003	0	0.0000	0
L	0.0010	0	0.0000	0
N	0.0022	0	0.0000	0
R	0.0194	0	0.0000	0
E	0.0029	0	0.0000	0
V	0.0006	0	0.0000	0
A	0.0004	0	0.0000	0
D	0.0009	0	0.0000	0
E	0.0017	0	0.0000	0
M	0.0001	0	0.0000	0
V	0.0003	0	0.0000	0
Q	0.0008	0	0.0000	0
M	0.0003	0	0.0000	0
M	0.0003	0	0.0000	0
L	0.0025	0	0.0000	0
P	0.0024	0	0.0000	0
G	0.0094	0	0.0000	0
Q	0.0133	0	0.0000	0
E	0.0152	0	0.0000	0
I	0.0034	0	0.0000	0
D	0.0197	0	0.0000	0
K	0.0244	0	0.0000	0
A	0.0391	0	0.0000	0
D	0.0994	0	0.0000	0
S	0.1795	0	0.0000	0
Y	0.3237	0	0.0000	0
M	0.0894	0	0.0000	0
P	0.0690	0	0.0000	0
Y	0.1688	0	0.0000	0
L	0.0051	0	0.0000	0
I	0.0215	0	0.0000	0
D	0.0348	0	0.0000	0
F	0.0026	0	0.0000	0
G	0.0067	0	0.0000	0
L	0.0048	0	0.0000	0
S	0.0803	0	0.0000	0
S	0.3534	1	0.0000	0
K	0.5706	1	0.0000	0
S	0.6670	1	0.0000	0
P	0.1178	0	0.0000	0
Y	0.5145	1	0.0000	0
S	0.0948	0	0.0000	0
S	0.0338	0	0.0000	0
V	0.0521	0	0.0000	0
K	0.0506	0	0.0000	0
N	0.0398	0	0.0000	0
P	0.0055	0	0.0000	0
A	0.3766	1	0.0000	0
F	0.0167	0	0.0000	0
H	0.1784	0	0.0000	0
F	0.0331	0	0.0000	0
W	0.0320	0	0.0000	0
G	0.0043	0	0.0000	0
Q	0.4666	1	0.0000	0
L	0.0009	0	0.0000	0
T	0.0005	0	0.0000	0
A	0.0004	0	0.0000	0
L	0.0003	0	0.0000	0
L	0.0005	0	0.0000	0
L	0.0089	0	0.0000	0
R	0.1621	0	0.0000	0
S	0.8358	1	0.0000	0
T	0.7844	1	0.0000	0
R	0.9832	1	0.0000	0
A	0.9289	1	0.0000	0
R	0.8148	1	0.0000	0
N	0.8035	1	0.0000	0
A	0.0533	0	0.0000	0
R	0.2019	0	0.0000	0
Q	0.0079	0	0.0000	0
P	0.0013	0	0.0000	0
D	0.0011	0	0.0000	0
D	0.0015	0	0.0000	0
I	0.0005	0	0.0000	0
E	0.0009	0	0.0000	0
Y	0.0019	0	0.0000	0
T	0.0076	0	0.0000	0
S	0.0017	0	0.0000	0
L	0.0005	0	0.0000	0
T	0.0088	0	0.0000	0
T	0.0003	0	0.0000	0
A	0.0020	0	0.0000	0
G	0.0008	0	0.0000	0
L	0.0004	0	0.0000	0
L	0.0002	0	0.0000	0
Y	0.0005	0	0.0000	0
A	0.0021	0	0.0000	0
Y	0.0025	0	0.0000	0
A	0.0005	0	0.0000	0
V	0.0006	0	0.0000	0
G	0.0017	0	0.0000	0
S	0.0213	0	0.0000	0
S	0.0780	0	0.0000	0
A	0.0138	0	0.0000	0
D	0.0130	0	0.0000	0
L	0.0017	0	0.0000	0
A	0.0060	0	0.0000	0
Q	0.0054	0	0.0000	0
Q	0.0339	0	0.0000	0
F	0.0697	0	0.0000	0
C	0.0947	0	0.0000	0
V	0.3780	1	0.0000	0
G	0.0827	0	0.0000	0
D	0.0110	0	0.0000	0
N	0.0063	0	0.0000	0
K	0.0093	0	0.0000	0
Y	0.0047	0	0.0000	0
T	0.0027	0	0.0000	0
P	0.0014	0	0.0000	0
D	0.0011	0	0.0000	0
D	0.0016	0	0.0000	0
S	0.0015	0	0.0000	0
T	0.0007	0	0.0000	0
G	0.0008	0	0.0000	0
G	0.0010	0	0.0000	0
L	0.0014	0	0.0000	0
T	0.0022	0	0.0000	0
T	0.0019	0	0.0000	0
N	0.0016	0	0.0000	0
A	0.0010	0	0.0000	0
P	0.0013	0	0.0000	0
P	0.0009	0	0.0000	0
Q	0.0085	0	0.0000	0
G	0.0040	0	0.0000	0
R	0.0062	0	0.0000	0
D	0.0020	0	0.0000	0
V	0.0027	0	0.0000	0
V	0.0007	0	0.0000	0
E	0.0016	0	0.0000	0
W	0.0012	0	0.0000	0
L	0.0004	0	0.0000	0
G	0.0008	0	0.0000	0
W	0.0024	0	0.0000	0
F	0.0003	0	0.0000	0
E	0.0010	0	0.0000	0
D	0.0010	0	0.0000	0
Q	0.0007	0	0.0000	0
N	0.0009	0	0.0000	0
R	0.0009	0	0.0000	0
K	0.0031	0	0.0000	0
P	0.0013	0	0.0000	0
T	0.0108	0	0.0000	0
P	0.0085	0	0.0000	0
D	0.0092	0	0.0000	0
M	0.0028	0	0.0000	0
M	0.0031	0	0.0000	0
Q	0.0031	0	0.0000	0
Y	0.0008	0	0.0000	0
A	0.0003	0	0.0000	0
K	0.0465	0	0.0000	0
R	0.2511	0	0.0000	0
A	0.0010	0	0.0000	0
V	0.0005	0	0.0000	0
M	0.0570	0	0.0000	0
S	0.1418	0	0.0000	0
L	0.0304	0	0.0000	0
Q	0.1756	0	0.0000	0
G	0.1423	0	0.0000	0
L	0.0223	0	0.0000	0
R	0.8456	1	0.0000	0
E	0.3884	1	0.0000	0
K	0.5060	1	0.0000	0
T	0.5507	1	0.0000	0
I	0.2587	0	0.0000	0
G	0.0518	0	0.0000	0
K	0.6199	1	0.0000	0
Y	0.1229	0	0.0000	0
A	0.0017	0	0.0000	0
K	0.1212	0	0.0000	0
S	0.0656	0	0.0000	0
E	0.0029	0	0.0000	0
F	0.0033	0	0.0000	0
D	0.0076	0	0.0000	0
K	0.0470	0	0.0000	0
</pre></body></html>