<html><head></head><body><pre style="word-wrap: break-word; white-space: pre-wrap;">&gt;P36351
Amino Acid	probability_DNA	binary_DNA	probability_RNA	binary_RNA
M	0.0008	0	0.0152	0
D	0.0001	0	0.0019	0
S	0.0000	0	0.0009	0
S	0.0000	0	0.0004	0
E	0.0000	0	0.0002	0
V	0.0000	0	0.0001	0
V	0.0000	0	0.0002	0
K	0.0000	0	0.0002	0
V	0.0000	0	0.0001	0
K	0.0003	0	0.0046	0
Q	0.0002	0	0.0007	0
A	0.0001	0	0.0005	0
S	0.0001	0	0.0009	0
I	0.0002	0	0.0030	0
P	0.0004	0	0.0081	0
A	0.0001	0	0.0009	0
P	0.0002	0	0.0013	0
G	0.0001	0	0.0002	0
S	0.0004	0	0.0011	0
I	0.0002	0	0.0014	0
L	0.0000	0	0.0002	0
S	0.0000	0	0.0002	0
Q	0.0000	0	0.0001	0
P	0.0000	0	0.0001	0
N	0.0000	0	0.0001	0
T	0.0000	0	0.0003	0
E	0.0001	0	0.0014	0
Q	0.0007	0	0.0228	0
S	0.0008	0	0.0354	0
P	0.0024	0	0.1244	0
A	0.0142	0	0.4172	1
I	0.0177	0	0.2822	1
V	0.0383	0	0.4258	1
L	0.0043	0	0.0655	0
P	0.0536	0	0.4005	1
F	0.0035	0	0.0809	0
Q	0.0310	0	0.3006	1
F	0.0003	0	0.0033	0
E	0.0064	0	0.0452	0
A	0.0022	0	0.0171	0
T	0.0003	0	0.0017	0
T	0.0006	0	0.0093	0
F	0.0003	0	0.0028	0
G	0.0007	0	0.0046	0
T	0.0033	0	0.0177	0
A	0.0030	0	0.0093	0
E	0.0055	0	0.0176	0
T	0.0011	0	0.0014	0
A	0.0020	0	0.0023	0
A	0.0038	0	0.0044	0
Q	0.1819	0	0.2740	1
V	0.0033	0	0.0020	0
S	0.1233	0	0.1030	0
L	0.0133	0	0.0059	0
Q	0.1142	0	0.1699	1
T	0.1257	0	0.3166	1
A	0.0255	0	0.0469	0
D	0.0050	0	0.0054	0
P	0.0072	0	0.0117	0
I	0.0001	0	0.0002	0
T	0.0024	0	0.0050	0
K	0.0010	0	0.0060	0
L	0.0001	0	0.0003	0
T	0.0002	0	0.0008	0
A	0.0004	0	0.0020	0
P	0.0001	0	0.0002	0
Y	0.0038	0	0.0104	0
R	0.0528	0	0.0507	0
H	0.0039	0	0.0005	0
A	0.0002	0	0.0000	0
Q	0.0004	0	0.0001	0
I	0.0001	0	0.0000	0
V	0.0001	0	0.0000	0
E	0.0002	0	0.0001	0
C	0.0000	0	0.0000	0
K	0.0001	0	0.0001	0
A	0.0000	0	0.0000	0
I	0.0000	0	0.0000	0
L	0.0000	0	0.0000	0
T	0.0000	0	0.0000	0
P	0.0000	0	0.0000	0
T	0.0001	0	0.0002	0
D	0.0002	0	0.0005	0
L	0.0001	0	0.0002	0
A	0.0001	0	0.0002	0
V	0.0002	0	0.0011	0
S	0.0004	0	0.0053	0
N	0.0001	0	0.0006	0
P	0.0001	0	0.0020	0
L	0.0001	0	0.0013	0
T	0.0006	0	0.0164	0
V	0.0001	0	0.0004	0
Y	0.0001	0	0.0007	0
L	0.0000	0	0.0000	0
A	0.0001	0	0.0001	0
W	0.0001	0	0.0002	0
V	0.0001	0	0.0001	0
P	0.0001	0	0.0000	0
A	0.0001	0	0.0001	0
N	0.0003	0	0.0004	0
S	0.0002	0	0.0001	0
P	0.0009	0	0.0003	0
A	0.0002	0	0.0000	0
T	0.0014	0	0.0002	0
P	0.0004	0	0.0000	0
T	0.0002	0	0.0000	0
Q	0.0001	0	0.0000	0
I	0.0000	0	0.0000	0
L	0.0000	0	0.0001	0
R	0.0001	0	0.0004	0
V	0.0000	0	0.0001	0
Y	0.0107	0	0.0415	0
G	0.0006	0	0.0014	0
G	0.0005	0	0.0016	0
Q	0.0051	0	0.0138	0
S	0.3277	0	0.3080	1
F	0.6543	1	0.1252	0
V	0.6368	1	0.2634	1
L	0.2163	0	0.0727	0
G	0.0221	0	0.0063	0
G	0.0062	0	0.0019	0
A	0.0023	0	0.0004	0
I	0.0008	0	0.0000	0
S	0.0019	0	0.0001	0
A	0.0018	0	0.0000	0
A	0.0009	0	0.0000	0
K	0.0010	0	0.0000	0
T	0.0004	0	0.0000	0
I	0.0001	0	0.0000	0
E	0.0003	0	0.0000	0
V	0.0001	0	0.0000	0
P	0.0006	0	0.0000	0
L	0.0002	0	0.0000	0
N	0.0005	0	0.0000	0
L	0.0004	0	0.0000	0
D	0.0008	0	0.0000	0
S	0.0012	0	0.0000	0
V	0.0002	0	0.0000	0
N	0.0005	0	0.0000	0
R	0.0001	0	0.0000	0
M	0.0001	0	0.0000	0
L	0.0001	0	0.0000	0
K	0.0021	0	0.0001	0
D	0.0004	0	0.0000	0
S	0.0009	0	0.0000	0
V	0.0004	0	0.0000	0
T	0.0023	0	0.0000	0
Y	0.0023	0	0.0000	0
T	0.0009	0	0.0000	0
D	0.0043	0	0.0002	0
T	0.0003	0	0.0000	0
P	0.0008	0	0.0001	0
K	0.0168	0	0.0014	0
L	0.0006	0	0.0000	0
L	0.0015	0	0.0002	0
A	0.0004	0	0.0000	0
Y	0.0030	0	0.0004	0
S	0.0016	0	0.0001	0
R	0.0031	0	0.0002	0
A	0.0005	0	0.0000	0
P	0.0005	0	0.0000	0
T	0.0011	0	0.0000	0
N	0.0057	0	0.0001	0
P	0.0077	0	0.0002	0
S	0.0217	0	0.0003	0
K	0.1917	0	0.0035	0
I	0.0605	0	0.0007	0
P	0.0208	0	0.0003	0
T	0.0057	0	0.0001	0
A	0.0004	0	0.0000	0
S	0.0085	0	0.0014	0
I	0.0005	0	0.0000	0
Q	0.0024	0	0.0001	0
I	0.0002	0	0.0000	0
S	0.0016	0	0.0001	0
G	0.0005	0	0.0000	0
R	0.0025	0	0.0001	0
I	0.0003	0	0.0000	0
R	0.0523	0	0.0047	0
L	0.0007	0	0.0000	0
S	0.0648	0	0.0019	0
K	0.0339	0	0.0013	0
P	0.0780	0	0.0066	0
M	0.0941	0	0.0259	0
L	0.0053	0	0.0009	0
I	0.1844	0	0.0643	0
A	0.0141	0	0.0018	0
N	0.0535	0	0.0037	0
</pre></body></html>