<html><head></head><body><pre style="word-wrap: break-word; white-space: pre-wrap;">&gt;P38203
Amino Acid	probability_DNA	binary_DNA	probability_RNA	binary_RNA
M	0.2997	0	0.2874	1
L	0.0333	0	0.0249	0
F	0.0015	0	0.0005	0
F	0.0002	0	0.0000	0
S	0.0001	0	0.0000	0
F	0.0000	0	0.0000	0
F	0.0000	0	0.0000	0
K	0.0014	0	0.0002	0
T	0.0002	0	0.0000	0
L	0.0001	0	0.0000	0
V	0.0001	0	0.0000	0
D	0.0002	0	0.0000	0
Q	0.0006	0	0.0001	0
E	0.0014	0	0.0001	0
V	0.0003	0	0.0000	0
V	0.0009	0	0.0003	0
V	0.0001	0	0.0000	0
E	0.0010	0	0.0006	0
L	0.0002	0	0.0000	0
K	0.0333	0	0.0174	0
N	0.0030	0	0.0015	0
D	0.0015	0	0.0011	0
I	0.0008	0	0.0003	0
E	0.0014	0	0.0007	0
I	0.0004	0	0.0005	0
K	0.0005	0	0.0016	0
G	0.0001	0	0.0001	0
T	0.0010	0	0.0071	0
L	0.0001	0	0.0004	0
Q	0.0003	0	0.0005	0
S	0.0001	0	0.0001	0
V	0.0004	0	0.0006	0
D	0.0059	0	0.0111	0
Q	0.0020	0	0.0016	0
F	0.0075	0	0.0087	0
L	0.0002	0	0.0002	0
N	0.0040	0	0.0054	0
L	0.0001	0	0.0001	0
K	0.0002	0	0.0002	0
L	0.0002	0	0.0002	0
D	0.0007	0	0.0010	0
N	0.0007	0	0.0008	0
I	0.0001	0	0.0001	0
S	0.0003	0	0.0005	0
S	0.0001	0	0.0001	0
T	0.0010	0	0.0022	0
D	0.0005	0	0.0010	0
E	0.0007	0	0.0011	0
K	0.0005	0	0.0006	0
K	0.0017	0	0.0017	0
Y	0.0008	0	0.0009	0
P	0.0009	0	0.0011	0
H	0.0077	0	0.0076	0
L	0.0031	0	0.0022	0
G	0.0298	0	0.0176	0
S	0.0285	0	0.0348	0
V	0.0016	0	0.0013	0
R	0.0027	0	0.0036	0
N	0.0029	0	0.0036	0
I	0.0002	0	0.0003	0
F	0.0093	0	0.0258	0
I	0.0018	0	0.0023	0
R	0.6163	1	0.4741	1
G	0.0150	0	0.0028	0
S	0.0846	0	0.0118	0
T	0.1249	0	0.0186	0
V	0.0011	0	0.0005	0
R	0.0188	0	0.0215	0
Y	0.0119	0	0.0157	0
V	0.0005	0	0.0005	0
Y	0.0004	0	0.0003	0
L	0.0002	0	0.0000	0
N	0.0005	0	0.0002	0
K	0.0008	0	0.0004	0
N	0.0013	0	0.0005	0
M	0.0004	0	0.0001	0
V	0.0003	0	0.0001	0
D	0.0001	0	0.0001	0
T	0.0005	0	0.0002	0
N	0.0005	0	0.0003	0
L	0.0003	0	0.0001	0
L	0.0000	0	0.0000	0
Q	0.0004	0	0.0002	0
D	0.0001	0	0.0000	0
A	0.0002	0	0.0000	0
T	0.0001	0	0.0000	0
R	0.0005	0	0.0001	0
R	0.0028	0	0.0003	0
E	0.0005	0	0.0000	0
V	0.0006	0	0.0000	0
M	0.0025	0	0.0001	0
T	0.0019	0	0.0001	0
E	0.0011	0	0.0000	0
R	0.0366	0	0.0013	0
K	0.0908	0	0.0042	0
</pre></body></html>