<html><head></head><body><pre style="word-wrap: break-word; white-space: pre-wrap;">&gt;P60785
Amino Acid	probability_DNA	binary_DNA	probability_RNA	binary_RNA
M	0.0026	0	0.0010	0
K	0.0009	0	0.0001	0
N	0.0017	0	0.0001	0
I	0.0004	0	0.0000	0
R	0.0026	0	0.0006	0
N	0.0078	0	0.0005	0
F	0.0000	0	0.0000	0
S	0.0000	0	0.0000	0
I	0.0001	0	0.0000	0
I	0.0000	0	0.0000	0
A	0.0000	0	0.0000	0
H	0.0029	0	0.0015	0
I	0.0003	0	0.0001	0
D	0.0049	0	0.0004	0
H	0.0040	0	0.0001	0
G	0.0030	0	0.0001	0
K	0.1091	0	0.0010	0
S	0.0528	0	0.0002	0
T	0.0118	0	0.0000	0
L	0.0001	0	0.0000	0
S	0.0000	0	0.0000	0
D	0.0000	0	0.0000	0
R	0.0000	0	0.0000	0
I	0.0000	0	0.0000	0
I	0.0000	0	0.0000	0
Q	0.0000	0	0.0000	0
I	0.0000	0	0.0000	0
C	0.0000	0	0.0000	0
G	0.0000	0	0.0000	0
G	0.0000	0	0.0000	0
L	0.0000	0	0.0000	0
S	0.0000	0	0.0000	0
D	0.0000	0	0.0000	0
R	0.0001	0	0.0000	0
E	0.0000	0	0.0000	0
M	0.0001	0	0.0000	0
E	0.0001	0	0.0000	0
A	0.0001	0	0.0000	0
Q	0.0001	0	0.0000	0
V	0.0000	0	0.0000	0
L	0.0000	0	0.0000	0
D	0.0001	0	0.0000	0
S	0.0004	0	0.0000	0
M	0.0001	0	0.0000	0
D	0.0001	0	0.0000	0
L	0.0000	0	0.0000	0
E	0.0001	0	0.0000	0
R	0.0003	0	0.0000	0
E	0.0000	0	0.0000	0
R	0.0000	0	0.0000	0
G	0.0000	0	0.0000	0
I	0.0000	0	0.0000	0
T	0.0001	0	0.0000	0
I	0.0001	0	0.0000	0
K	0.0001	0	0.0000	0
A	0.0001	0	0.0000	0
Q	0.0000	0	0.0000	0
S	0.0002	0	0.0000	0
V	0.0000	0	0.0000	0
T	0.0001	0	0.0000	0
L	0.0000	0	0.0000	0
D	0.0003	0	0.0000	0
Y	0.0003	0	0.0000	0
K	0.0003	0	0.0000	0
A	0.0001	0	0.0000	0
S	0.0001	0	0.0000	0
D	0.0001	0	0.0000	0
G	0.0001	0	0.0000	0
E	0.0001	0	0.0000	0
T	0.0001	0	0.0000	0
Y	0.0000	0	0.0000	0
Q	0.0001	0	0.0000	0
L	0.0000	0	0.0000	0
N	0.0004	0	0.0005	0
F	0.0001	0	0.0002	0
I	0.0002	0	0.0007	0
D	0.0065	0	0.0499	0
T	0.0055	0	0.0294	0
P	0.0302	0	0.2486	1
G	0.0047	0	0.0342	0
H	0.0097	0	0.0496	0
V	0.0008	0	0.0019	0
D	0.0023	0	0.0048	0
F	0.0003	0	0.0001	0
S	0.0002	0	0.0001	0
Y	0.0001	0	0.0000	0
E	0.0001	0	0.0000	0
V	0.0000	0	0.0000	0
S	0.0000	0	0.0000	0
R	0.0002	0	0.0001	0
S	0.0000	0	0.0000	0
L	0.0000	0	0.0000	0
A	0.0001	0	0.0001	0
A	0.0001	0	0.0001	0
C	0.0000	0	0.0001	0
E	0.0010	0	0.0099	0
G	0.0000	0	0.0002	0
A	0.0000	0	0.0001	0
L	0.0000	0	0.0000	0
L	0.0000	0	0.0001	0
V	0.0000	0	0.0002	0
V	0.0000	0	0.0001	0
D	0.0000	0	0.0002	0
A	0.0001	0	0.0002	0
G	0.0004	0	0.0009	0
Q	0.0016	0	0.0033	0
G	0.0031	0	0.0075	0
V	0.0038	0	0.0116	0
E	0.0527	0	0.0629	0
A	0.0709	0	0.0601	0
Q	0.2258	0	0.0619	0
T	0.0335	0	0.0046	0
L	0.0067	0	0.0023	0
A	0.0012	0	0.0006	0
N	0.0004	0	0.0001	0
C	0.0000	0	0.0000	0
Y	0.0005	0	0.0001	0
T	0.0001	0	0.0000	0
A	0.0001	0	0.0000	0
M	0.0002	0	0.0000	0
E	0.0001	0	0.0000	0
M	0.0000	0	0.0000	0
D	0.0001	0	0.0000	0
L	0.0001	0	0.0000	0
E	0.0003	0	0.0000	0
V	0.0001	0	0.0000	0
V	0.0001	0	0.0000	0
P	0.0001	0	0.0000	0
V	0.0002	0	0.0000	0
L	0.0006	0	0.0000	0
N	0.0258	0	0.0027	0
K	0.1664	0	0.0395	0
I	0.0029	0	0.0004	0
D	0.0294	0	0.0052	0
L	0.0880	0	0.0132	0
P	0.0020	0	0.0002	0
A	0.0031	0	0.0004	0
A	0.0021	0	0.0002	0
D	0.0043	0	0.0004	0
P	0.0011	0	0.0000	0
E	0.0014	0	0.0001	0
R	0.0097	0	0.0012	0
V	0.0012	0	0.0001	0
A	0.0006	0	0.0000	0
E	0.0016	0	0.0001	0
E	0.0024	0	0.0002	0
I	0.0004	0	0.0001	0
E	0.0011	0	0.0003	0
D	0.0004	0	0.0001	0
I	0.0002	0	0.0000	0
V	0.0002	0	0.0000	0
G	0.0012	0	0.0005	0
I	0.0003	0	0.0001	0
D	0.0007	0	0.0002	0
A	0.0006	0	0.0002	0
T	0.0004	0	0.0001	0
D	0.0003	0	0.0000	0
A	0.0006	0	0.0000	0
V	0.0010	0	0.0001	0
R	0.0074	0	0.0006	0
C	0.0067	0	0.0004	0
S	0.0450	0	0.0035	0
A	0.0100	0	0.0002	0
K	0.0288	0	0.0005	0
T	0.0095	0	0.0001	0
G	0.0110	0	0.0003	0
V	0.0051	0	0.0002	0
G	0.0037	0	0.0001	0
V	0.0309	0	0.0026	0
Q	0.0013	0	0.0001	0
D	0.0002	0	0.0000	0
V	0.0001	0	0.0000	0
L	0.0003	0	0.0001	0
E	0.0002	0	0.0000	0
R	0.0001	0	0.0000	0
L	0.0001	0	0.0000	0
V	0.0000	0	0.0000	0
R	0.0002	0	0.0001	0
D	0.0002	0	0.0001	0
I	0.0003	0	0.0002	0
P	0.0003	0	0.0003	0
P	0.0002	0	0.0002	0
P	0.0002	0	0.0002	0
E	0.0002	0	0.0002	0
G	0.0001	0	0.0000	0
D	0.0003	0	0.0001	0
P	0.0003	0	0.0002	0
E	0.0005	0	0.0004	0
G	0.0006	0	0.0003	0
P	0.0005	0	0.0002	0
L	0.0002	0	0.0000	0
Q	0.0004	0	0.0001	0
A	0.0001	0	0.0000	0
L	0.0001	0	0.0000	0
I	0.0001	0	0.0000	0
I	0.0001	0	0.0000	0
D	0.0025	0	0.0006	0
S	0.0011	0	0.0002	0
W	0.0419	0	0.0180	0
F	0.0659	0	0.0457	0
D	0.1093	0	0.0877	0
N	0.0470	0	0.0131	0
Y	0.2388	0	0.0833	0
L	0.2279	0	0.0586	0
G	0.0965	0	0.0167	0
V	0.0782	0	0.0042	0
V	0.0011	0	0.0000	0
S	0.0010	0	0.0000	0
L	0.0009	0	0.0001	0
I	0.0003	0	0.0000	0
R	0.0124	0	0.0036	0
I	0.0002	0	0.0000	0
K	0.0041	0	0.0009	0
N	0.0436	0	0.0125	0
G	0.0046	0	0.0006	0
T	0.0658	0	0.0220	0
L	0.0014	0	0.0001	0
R	0.1495	0	0.0338	0
K	0.0122	0	0.0010	0
G	0.0200	0	0.0035	0
D	0.0154	0	0.0018	0
K	0.0205	0	0.0023	0
V	0.0020	0	0.0002	0
K	0.0421	0	0.0057	0
V	0.0218	0	0.0026	0
M	0.0556	0	0.0058	0
S	0.0846	0	0.0051	0
T	0.1842	0	0.0051	0
G	0.0845	0	0.0018	0
Q	0.0623	0	0.0004	0
T	0.1423	0	0.0011	0
Y	0.0186	0	0.0001	0
N	0.1839	0	0.0020	0
A	0.0035	0	0.0000	0
D	0.0022	0	0.0000	0
R	0.0068	0	0.0000	0
L	0.0011	0	0.0000	0
G	0.0108	0	0.0002	0
I	0.0034	0	0.0001	0
F	0.0099	0	0.0006	0
T	0.0856	0	0.0066	0
P	0.1075	0	0.0082	0
K	0.2157	0	0.0120	0
Q	0.0174	0	0.0002	0
V	0.0122	0	0.0001	0
D	0.0026	0	0.0000	0
R	0.0053	0	0.0001	0
T	0.0010	0	0.0000	0
E	0.0010	0	0.0000	0
L	0.0005	0	0.0000	0
K	0.0005	0	0.0000	0
C	0.0005	0	0.0001	0
G	0.0005	0	0.0001	0
E	0.0067	0	0.0006	0
V	0.0010	0	0.0001	0
G	0.0013	0	0.0001	0
W	0.0007	0	0.0000	0
L	0.0003	0	0.0000	0
V	0.0001	0	0.0000	0
C	0.0001	0	0.0000	0
A	0.0001	0	0.0000	0
I	0.0002	0	0.0000	0
K	0.0003	0	0.0000	0
D	0.0004	0	0.0000	0
I	0.0007	0	0.0001	0
H	0.0026	0	0.0003	0
G	0.0070	0	0.0004	0
A	0.0117	0	0.0004	0
P	0.4497	1	0.0721	0
V	0.5628	1	0.0905	0
G	0.3352	0	0.0545	0
D	0.3018	0	0.0468	0
T	0.0286	0	0.0012	0
L	0.0034	0	0.0001	0
T	0.0047	0	0.0002	0
L	0.0022	0	0.0001	0
A	0.0037	0	0.0003	0
R	0.0055	0	0.0007	0
N	0.0019	0	0.0001	0
P	0.0006	0	0.0000	0
A	0.0003	0	0.0000	0
E	0.0004	0	0.0000	0
K	0.0005	0	0.0000	0
A	0.0004	0	0.0000	0
L	0.0002	0	0.0000	0
P	0.0002	0	0.0000	0
G	0.0004	0	0.0000	0
F	0.0003	0	0.0000	0
K	0.0002	0	0.0000	0
K	0.0005	0	0.0001	0
V	0.0002	0	0.0000	0
K	0.0006	0	0.0003	0
P	0.0003	0	0.0001	0
Q	0.0003	0	0.0001	0
V	0.0004	0	0.0002	0
Y	0.0061	0	0.0037	0
A	0.0003	0	0.0002	0
G	0.0004	0	0.0002	0
L	0.0002	0	0.0001	0
F	0.0004	0	0.0001	0
P	0.0001	0	0.0000	0
V	0.0003	0	0.0001	0
S	0.0009	0	0.0005	0
S	0.0043	0	0.0027	0
D	0.0038	0	0.0017	0
D	0.0010	0	0.0003	0
Y	0.0014	0	0.0004	0
E	0.0003	0	0.0001	0
A	0.0034	0	0.0033	0
F	0.0003	0	0.0002	0
R	0.0003	0	0.0002	0
D	0.0003	0	0.0004	0
A	0.0048	0	0.0041	0
L	0.0002	0	0.0001	0
G	0.0002	0	0.0002	0
K	0.0042	0	0.0051	0
L	0.0001	0	0.0000	0
S	0.0001	0	0.0000	0
L	0.0001	0	0.0001	0
N	0.0002	0	0.0002	0
D	0.0003	0	0.0002	0
A	0.0002	0	0.0001	0
S	0.0010	0	0.0006	0
L	0.0001	0	0.0000	0
F	0.0006	0	0.0001	0
Y	0.0002	0	0.0000	0
E	0.0002	0	0.0000	0
P	0.0002	0	0.0000	0
E	0.0001	0	0.0000	0
S	0.0002	0	0.0000	0
S	0.0004	0	0.0000	0
S	0.0003	0	0.0000	0
A	0.0003	0	0.0000	0
L	0.0002	0	0.0000	0
G	0.0005	0	0.0001	0
F	0.0004	0	0.0001	0
G	0.0004	0	0.0001	0
F	0.0002	0	0.0000	0
R	0.0031	0	0.0009	0
C	0.0003	0	0.0001	0
G	0.0053	0	0.0026	0
F	0.0225	0	0.0103	0
L	0.2132	0	0.1261	0
G	0.3310	0	0.3402	1
L	0.0737	0	0.0475	0
L	0.0015	0	0.0004	0
H	0.1843	0	0.0746	0
M	0.0009	0	0.0002	0
E	0.0007	0	0.0002	0
I	0.0001	0	0.0000	0
I	0.0000	0	0.0000	0
Q	0.0000	0	0.0000	0
E	0.0008	0	0.0001	0
R	0.0038	0	0.0005	0
L	0.0001	0	0.0000	0
E	0.0006	0	0.0001	0
R	0.0006	0	0.0001	0
E	0.0001	0	0.0000	0
Y	0.0001	0	0.0000	0
D	0.0001	0	0.0000	0
L	0.0001	0	0.0000	0
D	0.0003	0	0.0000	0
L	0.0001	0	0.0000	0
I	0.0009	0	0.0001	0
T	0.0011	0	0.0001	0
T	0.0041	0	0.0004	0
A	0.0139	0	0.0003	0
P	0.0054	0	0.0001	0
T	0.0917	0	0.0009	0
V	0.0073	0	0.0001	0
V	0.0028	0	0.0001	0
Y	0.0173	0	0.0004	0
E	0.2672	0	0.0101	0
V	0.0021	0	0.0000	0
E	0.0071	0	0.0001	0
T	0.0031	0	0.0000	0
T	0.0108	0	0.0003	0
S	0.0028	0	0.0001	0
R	0.0021	0	0.0000	0
E	0.0012	0	0.0000	0
V	0.0011	0	0.0000	0
I	0.0008	0	0.0000	0
Y	0.0010	0	0.0001	0
V	0.0004	0	0.0000	0
D	0.0062	0	0.0006	0
S	0.0090	0	0.0004	0
P	0.0106	0	0.0011	0
S	0.0219	0	0.0018	0
K	0.0248	0	0.0011	0
L	0.0113	0	0.0006	0
P	0.0037	0	0.0002	0
A	0.0029	0	0.0002	0
V	0.0029	0	0.0003	0
N	0.0015	0	0.0001	0
N	0.0016	0	0.0002	0
I	0.0008	0	0.0001	0
Y	0.0031	0	0.0008	0
E	0.0038	0	0.0010	0
L	0.0070	0	0.0048	0
R	0.0008	0	0.0014	0
E	0.0564	0	0.1527	1
P	0.0029	0	0.0049	0
I	0.0006	0	0.0006	0
A	0.0002	0	0.0002	0
E	0.0006	0	0.0004	0
C	0.0001	0	0.0000	0
H	0.0001	0	0.0000	0
M	0.0000	0	0.0000	0
L	0.0001	0	0.0000	0
L	0.0000	0	0.0000	0
P	0.0002	0	0.0000	0
Q	0.0002	0	0.0000	0
A	0.0005	0	0.0001	0
Y	0.0002	0	0.0000	0
L	0.0001	0	0.0000	0
G	0.0009	0	0.0002	0
N	0.0002	0	0.0000	0
V	0.0000	0	0.0000	0
I	0.0016	0	0.0001	0
T	0.0147	0	0.0006	0
L	0.0002	0	0.0000	0
C	0.0002	0	0.0000	0
V	0.0028	0	0.0000	0
E	0.0016	0	0.0000	0
K	0.1897	0	0.0041	0
R	0.4936	1	0.0036	0
G	0.0590	0	0.0006	0
V	0.0119	0	0.0005	0
Q	0.0025	0	0.0002	0
T	0.0023	0	0.0003	0
N	0.0012	0	0.0001	0
M	0.0008	0	0.0001	0
V	0.0006	0	0.0000	0
Y	0.0013	0	0.0001	0
H	0.0010	0	0.0000	0
G	0.0006	0	0.0000	0
N	0.0009	0	0.0000	0
Q	0.0009	0	0.0000	0
V	0.0002	0	0.0000	0
A	0.0006	0	0.0000	0
L	0.0001	0	0.0000	0
T	0.0002	0	0.0000	0
Y	0.0003	0	0.0000	0
E	0.0002	0	0.0000	0
I	0.0001	0	0.0000	0
P	0.0002	0	0.0000	0
M	0.0016	0	0.0001	0
A	0.0015	0	0.0001	0
E	0.0029	0	0.0002	0
V	0.0002	0	0.0000	0
V	0.0003	0	0.0000	0
L	0.0009	0	0.0001	0
D	0.0021	0	0.0001	0
F	0.0009	0	0.0001	0
F	0.0017	0	0.0001	0
D	0.0006	0	0.0000	0
R	0.0003	0	0.0000	0
L	0.0004	0	0.0000	0
K	0.4259	1	0.0827	0
S	0.4535	1	0.0510	0
T	0.3395	0	0.0169	0
S	0.7590	1	0.0268	0
R	0.7297	1	0.0556	0
G	0.3948	1	0.0155	0
Y	0.2400	0	0.0081	0
A	0.0027	0	0.0000	0
S	0.0009	0	0.0000	0
L	0.0002	0	0.0000	0
D	0.0102	0	0.0005	0
Y	0.0039	0	0.0001	0
N	0.0014	0	0.0001	0
F	0.0005	0	0.0000	0
K	0.0004	0	0.0000	0
R	0.0020	0	0.0001	0
F	0.0051	0	0.0006	0
Q	0.0015	0	0.0000	0
A	0.0005	0	0.0000	0
S	0.0002	0	0.0000	0
D	0.0001	0	0.0000	0
M	0.0001	0	0.0000	0
V	0.0002	0	0.0000	0
R	0.0008	0	0.0002	0
V	0.0002	0	0.0000	0
D	0.0001	0	0.0000	0
V	0.0000	0	0.0000	0
L	0.0001	0	0.0000	0
I	0.0000	0	0.0000	0
N	0.0003	0	0.0002	0
G	0.0007	0	0.0003	0
E	0.0009	0	0.0002	0
R	0.0017	0	0.0003	0
V	0.0005	0	0.0001	0
D	0.0016	0	0.0003	0
A	0.0007	0	0.0001	0
L	0.0004	0	0.0001	0
A	0.0003	0	0.0000	0
L	0.0003	0	0.0000	0
I	0.0001	0	0.0000	0
T	0.0001	0	0.0000	0
H	0.0009	0	0.0002	0
R	0.0037	0	0.0021	0
D	0.0007	0	0.0005	0
N	0.0044	0	0.0092	0
S	0.0005	0	0.0003	0
Q	0.0002	0	0.0002	0
N	0.0007	0	0.0008	0
R	0.0228	0	0.0295	0
G	0.0020	0	0.0011	0
R	0.0054	0	0.0077	0
E	0.0002	0	0.0001	0
L	0.0000	0	0.0000	0
V	0.0000	0	0.0000	0
E	0.0001	0	0.0000	0
K	0.0007	0	0.0002	0
M	0.0000	0	0.0000	0
K	0.0005	0	0.0001	0
D	0.0001	0	0.0000	0
L	0.0000	0	0.0000	0
I	0.0000	0	0.0000	0
P	0.0003	0	0.0000	0
R	0.0112	0	0.0011	0
Q	0.0015	0	0.0001	0
Q	0.0001	0	0.0000	0
F	0.0000	0	0.0000	0
D	0.0006	0	0.0004	0
I	0.0001	0	0.0000	0
A	0.0003	0	0.0001	0
I	0.0004	0	0.0001	0
Q	0.0583	0	0.0143	0
A	0.0016	0	0.0001	0
A	0.0011	0	0.0002	0
I	0.0018	0	0.0002	0
G	0.0142	0	0.0022	0
T	0.0107	0	0.0012	0
H	0.0235	0	0.0025	0
I	0.0006	0	0.0000	0
I	0.0005	0	0.0000	0
A	0.0024	0	0.0000	0
R	0.0544	0	0.0010	0
S	0.0872	0	0.0014	0
T	0.3492	0	0.0105	0
V	0.0060	0	0.0001	0
K	0.6501	1	0.1244	0
Q	0.1392	0	0.0082	0
L	0.0005	0	0.0000	0
R	0.2206	0	0.0420	0
K	0.6367	1	0.1472	0
N	0.0092	0	0.0002	0
V	0.0004	0	0.0000	0
L	0.0004	0	0.0001	0
A	0.0003	0	0.0000	0
K	0.1272	0	0.1206	0
C	0.0033	0	0.0007	0
Y	0.0979	0	0.1973	1
G	0.0038	0	0.0160	0
G	0.0025	0	0.0241	0
D	0.0031	0	0.0316	0
I	0.0004	0	0.0021	0
S	0.0269	0	0.1338	0
R	0.2090	0	0.4229	1
K	0.0064	0	0.0150	0
K	0.0058	0	0.0215	0
K	0.0289	0	0.2064	1
L	0.0006	0	0.0026	0
L	0.0001	0	0.0006	0
Q	0.0003	0	0.0047	0
K	0.0455	0	0.2451	1
Q	0.0761	0	0.1640	1
K	0.0695	0	0.1448	0
E	0.0067	0	0.0061	0
G	0.2700	0	0.1397	0
K	0.4211	1	0.1431	0
K	0.1298	0	0.0185	0
R	0.4870	1	0.0589	0
M	0.0041	0	0.0003	0
K	0.1087	0	0.0442	0
Q	0.0006	0	0.0002	0
I	0.0006	0	0.0003	0
G	0.0018	0	0.0006	0
N	0.0145	0	0.0024	0
V	0.0005	0	0.0000	0
E	0.0009	0	0.0000	0
L	0.0004	0	0.0000	0
P	0.0013	0	0.0000	0
Q	0.0006	0	0.0000	0
E	0.0004	0	0.0000	0
A	0.0000	0	0.0000	0
F	0.0002	0	0.0000	0
L	0.0002	0	0.0000	0
A	0.0001	0	0.0000	0
I	0.0000	0	0.0000	0
L	0.0000	0	0.0000	0
H	0.0002	0	0.0000	0
V	0.0001	0	0.0000	0
G	0.0001	0	0.0000	0
K	0.0002	0	0.0000	0
D	0.0005	0	0.0000	0
N	0.0017	0	0.0001	0
K	0.0136	0	0.0006	0
</pre></body></html>