<html><head></head><body><pre style="word-wrap: break-word; white-space: pre-wrap;">&gt;P07649
Amino Acid	probability_DNA	binary_DNA	probability_RNA	binary_RNA
M	0.2959	0	0.0000	0
S	0.1060	0	0.0000	0
D	0.0483	0	0.0000	0
Q	0.0374	0	0.0000	0
Q	0.0497	0	0.0000	0
Q	0.0516	0	0.0000	0
P	0.0748	0	0.0000	0
P	0.1279	0	0.0000	0
V	0.3734	1	0.0002	0
Y	0.1485	0	0.0001	0
K	0.2610	0	0.0002	0
I	0.0012	0	0.0000	0
A	0.0007	0	0.0000	0
L	0.0002	0	0.0000	0
G	0.0013	0	0.0000	0
I	0.0039	0	0.0000	0
E	0.0246	0	0.0000	0
Y	0.2183	0	0.0003	0
D	0.0195	0	0.0000	0
G	0.0277	0	0.0000	0
S	0.0150	0	0.0000	0
K	0.0029	0	0.0000	0
Y	0.0185	0	0.0000	0
Y	0.0261	0	0.0001	0
G	0.0445	0	0.0001	0
W	0.1027	0	0.0004	0
Q	0.2603	0	0.0003	0
R	0.2310	0	0.0001	0
Q	0.0221	0	0.0000	0
N	0.0096	0	0.0000	0
E	0.0051	0	0.0000	0
V	0.0043	0	0.0000	0
R	0.0035	0	0.0000	0
S	0.0110	0	0.0000	0
V	0.0071	0	0.0000	0
Q	0.0214	0	0.0000	0
E	0.0011	0	0.0000	0
K	0.0005	0	0.0000	0
L	0.0001	0	0.0000	0
E	0.0002	0	0.0000	0
K	0.0008	0	0.0000	0
A	0.0002	0	0.0000	0
L	0.0001	0	0.0000	0
S	0.0001	0	0.0000	0
Q	0.0002	0	0.0000	0
V	0.0001	0	0.0000	0
A	0.0001	0	0.0000	0
N	0.0001	0	0.0000	0
E	0.0001	0	0.0000	0
P	0.0002	0	0.0000	0
I	0.0001	0	0.0000	0
T	0.0003	0	0.0000	0
V	0.0002	0	0.0000	0
F	0.0012	0	0.0000	0
C	0.0015	0	0.0000	0
A	0.0042	0	0.0000	0
G	0.0205	0	0.0000	0
R	0.6368	1	0.0000	0
T	0.3405	0	0.0000	0
D	0.4288	1	0.0000	0
A	0.2165	0	0.0000	0
G	0.1093	0	0.0000	0
V	0.0082	0	0.0000	0
H	0.4556	1	0.0000	0
G	0.0430	0	0.0000	0
T	0.0047	0	0.0000	0
G	0.0075	0	0.0000	0
Q	0.0088	0	0.0000	0
V	0.0022	0	0.0000	0
V	0.0003	0	0.0000	0
H	0.0047	0	0.0000	0
F	0.0006	0	0.0000	0
E	0.0081	0	0.0000	0
T	0.0031	0	0.0000	0
T	0.0020	0	0.0000	0
A	0.0013	0	0.0000	0
L	0.0009	0	0.0000	0
R	0.0012	0	0.0000	0
K	0.0009	0	0.0000	0
D	0.0006	0	0.0000	0
A	0.0004	0	0.0000	0
A	0.0004	0	0.0000	0
W	0.0006	0	0.0000	0
T	0.0010	0	0.0000	0
L	0.0056	0	0.0000	0
G	0.0025	0	0.0000	0
V	0.0007	0	0.0000	0
N	0.0132	0	0.0000	0
A	0.0137	0	0.0000	0
N	0.0012	0	0.0000	0
L	0.0001	0	0.0000	0
P	0.0006	0	0.0000	0
G	0.0006	0	0.0000	0
D	0.0014	0	0.0000	0
I	0.0002	0	0.0000	0
A	0.0081	0	0.0000	0
V	0.0013	0	0.0000	0
R	0.0018	0	0.0000	0
W	0.0003	0	0.0000	0
V	0.0003	0	0.0000	0
K	0.0008	0	0.0000	0
T	0.0010	0	0.0000	0
V	0.0005	0	0.0000	0
P	0.0008	0	0.0000	0
D	0.0027	0	0.0000	0
D	0.0093	0	0.0000	0
F	0.0440	0	0.0000	0
H	0.4252	1	0.0005	0
A	0.0099	0	0.0000	0
R	0.8893	1	0.0001	0
F	0.8967	1	0.0000	0
S	0.3363	0	0.0000	0
A	0.0788	0	0.0000	0
T	0.6052	1	0.0000	0
A	0.1359	0	0.0000	0
R	0.5459	1	0.0000	0
R	0.1676	0	0.0000	0
Y	0.6786	1	0.0000	0
R	0.0115	0	0.0000	0
Y	0.4404	1	0.0000	0
I	0.0131	0	0.0000	0
I	0.0011	0	0.0000	0
Y	0.0018	0	0.0000	0
N	0.0148	0	0.0000	0
H	0.0124	0	0.0000	0
R	0.0286	0	0.0000	0
L	0.0057	0	0.0000	0
R	0.0102	0	0.0000	0
P	0.0073	0	0.0000	0
A	0.0072	0	0.0000	0
V	0.0127	0	0.0000	0
L	0.0129	0	0.0000	0
S	0.1204	0	0.0000	0
K	0.0278	0	0.0000	0
G	0.0137	0	0.0000	0
V	0.0061	0	0.0000	0
T	0.0054	0	0.0000	0
H	0.1629	0	0.0000	0
F	0.0036	0	0.0000	0
Y	0.0117	0	0.0000	0
E	0.0144	0	0.0000	0
P	0.0023	0	0.0000	0
L	0.0006	0	0.0000	0
D	0.0009	0	0.0000	0
A	0.0002	0	0.0000	0
E	0.0003	0	0.0000	0
R	0.0003	0	0.0000	0
M	0.0001	0	0.0000	0
H	0.0008	0	0.0000	0
R	0.0001	0	0.0000	0
A	0.0000	0	0.0000	0
A	0.0000	0	0.0000	0
Q	0.0002	0	0.0000	0
C	0.0005	0	0.0000	0
L	0.0007	0	0.0000	0
L	0.0150	0	0.0000	0
G	0.4089	1	0.0000	0
E	0.9052	1	0.0000	0
N	0.9454	1	0.0000	0
D	0.9039	1	0.0000	0
F	0.4445	1	0.0000	0
T	0.6867	1	0.0000	0
S	0.3249	0	0.0000	0
F	0.1593	0	0.0000	0
R	0.1915	0	0.0000	0
A	0.7958	1	0.0000	0
V	0.3867	1	0.0000	0
Q	0.2400	0	0.0000	0
C	0.0740	0	0.0000	0
Q	0.2062	0	0.0000	0
S	0.1700	0	0.0000	0
R	0.3707	1	0.0000	0
T	0.4236	1	0.0000	0
P	0.3230	0	0.0000	0
W	0.2132	0	0.0000	0
R	0.4186	1	0.0000	0
N	0.1355	0	0.0000	0
V	0.0035	0	0.0000	0
M	0.0040	0	0.0000	0
H	0.0185	0	0.0000	0
I	0.0004	0	0.0000	0
N	0.0172	0	0.0000	0
V	0.0018	0	0.0000	0
T	0.0227	0	0.0000	0
R	0.0123	0	0.0000	0
H	0.0018	0	0.0000	0
G	0.0008	0	0.0000	0
P	0.0004	0	0.0000	0
Y	0.0003	0	0.0000	0
V	0.0001	0	0.0000	0
V	0.0005	0	0.0000	0
V	0.0001	0	0.0000	0
D	0.0009	0	0.0000	0
I	0.0003	0	0.0000	0
K	0.0091	0	0.0000	0
A	0.0016	0	0.0000	0
N	0.0876	0	0.0000	0
A	0.1500	0	0.0000	0
F	0.4505	1	0.0000	0
V	0.0112	0	0.0000	0
H	0.5318	1	0.0000	0
H	0.9100	1	0.0000	0
M	0.1819	0	0.0000	0
V	0.0144	0	0.0000	0
R	0.7690	1	0.0000	0
N	0.0206	0	0.0000	0
I	0.0003	0	0.0000	0
V	0.0004	0	0.0000	0
G	0.0016	0	0.0000	0
S	0.0003	0	0.0000	0
L	0.0001	0	0.0000	0
M	0.0002	0	0.0000	0
E	0.0004	0	0.0000	0
V	0.0001	0	0.0000	0
G	0.0003	0	0.0000	0
A	0.0009	0	0.0000	0
H	0.0012	0	0.0000	0
N	0.0014	0	0.0000	0
Q	0.0009	0	0.0000	0
P	0.0006	0	0.0000	0
E	0.0002	0	0.0000	0
S	0.0002	0	0.0000	0
W	0.0002	0	0.0000	0
I	0.0001	0	0.0000	0
A	0.0003	0	0.0000	0
E	0.0001	0	0.0000	0
L	0.0001	0	0.0000	0
L	0.0001	0	0.0000	0
A	0.0003	0	0.0000	0
A	0.0004	0	0.0000	0
K	0.0006	0	0.0000	0
D	0.0003	0	0.0000	0
R	0.0062	0	0.0000	0
T	0.0022	0	0.0000	0
L	0.0009	0	0.0000	0
A	0.0003	0	0.0000	0
A	0.0003	0	0.0000	0
A	0.0012	0	0.0000	0
T	0.0021	0	0.0000	0
A	0.0011	0	0.0000	0
K	0.0123	0	0.0000	0
A	0.0024	0	0.0000	0
E	0.0051	0	0.0000	0
G	0.0015	0	0.0000	0
L	0.0011	0	0.0000	0
Y	0.0017	0	0.0000	0
L	0.0010	0	0.0000	0
V	0.0004	0	0.0000	0
A	0.0005	0	0.0000	0
V	0.0002	0	0.0000	0
D	0.0003	0	0.0000	0
Y	0.0008	0	0.0000	0
P	0.0003	0	0.0000	0
D	0.0004	0	0.0000	0
R	0.0005	0	0.0000	0
Y	0.0002	0	0.0000	0
D	0.0001	0	0.0000	0
L	0.0001	0	0.0000	0
P	0.0002	0	0.0000	0
K	0.0006	0	0.0000	0
P	0.0008	0	0.0000	0
P	0.0005	0	0.0000	0
M	0.0005	0	0.0000	0
G	0.0004	0	0.0000	0
P	0.0002	0	0.0000	0
L	0.0002	0	0.0000	0
F	0.0002	0	0.0000	0
L	0.0004	0	0.0000	0
A	0.0018	0	0.0000	0
D	0.0076	0	0.0000	0
</pre></body></html>