<html><head></head><body><pre style="word-wrap: break-word; white-space: pre-wrap;">&gt;Q53WG9
Amino Acid	probability_DNA	binary_DNA	probability_RNA	binary_RNA
M	0.0004	0	0.0432	0
W	0.0008	0	0.1057	0
L	0.0000	0	0.0075	0
T	0.0002	0	0.0356	0
K	0.0057	0	0.5144	1
L	0.0002	0	0.0353	0
V	0.0010	0	0.2451	1
L	0.0001	0	0.0129	0
N	0.0081	0	0.4425	1
P	0.0052	0	0.3505	1
A	0.0016	0	0.1605	1
S	0.0002	0	0.0400	0
R	0.0055	0	0.3476	1
A	0.0014	0	0.1299	0
A	0.0001	0	0.0130	0
R	0.0009	0	0.1956	1
R	0.0046	0	0.4078	1
D	0.0000	0	0.0025	0
L	0.0000	0	0.0023	0
A	0.0001	0	0.0731	0
N	0.0001	0	0.0189	0
P	0.0002	0	0.0243	0
Y	0.0198	0	0.6556	1
E	0.0020	0	0.2764	1
M	0.0004	0	0.0603	0
H	0.0082	0	0.5072	1
R	0.0099	0	0.3832	1
T	0.0000	0	0.0021	0
L	0.0000	0	0.0013	0
S	0.0003	0	0.0488	0
K	0.0000	0	0.0009	0
A	0.0000	0	0.0001	0
V	0.0000	0	0.0002	0
S	0.0000	0	0.0005	0
R	0.0000	0	0.0005	0
A	0.0000	0	0.0003	0
L	0.0000	0	0.0004	0
E	0.0000	0	0.0002	0
E	0.0000	0	0.0002	0
G	0.0000	0	0.0002	0
R	0.0000	0	0.0005	0
E	0.0000	0	0.0003	0
R	0.0000	0	0.0013	0
L	0.0000	0	0.0003	0
L	0.0000	0	0.0002	0
W	0.0000	0	0.0011	0
R	0.0000	0	0.0051	0
L	0.0000	0	0.0022	0
E	0.0000	0	0.0016	0
P	0.0000	0	0.0028	0
A	0.0000	0	0.0104	0
R	0.0000	0	0.0046	0
G	0.0000	0	0.0012	0
L	0.0000	0	0.0098	0
E	0.0000	0	0.0048	0
P	0.0000	0	0.0030	0
P	0.0000	0	0.0004	0
V	0.0000	0	0.0009	0
V	0.0000	0	0.0001	0
L	0.0000	0	0.0005	0
V	0.0000	0	0.0004	0
Q	0.0000	0	0.0033	0
T	0.0000	0	0.0051	0
L	0.0000	0	0.0039	0
T	0.0001	0	0.0228	0
E	0.0002	0	0.0290	0
P	0.0000	0	0.0018	0
D	0.0000	0	0.0008	0
W	0.0000	0	0.0008	0
S	0.0000	0	0.0013	0
V	0.0000	0	0.0003	0
L	0.0000	0	0.0001	0
D	0.0000	0	0.0003	0
E	0.0000	0	0.0002	0
G	0.0000	0	0.0001	0
Y	0.0000	0	0.0000	0
A	0.0000	0	0.0000	0
Q	0.0000	0	0.0000	0
V	0.0000	0	0.0001	0
F	0.0000	0	0.0001	0
P	0.0000	0	0.0001	0
P	0.0000	0	0.0001	0
K	0.0000	0	0.0007	0
P	0.0000	0	0.0003	0
F	0.0000	0	0.0003	0
H	0.0000	0	0.0003	0
P	0.0000	0	0.0001	0
A	0.0000	0	0.0003	0
L	0.0000	0	0.0002	0
K	0.0000	0	0.0016	0
P	0.0000	0	0.0029	0
G	0.0001	0	0.0071	0
Q	0.0000	0	0.0031	0
R	0.0004	0	0.0242	0
L	0.0000	0	0.0020	0
R	0.0005	0	0.0479	0
F	0.0001	0	0.0030	0
R	0.0049	0	0.1854	1
L	0.0000	0	0.0020	0
R	0.0030	0	0.2612	1
A	0.0002	0	0.0191	0
N	0.0041	0	0.1351	0
P	0.0002	0	0.0078	0
A	0.0050	0	0.1386	0
K	0.0291	0	0.3991	1
R	0.0663	0	0.4937	1
L	0.0195	0	0.1866	1
A	0.0183	0	0.1750	1
A	0.0048	0	0.1114	0
T	0.0005	0	0.0163	0
G	0.0002	0	0.0122	0
K	0.0002	0	0.0238	0
R	0.0015	0	0.1619	1
V	0.0002	0	0.0190	0
A	0.0000	0	0.0013	0
L	0.0000	0	0.0003	0
K	0.0000	0	0.0055	0
T	0.0000	0	0.0009	0
P	0.0000	0	0.0005	0
A	0.0000	0	0.0003	0
E	0.0000	0	0.0010	0
K	0.0000	0	0.0012	0
V	0.0000	0	0.0009	0
A	0.0000	0	0.0029	0
W	0.0000	0	0.0087	0
L	0.0000	0	0.0002	0
E	0.0000	0	0.0014	0
R	0.0070	0	0.1419	0
R	0.0070	0	0.1302	0
L	0.0001	0	0.0017	0
E	0.0001	0	0.0107	0
E	0.0002	0	0.0145	0
G	0.0000	0	0.0013	0
G	0.0000	0	0.0003	0
F	0.0000	0	0.0002	0
R	0.0000	0	0.0009	0
L	0.0000	0	0.0002	0
L	0.0000	0	0.0003	0
E	0.0000	0	0.0007	0
G	0.0000	0	0.0007	0
E	0.0000	0	0.0015	0
R	0.0000	0	0.0155	0
G	0.0000	0	0.0045	0
P	0.0000	0	0.0016	0
W	0.0002	0	0.0795	0
V	0.0000	0	0.0051	0
Q	0.0000	0	0.0042	0
I	0.0000	0	0.0035	0
L	0.0000	0	0.0065	0
Q	0.0000	0	0.0097	0
D	0.0001	0	0.0328	0
T	0.0002	0	0.0376	0
F	0.0013	0	0.1578	1
L	0.0001	0	0.0099	0
E	0.0004	0	0.0344	0
V	0.0000	0	0.0034	0
R	0.0038	0	0.2652	1
R	0.0064	0	0.3009	1
K	0.0120	0	0.3406	1
K	0.0084	0	0.2558	1
D	0.0003	0	0.0086	0
G	0.0020	0	0.0900	0
E	0.0004	0	0.0207	0
E	0.0006	0	0.0189	0
A	0.0001	0	0.0027	0
G	0.0001	0	0.0041	0
K	0.0034	0	0.0874	0
L	0.0058	0	0.0914	0
L	0.0005	0	0.0131	0
Q	0.0292	0	0.3678	1
V	0.0002	0	0.0020	0
Q	0.0001	0	0.0008	0
A	0.0001	0	0.0021	0
V	0.0000	0	0.0001	0
L	0.0000	0	0.0002	0
F	0.0000	0	0.0001	0
E	0.0000	0	0.0002	0
G	0.0000	0	0.0001	0
R	0.0000	0	0.0005	0
L	0.0000	0	0.0001	0
E	0.0000	0	0.0010	0
V	0.0000	0	0.0005	0
V	0.0000	0	0.0156	0
D	0.0001	0	0.0253	0
P	0.0001	0	0.0161	0
E	0.0000	0	0.0045	0
R	0.0000	0	0.0096	0
A	0.0000	0	0.0026	0
L	0.0001	0	0.0207	0
A	0.0012	0	0.2336	1
T	0.0003	0	0.0768	0
L	0.0000	0	0.0022	0
R	0.0001	0	0.0857	0
R	0.0017	0	0.5165	1
G	0.0006	0	0.2471	1
V	0.0009	0	0.3519	1
G	0.0040	0	0.6254	1
P	0.0241	0	0.8368	1
G	0.0657	0	0.8454	1
K	0.2970	0	0.8050	1
A	0.5841	1	0.5972	1
L	0.4623	1	0.6276	1
G	0.1257	0	0.0921	0
L	0.0258	0	0.0120	0
G	0.0106	0	0.0025	0
L	0.0085	0	0.0022	0
L	0.0039	0	0.0005	0
S	0.0172	0	0.0039	0
V	0.0021	0	0.0002	0
A	0.0554	0	0.0029	0
P	0.0544	0	0.0016	0
</pre></body></html>