<html><head></head><body><pre style="word-wrap: break-word; white-space: pre-wrap;">&gt;P08199
Amino Acid	probability_DNA	binary_DNA	probability_RNA	binary_RNA
M	0.0001	0	0.6707	1
V	0.0000	0	0.4154	1
K	0.0000	0	0.7905	1
L	0.0000	0	0.0608	0
A	0.0000	0	0.4277	1
K	0.0000	0	0.8609	1
A	0.0000	0	0.2276	1
G	0.0000	0	0.1295	0
K	0.0000	0	0.7735	1
T	0.0001	0	0.8192	1
H	0.0004	0	0.8505	1
G	0.0007	0	0.8690	1
E	0.0011	0	0.3881	1
A	0.0004	0	0.1840	1
K	0.0005	0	0.4732	1
K	0.0020	0	0.7253	1
M	0.0021	0	0.6854	1
A	0.0008	0	0.2682	1
P	0.0003	0	0.0550	0
P	0.0002	0	0.0214	0
P	0.0001	0	0.0084	0
K	0.0001	0	0.0054	0
E	0.0000	0	0.0019	0
V	0.0000	0	0.0009	0
E	0.0000	0	0.0006	0
E	0.0000	0	0.0005	0
D	0.0000	0	0.0004	0
S	0.0001	0	0.0009	0
E	0.0000	0	0.0002	0
D	0.0000	0	0.0001	0
E	0.0000	0	0.0001	0
E	0.0000	0	0.0001	0
M	0.0000	0	0.0001	0
S	0.0000	0	0.0001	0
E	0.0000	0	0.0001	0
E	0.0000	0	0.0000	0
E	0.0000	0	0.0000	0
D	0.0000	0	0.0000	0
D	0.0000	0	0.0000	0
S	0.0000	0	0.0000	0
S	0.0000	0	0.0001	0
G	0.0000	0	0.0000	0
E	0.0000	0	0.0001	0
E	0.0000	0	0.0001	0
V	0.0000	0	0.0003	0
V	0.0000	0	0.0004	0
I	0.0000	0	0.0003	0
P	0.0001	0	0.0026	0
Q	0.0001	0	0.0024	0
K	0.0002	0	0.0195	0
K	0.0005	0	0.0329	0
G	0.0002	0	0.0132	0
K	0.0004	0	0.0159	0
K	0.0005	0	0.0120	0
A	0.0002	0	0.0042	0
T	0.0002	0	0.0028	0
A	0.0003	0	0.0047	0
T	0.0002	0	0.0036	0
P	0.0002	0	0.0028	0
A	0.0002	0	0.0033	0
K	0.0010	0	0.0167	0
K	0.0008	0	0.0115	0
V	0.0002	0	0.0019	0
V	0.0002	0	0.0028	0
V	0.0000	0	0.0006	0
S	0.0001	0	0.0006	0
Q	0.0000	0	0.0002	0
T	0.0001	0	0.0005	0
K	0.0001	0	0.0007	0
K	0.0002	0	0.0016	0
V	0.0001	0	0.0005	0
A	0.0001	0	0.0008	0
V	0.0001	0	0.0004	0
P	0.0000	0	0.0003	0
T	0.0001	0	0.0010	0
P	0.0001	0	0.0011	0
A	0.0001	0	0.0012	0
K	0.0004	0	0.0047	0
K	0.0007	0	0.0086	0
A	0.0002	0	0.0014	0
A	0.0001	0	0.0009	0
V	0.0000	0	0.0003	0
T	0.0001	0	0.0005	0
P	0.0000	0	0.0003	0
G	0.0000	0	0.0004	0
K	0.0001	0	0.0006	0
K	0.0002	0	0.0009	0
A	0.0002	0	0.0006	0
A	0.0001	0	0.0007	0
A	0.0001	0	0.0005	0
T	0.0001	0	0.0013	0
P	0.0001	0	0.0006	0
A	0.0001	0	0.0009	0
K	0.0001	0	0.0011	0
K	0.0001	0	0.0011	0
A	0.0003	0	0.0015	0
V	0.0000	0	0.0004	0
T	0.0000	0	0.0004	0
P	0.0000	0	0.0003	0
A	0.0000	0	0.0002	0
K	0.0000	0	0.0002	0
A	0.0000	0	0.0001	0
V	0.0000	0	0.0002	0
A	0.0000	0	0.0001	0
T	0.0000	0	0.0002	0
P	0.0000	0	0.0001	0
G	0.0000	0	0.0001	0
K	0.0000	0	0.0004	0
K	0.0001	0	0.0010	0
G	0.0001	0	0.0004	0
A	0.0000	0	0.0002	0
T	0.0000	0	0.0002	0
Q	0.0000	0	0.0002	0
A	0.0000	0	0.0001	0
K	0.0000	0	0.0002	0
A	0.0000	0	0.0002	0
L	0.0000	0	0.0001	0
V	0.0000	0	0.0002	0
A	0.0000	0	0.0003	0
T	0.0000	0	0.0002	0
P	0.0000	0	0.0001	0
G	0.0000	0	0.0002	0
K	0.0000	0	0.0005	0
K	0.0002	0	0.0017	0
G	0.0001	0	0.0007	0
A	0.0004	0	0.0024	0
V	0.0003	0	0.0021	0
T	0.0002	0	0.0014	0
P	0.0001	0	0.0008	0
A	0.0001	0	0.0005	0
K	0.0002	0	0.0009	0
G	0.0001	0	0.0005	0
A	0.0001	0	0.0004	0
K	0.0003	0	0.0027	0
N	0.0005	0	0.0029	0
G	0.0013	0	0.0085	0
K	0.0014	0	0.0086	0
N	0.0005	0	0.0024	0
A	0.0002	0	0.0009	0
K	0.0005	0	0.0028	0
K	0.0004	0	0.0026	0
E	0.0001	0	0.0007	0
D	0.0000	0	0.0002	0
S	0.0000	0	0.0001	0
D	0.0000	0	0.0001	0
E	0.0000	0	0.0001	0
D	0.0000	0	0.0000	0
E	0.0000	0	0.0001	0
D	0.0000	0	0.0001	0
D	0.0000	0	0.0001	0
D	0.0000	0	0.0001	0
D	0.0000	0	0.0001	0
D	0.0000	0	0.0000	0
E	0.0000	0	0.0000	0
D	0.0000	0	0.0001	0
D	0.0000	0	0.0001	0
S	0.0000	0	0.0000	0
D	0.0000	0	0.0001	0
E	0.0000	0	0.0001	0
D	0.0000	0	0.0000	0
E	0.0000	0	0.0000	0
E	0.0000	0	0.0000	0
D	0.0000	0	0.0000	0
E	0.0000	0	0.0000	0
E	0.0000	0	0.0000	0
E	0.0000	0	0.0000	0
D	0.0000	0	0.0000	0
E	0.0000	0	0.0000	0
F	0.0000	0	0.0000	0
E	0.0000	0	0.0000	0
P	0.0000	0	0.0001	0
P	0.0000	0	0.0001	0
V	0.0000	0	0.0003	0
V	0.0000	0	0.0004	0
K	0.0001	0	0.0012	0
G	0.0000	0	0.0002	0
K	0.0001	0	0.0007	0
Q	0.0000	0	0.0003	0
G	0.0000	0	0.0003	0
K	0.0001	0	0.0013	0
V	0.0000	0	0.0005	0
A	0.0000	0	0.0004	0
A	0.0000	0	0.0002	0
A	0.0000	0	0.0002	0
A	0.0000	0	0.0002	0
P	0.0000	0	0.0002	0
A	0.0000	0	0.0001	0
S	0.0000	0	0.0001	0
E	0.0000	0	0.0001	0
D	0.0000	0	0.0000	0
E	0.0000	0	0.0001	0
D	0.0000	0	0.0001	0
E	0.0000	0	0.0000	0
E	0.0000	0	0.0001	0
E	0.0000	0	0.0001	0
D	0.0000	0	0.0000	0
E	0.0000	0	0.0000	0
E	0.0000	0	0.0000	0
E	0.0000	0	0.0000	0
E	0.0000	0	0.0000	0
E	0.0000	0	0.0000	0
E	0.0000	0	0.0000	0
D	0.0000	0	0.0001	0
E	0.0000	0	0.0000	0
E	0.0000	0	0.0000	0
E	0.0000	0	0.0000	0
E	0.0000	0	0.0000	0
D	0.0000	0	0.0000	0
D	0.0000	0	0.0000	0
S	0.0000	0	0.0000	0
E	0.0000	0	0.0000	0
E	0.0000	0	0.0000	0
E	0.0000	0	0.0001	0
E	0.0000	0	0.0001	0
A	0.0000	0	0.0003	0
M	0.0000	0	0.0003	0
E	0.0000	0	0.0001	0
I	0.0000	0	0.0000	0
T	0.0000	0	0.0001	0
P	0.0000	0	0.0001	0
A	0.0000	0	0.0001	0
K	0.0000	0	0.0002	0
G	0.0000	0	0.0001	0
K	0.0000	0	0.0003	0
K	0.0002	0	0.0012	0
A	0.0004	0	0.0023	0
P	0.0004	0	0.0056	0
A	0.0003	0	0.0026	0
K	0.0004	0	0.0031	0
V	0.0003	0	0.0025	0
V	0.0001	0	0.0013	0
P	0.0003	0	0.0068	0
V	0.0001	0	0.0012	0
K	0.0004	0	0.0053	0
A	0.0000	0	0.0008	0
K	0.0000	0	0.0007	0
N	0.0000	0	0.0006	0
V	0.0000	0	0.0002	0
A	0.0000	0	0.0001	0
E	0.0000	0	0.0001	0
E	0.0000	0	0.0001	0
D	0.0000	0	0.0001	0
D	0.0000	0	0.0001	0
D	0.0000	0	0.0001	0
D	0.0000	0	0.0001	0
E	0.0000	0	0.0000	0
E	0.0000	0	0.0000	0
E	0.0000	0	0.0000	0
D	0.0000	0	0.0001	0
E	0.0000	0	0.0000	0
D	0.0000	0	0.0000	0
E	0.0000	0	0.0000	0
E	0.0000	0	0.0000	0
E	0.0000	0	0.0001	0
D	0.0000	0	0.0001	0
E	0.0000	0	0.0001	0
E	0.0000	0	0.0001	0
E	0.0000	0	0.0000	0
E	0.0000	0	0.0000	0
E	0.0000	0	0.0000	0
D	0.0000	0	0.0000	0
E	0.0000	0	0.0000	0
E	0.0000	0	0.0000	0
E	0.0000	0	0.0001	0
E	0.0000	0	0.0000	0
E	0.0000	0	0.0001	0
E	0.0000	0	0.0001	0
E	0.0000	0	0.0000	0
E	0.0000	0	0.0000	0
E	0.0000	0	0.0000	0
E	0.0000	0	0.0001	0
E	0.0000	0	0.0001	0
P	0.0000	0	0.0001	0
V	0.0000	0	0.0002	0
K	0.0000	0	0.0004	0
P	0.0000	0	0.0006	0
A	0.0001	0	0.0012	0
P	0.0001	0	0.0026	0
G	0.0002	0	0.0039	0
K	0.0002	0	0.0028	0
R	0.0016	0	0.0220	0
K	0.0018	0	0.0255	0
K	0.0025	0	0.0423	0
E	0.0002	0	0.0035	0
M	0.0018	0	0.0315	0
T	0.0003	0	0.0061	0
K	0.0015	0	0.0317	0
Q	0.0003	0	0.0051	0
K	0.0008	0	0.0082	0
E	0.0005	0	0.0089	0
V	0.0003	0	0.0061	0
P	0.0002	0	0.0053	0
E	0.0003	0	0.0047	0
A	0.0001	0	0.0019	0
K	0.0003	0	0.0038	0
K	0.0001	0	0.0024	0
Q	0.0001	0	0.0013	0
K	0.0001	0	0.0018	0
V	0.0001	0	0.0025	0
E	0.0001	0	0.0018	0
G	0.0005	0	0.0077	0
S	0.0002	0	0.0047	0
E	0.0002	0	0.0035	0
S	0.0003	0	0.0064	0
T	0.0005	0	0.0111	0
T	0.0001	0	0.0030	0
P	0.0008	0	0.0177	0
F	0.0002	0	0.0047	0
N	0.0002	0	0.0061	0
L	0.0000	0	0.0003	0
F	0.0045	0	0.1814	1
I	0.0001	0	0.0012	0
G	0.0116	0	0.1742	1
N	0.0377	0	0.3546	1
L	0.0013	0	0.0105	0
N	0.0227	0	0.1315	0
P	0.0724	0	0.3483	1
N	0.0026	0	0.0166	0
K	0.0019	0	0.0118	0
S	0.0016	0	0.0257	0
V	0.0002	0	0.0011	0
A	0.0000	0	0.0004	0
E	0.0001	0	0.0010	0
L	0.0000	0	0.0000	0
K	0.0000	0	0.0006	0
V	0.0000	0	0.0001	0
A	0.0000	0	0.0000	0
I	0.0000	0	0.0001	0
S	0.0000	0	0.0001	0
E	0.0000	0	0.0003	0
L	0.0000	0	0.0003	0
F	0.0000	0	0.0002	0
A	0.0000	0	0.0002	0
K	0.0000	0	0.0008	0
N	0.0000	0	0.0002	0
D	0.0000	0	0.0001	0
L	0.0000	0	0.0001	0
A	0.0000	0	0.0010	0
V	0.0000	0	0.0002	0
V	0.0002	0	0.0095	0
D	0.0007	0	0.0231	0
V	0.0011	0	0.0248	0
R	0.0121	0	0.1607	1
T	0.0128	0	0.1668	1
G	0.0651	0	0.3452	1
T	0.1630	0	0.5168	1
N	0.0930	0	0.5024	1
R	0.2429	0	0.6929	1
K	0.1845	0	0.4627	1
F	0.3520	1	0.6671	1
G	0.0010	0	0.0039	0
Y	0.3747	1	0.8213	1
V	0.0005	0	0.0020	0
D	0.0022	0	0.0085	0
F	0.0019	0	0.0126	0
E	0.0008	0	0.0075	0
S	0.0003	0	0.0022	0
A	0.0001	0	0.0012	0
E	0.0000	0	0.0004	0
D	0.0000	0	0.0001	0
L	0.0000	0	0.0001	0
E	0.0000	0	0.0003	0
K	0.0003	0	0.0020	0
A	0.0001	0	0.0003	0
L	0.0001	0	0.0006	0
E	0.0000	0	0.0003	0
L	0.0000	0	0.0007	0
T	0.0002	0	0.0040	0
G	0.0001	0	0.0013	0
L	0.0002	0	0.0016	0
K	0.0001	0	0.0010	0
V	0.0001	0	0.0005	0
F	0.0002	0	0.0026	0
G	0.0065	0	0.0601	0
N	0.0921	0	0.3563	1
E	0.0044	0	0.0233	0
I	0.0003	0	0.0017	0
K	0.0988	0	0.4554	1
L	0.0031	0	0.0241	0
E	0.2400	0	0.5772	1
K	0.3216	0	0.6828	1
P	0.4445	1	0.8440	1
K	0.4396	1	0.8241	1
G	0.2945	0	0.4709	1
R	0.3148	0	0.7358	1
D	0.1785	0	0.3681	1
S	0.2294	0	0.4199	1
K	0.3144	0	0.5416	1
K	0.2478	0	0.3896	1
V	0.1247	0	0.2219	1
R	0.2137	0	0.3528	1
A	0.0597	0	0.1199	0
A	0.0063	0	0.0238	0
R	0.0469	0	0.1589	1
T	0.0945	0	0.3093	1
L	0.0003	0	0.0018	0
L	0.1325	0	0.4560	1
A	0.0005	0	0.0019	0
K	0.0415	0	0.1418	0
N	0.0701	0	0.2414	1
L	0.0005	0	0.0012	0
S	0.0037	0	0.0084	0
F	0.0115	0	0.0193	0
N	0.0003	0	0.0003	0
I	0.0001	0	0.0001	0
T	0.0008	0	0.0013	0
E	0.0004	0	0.0004	0
D	0.0001	0	0.0001	0
E	0.0001	0	0.0001	0
L	0.0000	0	0.0000	0
K	0.0002	0	0.0004	0
E	0.0000	0	0.0000	0
V	0.0000	0	0.0000	0
F	0.0000	0	0.0000	0
E	0.0000	0	0.0001	0
D	0.0000	0	0.0002	0
A	0.0000	0	0.0007	0
L	0.0000	0	0.0001	0
E	0.0002	0	0.0013	0
I	0.0000	0	0.0000	0
R	0.0005	0	0.0024	0
L	0.0005	0	0.0038	0
V	0.0003	0	0.0026	0
S	0.0039	0	0.0461	0
Q	0.0058	0	0.0567	0
D	0.0280	0	0.1565	1
G	0.1069	0	0.3048	1
K	0.0168	0	0.0892	0
S	0.0327	0	0.1941	1
K	0.2300	0	0.4890	1
G	0.1063	0	0.2186	1
I	0.1546	0	0.2661	1
A	0.0010	0	0.0015	0
Y	0.6341	1	0.6030	1
I	0.0010	0	0.0008	0
E	0.0016	0	0.0020	0
F	0.0006	0	0.0010	0
K	0.0005	0	0.0010	0
S	0.0002	0	0.0002	0
E	0.0003	0	0.0010	0
A	0.0001	0	0.0001	0
D	0.0000	0	0.0000	0
A	0.0000	0	0.0000	0
E	0.0001	0	0.0001	0
K	0.0004	0	0.0004	0
N	0.0000	0	0.0000	0
L	0.0000	0	0.0000	0
E	0.0002	0	0.0002	0
E	0.0001	0	0.0001	0
K	0.0000	0	0.0001	0
Q	0.0000	0	0.0000	0
G	0.0000	0	0.0000	0
A	0.0000	0	0.0000	0
E	0.0000	0	0.0000	0
I	0.0000	0	0.0000	0
D	0.0000	0	0.0001	0
G	0.0009	0	0.0011	0
R	0.0178	0	0.0155	0
S	0.0032	0	0.0026	0
V	0.0002	0	0.0001	0
S	0.0074	0	0.0095	0
L	0.0017	0	0.0020	0
Y	0.0826	0	0.1022	0
Y	0.0671	0	0.0670	0
T	0.0042	0	0.0060	0
G	0.0107	0	0.0160	0
E	0.0387	0	0.0538	0
K	0.2115	0	0.2624	1
G	0.1380	0	0.1676	1
Q	0.0389	0	0.0407	0
R	0.0939	0	0.1148	0
Q	0.0134	0	0.0226	0
E	0.0057	0	0.0099	0
R	0.0148	0	0.0244	0
T	0.0114	0	0.0160	0
G	0.0122	0	0.0178	0
K	0.0166	0	0.0261	0
N	0.0211	0	0.0290	0
S	0.0258	0	0.0348	0
T	0.0387	0	0.0596	0
W	0.0081	0	0.0142	0
S	0.0179	0	0.0355	0
G	0.0048	0	0.0091	0
E	0.0035	0	0.0069	0
S	0.0006	0	0.0011	0
K	0.0026	0	0.0057	0
T	0.0093	0	0.0215	0
L	0.0003	0	0.0006	0
V	0.2529	0	0.4424	1
L	0.0010	0	0.0011	0
S	0.2062	0	0.2245	1
N	0.3533	1	0.4110	1
L	0.0298	0	0.0394	0
S	0.0862	0	0.1187	0
Y	0.2474	0	0.3134	1
S	0.0145	0	0.0119	0
A	0.0010	0	0.0007	0
T	0.0122	0	0.0185	0
E	0.0056	0	0.0042	0
E	0.0054	0	0.0060	0
T	0.0082	0	0.0110	0
L	0.0001	0	0.0001	0
Q	0.0246	0	0.0516	0
E	0.0003	0	0.0005	0
V	0.0000	0	0.0000	0
F	0.0000	0	0.0001	0
E	0.0002	0	0.0005	0
K	0.0018	0	0.0049	0
A	0.0012	0	0.0058	0
T	0.0019	0	0.0062	0
F	0.0217	0	0.0501	0
I	0.0003	0	0.0008	0
K	0.0663	0	0.1722	1
V	0.0090	0	0.0274	0
P	0.0031	0	0.0177	0
Q	0.0667	0	0.2244	1
N	0.1039	0	0.2057	1
Q	0.1342	0	0.2880	1
Q	0.0252	0	0.0877	0
G	0.0538	0	0.1247	0
K	0.0726	0	0.1482	0
S	0.0462	0	0.1556	1
K	0.5244	1	0.8138	1
G	0.2340	0	0.3156	1
Y	0.6781	1	0.7606	1
A	0.0041	0	0.0062	0
F	0.6846	1	0.8039	1
I	0.0015	0	0.0016	0
E	0.0155	0	0.0258	0
F	0.0041	0	0.0075	0
A	0.0004	0	0.0010	0
S	0.0004	0	0.0010	0
F	0.0005	0	0.0020	0
E	0.0002	0	0.0007	0
D	0.0000	0	0.0001	0
A	0.0000	0	0.0000	0
K	0.0000	0	0.0000	0
E	0.0003	0	0.0002	0
A	0.0001	0	0.0001	0
L	0.0001	0	0.0001	0
N	0.0003	0	0.0005	0
S	0.0001	0	0.0002	0
C	0.0000	0	0.0000	0
N	0.0000	0	0.0001	0
K	0.0001	0	0.0001	0
M	0.0002	0	0.0001	0
E	0.0002	0	0.0002	0
I	0.0001	0	0.0001	0
E	0.0011	0	0.0022	0
G	0.0073	0	0.0109	0
R	0.1590	0	0.1609	1
T	0.0208	0	0.0221	0
I	0.0004	0	0.0004	0
R	0.2844	0	0.4404	1
L	0.0021	0	0.0034	0
E	0.4087	1	0.5127	1
L	0.2196	0	0.2485	1
Q	0.6554	1	0.6605	1
G	0.4665	1	0.5099	1
P	0.2768	0	0.3358	1
R	0.4020	1	0.4718	1
G	0.1296	0	0.1437	0
S	0.1637	0	0.1892	1
P	0.1589	0	0.1786	1
N	0.1459	0	0.1535	1
A	0.1179	0	0.1160	0
R	0.0990	0	0.1121	0
S	0.0779	0	0.0896	0
Q	0.0639	0	0.0679	0
P	0.0141	0	0.0134	0
S	0.0168	0	0.0164	0
K	0.0051	0	0.0065	0
T	0.0551	0	0.0943	0
L	0.0006	0	0.0010	0
F	0.3013	0	0.5328	1
V	0.0022	0	0.0033	0
K	0.1726	0	0.3205	1
G	0.2409	0	0.3881	1
L	0.0017	0	0.0028	0
S	0.0022	0	0.0034	0
E	0.0021	0	0.0025	0
D	0.0012	0	0.0011	0
T	0.0003	0	0.0002	0
T	0.0049	0	0.0060	0
E	0.0099	0	0.0094	0
E	0.0016	0	0.0014	0
T	0.0045	0	0.0055	0
L	0.0001	0	0.0001	0
K	0.0452	0	0.0752	0
E	0.0002	0	0.0003	0
S	0.0000	0	0.0000	0
F	0.0000	0	0.0000	0
E	0.0001	0	0.0002	0
G	0.0004	0	0.0006	0
S	0.0002	0	0.0005	0
V	0.0002	0	0.0003	0
R	0.0160	0	0.0399	0
A	0.0003	0	0.0004	0
R	0.0206	0	0.0304	0
I	0.0028	0	0.0028	0
V	0.0171	0	0.0327	0
T	0.0251	0	0.0688	0
D	0.0011	0	0.0043	0
R	0.0197	0	0.0666	0
E	0.0019	0	0.0090	0
T	0.0004	0	0.0022	0
G	0.0006	0	0.0029	0
S	0.0015	0	0.0058	0
S	0.0011	0	0.0044	0
K	0.1303	0	0.3530	1
G	0.0131	0	0.0354	0
F	0.0426	0	0.1128	0
G	0.0002	0	0.0004	0
F	0.5602	1	0.5972	1
V	0.0006	0	0.0007	0
D	0.0027	0	0.0046	0
F	0.0015	0	0.0029	0
N	0.0002	0	0.0004	0
S	0.0001	0	0.0002	0
E	0.0002	0	0.0007	0
E	0.0001	0	0.0002	0
D	0.0000	0	0.0000	0
A	0.0000	0	0.0000	0
K	0.0000	0	0.0000	0
A	0.0001	0	0.0001	0
A	0.0000	0	0.0000	0
K	0.0000	0	0.0000	0
E	0.0000	0	0.0000	0
A	0.0000	0	0.0000	0
M	0.0000	0	0.0000	0
E	0.0000	0	0.0000	0
D	0.0000	0	0.0000	0
G	0.0000	0	0.0000	0
E	0.0000	0	0.0000	0
I	0.0000	0	0.0000	0
D	0.0000	0	0.0000	0
G	0.0001	0	0.0000	0
N	0.0002	0	0.0001	0
K	0.0006	0	0.0005	0
V	0.0000	0	0.0000	0
T	0.0063	0	0.0100	0
L	0.0001	0	0.0003	0
D	0.1485	0	0.3700	1
W	0.0882	0	0.1616	1
A	0.4945	1	0.6901	1
K	0.2887	0	0.5910	1
P	0.0827	0	0.1699	1
K	0.2631	0	0.6184	1
G	0.0851	0	0.1428	0
E	0.1933	0	0.3053	1
G	0.2521	0	0.2917	1
G	0.4227	1	0.5115	1
F	0.4082	1	0.4228	1
G	0.5685	1	0.6352	1
G	0.3932	1	0.3207	1
R	0.5977	1	0.5362	1
G	0.6479	1	0.5069	1
G	0.6960	1	0.4935	1
G	0.4870	1	0.1966	1
R	0.6823	1	0.2803	1
G	0.4681	1	0.1145	0
G	0.7021	1	0.1238	0
F	0.8188	1	0.1690	1
G	0.7120	1	0.0873	0
G	0.6887	1	0.0264	0
R	0.7822	1	0.0223	0
G	0.6968	1	0.0149	0
G	0.7087	1	0.0061	0
G	0.5582	1	0.0036	0
R	0.6477	1	0.0025	0
G	0.5550	1	0.0020	0
G	0.7322	1	0.0018	0
G	0.7131	1	0.0021	0
R	0.7181	1	0.0022	0
G	0.5220	1	0.0015	0
G	0.7180	1	0.0010	0
F	0.7968	1	0.0015	0
G	0.3974	1	0.0004	0
G	0.4179	1	0.0003	0
R	0.5106	1	0.0002	0
G	0.3522	1	0.0001	0
R	0.6676	1	0.0003	0
G	0.3940	1	0.0001	0
G	0.4347	1	0.0001	0
F	0.3900	1	0.0000	0
G	0.5255	1	0.0001	0
G	0.5214	1	0.0001	0
R	0.5385	1	0.0001	0
G	0.3111	0	0.0000	0
G	0.2323	0	0.0000	0
F	0.5396	1	0.0001	0
R	0.2818	0	0.0000	0
G	0.5410	1	0.0000	0
G	0.5337	1	0.0000	0
R	0.6867	1	0.0000	0
G	0.2732	0	0.0000	0
G	0.6541	1	0.0000	0
G	0.7242	1	0.0000	0
G	0.7937	1	0.0000	0
G	0.8507	1	0.0001	0
G	0.2396	0	0.0000	0
G	0.2487	0	0.0000	0
D	0.0791	0	0.0000	0
F	0.0685	0	0.0000	0
K	0.1486	0	0.0000	0
P	0.1196	0	0.0000	0
Q	0.3338	0	0.0000	0
G	0.2316	0	0.0000	0
K	0.3347	0	0.0000	0
K	0.5871	1	0.0000	0
T	0.7926	1	0.0000	0
K	0.6609	1	0.0000	0
F	0.0918	0	0.0000	0
E	0.0744	0	0.0000	0
</pre></body></html>