<html><head></head><body><pre style="word-wrap: break-word; white-space: pre-wrap;">&gt;Q8IV48
Amino Acid	probability_DNA	binary_DNA	probability_RNA	binary_RNA
M	0.0002	0	0.1442	0
E	0.0001	0	0.0684	0
D	0.0000	0	0.0079	0
P	0.0000	0	0.0023	0
Q	0.0000	0	0.0106	0
S	0.0000	0	0.0064	0
K	0.0000	0	0.0104	0
E	0.0001	0	0.0083	0
P	0.0000	0	0.0048	0
A	0.0000	0	0.0033	0
G	0.0000	0	0.0013	0
E	0.0001	0	0.0071	0
A	0.0000	0	0.0003	0
V	0.0000	0	0.0003	0
A	0.0000	0	0.0001	0
L	0.0000	0	0.0001	0
A	0.0000	0	0.0001	0
L	0.0000	0	0.0001	0
L	0.0000	0	0.0003	0
E	0.0000	0	0.0004	0
S	0.0000	0	0.0001	0
P	0.0000	0	0.0000	0
R	0.0000	0	0.0001	0
P	0.0000	0	0.0000	0
E	0.0000	0	0.0001	0
G	0.0000	0	0.0001	0
G	0.0000	0	0.0001	0
E	0.0000	0	0.0002	0
E	0.0000	0	0.0005	0
P	0.0000	0	0.0001	0
P	0.0000	0	0.0003	0
R	0.0000	0	0.0046	0
P	0.0000	0	0.0042	0
S	0.0000	0	0.0015	0
P	0.0000	0	0.0010	0
E	0.0001	0	0.0027	0
E	0.0001	0	0.0013	0
T	0.0001	0	0.0007	0
Q	0.0000	0	0.0003	0
Q	0.0000	0	0.0002	0
C	0.0000	0	0.0001	0
K	0.0001	0	0.0007	0
F	0.0001	0	0.0010	0
D	0.0000	0	0.0004	0
G	0.0000	0	0.0003	0
Q	0.0005	0	0.0031	0
E	0.0003	0	0.0009	0
T	0.0005	0	0.0013	0
K	0.0007	0	0.0023	0
G	0.0001	0	0.0004	0
S	0.0003	0	0.0011	0
K	0.0039	0	0.0085	0
F	0.0014	0	0.0031	0
I	0.0022	0	0.0069	0
T	0.0008	0	0.0042	0
S	0.0017	0	0.0115	0
S	0.0062	0	0.0590	0
A	0.0074	0	0.1057	0
S	0.0044	0	0.1888	1
D	0.0083	0	0.2940	1
F	0.0106	0	0.2747	1
S	0.0009	0	0.0724	0
D	0.0004	0	0.0405	0
P	0.0005	0	0.0486	0
V	0.0000	0	0.0007	0
Y	0.0008	0	0.0379	0
K	0.0030	0	0.0598	0
E	0.0001	0	0.0012	0
I	0.0000	0	0.0002	0
A	0.0000	0	0.0018	0
I	0.0001	0	0.0042	0
T	0.0001	0	0.0019	0
N	0.0003	0	0.0103	0
G	0.0015	0	0.0321	0
C	0.0001	0	0.0009	0
I	0.0000	0	0.0001	0
N	0.0006	0	0.0040	0
R	0.0003	0	0.0014	0
M	0.0001	0	0.0003	0
S	0.0004	0	0.0016	0
K	0.0006	0	0.0017	0
E	0.0006	0	0.0010	0
E	0.0004	0	0.0005	0
L	0.0001	0	0.0000	0
R	0.0108	0	0.0344	0
A	0.0011	0	0.0022	0
K	0.0012	0	0.0008	0
L	0.0001	0	0.0000	0
S	0.0002	0	0.0003	0
E	0.0001	0	0.0002	0
F	0.0000	0	0.0001	0
K	0.0011	0	0.0064	0
L	0.0005	0	0.0006	0
E	0.0044	0	0.0068	0
T	0.0266	0	0.0161	0
R	0.0983	0	0.0534	0
G	0.0060	0	0.0010	0
V	0.0539	0	0.0111	0
K	0.3288	0	0.0315	0
D	0.1989	0	0.0078	0
V	0.0091	0	0.0002	0
L	0.0003	0	0.0000	0
K	0.0031	0	0.0002	0
K	0.0016	0	0.0001	0
R	0.0102	0	0.0017	0
L	0.0001	0	0.0000	0
K	0.0001	0	0.0000	0
N	0.0001	0	0.0000	0
Y	0.0001	0	0.0000	0
Y	0.0018	0	0.0017	0
K	0.0017	0	0.0005	0
K	0.0007	0	0.0002	0
Q	0.0007	0	0.0001	0
K	0.0020	0	0.0003	0
L	0.0002	0	0.0000	0
M	0.0005	0	0.0003	0
L	0.0021	0	0.0014	0
K	0.0015	0	0.0007	0
E	0.0008	0	0.0006	0
S	0.0008	0	0.0006	0
N	0.0034	0	0.0031	0
F	0.0280	0	0.0317	0
A	0.0053	0	0.0045	0
D	0.0026	0	0.0019	0
S	0.0125	0	0.0051	0
Y	0.0028	0	0.0014	0
Y	0.0006	0	0.0007	0
D	0.0002	0	0.0005	0
Y	0.0002	0	0.0005	0
I	0.0001	0	0.0002	0
C	0.0001	0	0.0001	0
I	0.0003	0	0.0005	0
I	0.0002	0	0.0010	0
D	0.0269	0	0.3075	1
F	0.0245	0	0.1296	0
E	0.4552	1	0.5600	1
A	0.5191	1	0.3710	1
T	0.0169	0	0.0184	0
C	0.0077	0	0.0090	0
E	0.0235	0	0.0414	0
E	0.0348	0	0.0849	0
G	0.0533	0	0.1243	0
N	0.0096	0	0.0317	0
P	0.0282	0	0.0965	0
P	0.0729	0	0.1079	0
E	0.0475	0	0.0317	0
F	0.0499	0	0.0405	0
V	0.0214	0	0.0186	0
H	0.0005	0	0.0004	0
E	0.0004	0	0.0006	0
I	0.0002	0	0.0004	0
I	0.0001	0	0.0001	0
E	0.0006	0	0.0017	0
F	0.0000	0	0.0000	0
P	0.0000	0	0.0000	0
V	0.0000	0	0.0000	0
V	0.0000	0	0.0000	0
L	0.0001	0	0.0000	0
L	0.0000	0	0.0000	0
N	0.0002	0	0.0001	0
T	0.0006	0	0.0001	0
H	0.0078	0	0.0015	0
T	0.0051	0	0.0010	0
L	0.0010	0	0.0003	0
E	0.0019	0	0.0005	0
I	0.0023	0	0.0010	0
E	0.0081	0	0.0057	0
D	0.0024	0	0.0014	0
T	0.1454	0	0.0779	0
F	0.0097	0	0.0051	0
Q	0.0424	0	0.0247	0
Q	0.0044	0	0.0022	0
Y	0.0246	0	0.0257	0
V	0.0001	0	0.0001	0
R	0.0035	0	0.0051	0
P	0.0002	0	0.0001	0
E	0.0011	0	0.0005	0
I	0.0022	0	0.0004	0
N	0.0017	0	0.0001	0
T	0.0020	0	0.0001	0
Q	0.0050	0	0.0002	0
L	0.0015	0	0.0001	0
S	0.0479	0	0.0031	0
D	0.0783	0	0.0031	0
F	0.2331	0	0.0131	0
C	0.0116	0	0.0003	0
I	0.1851	0	0.0113	0
S	0.2455	0	0.0078	0
L	0.3075	0	0.0042	0
T	0.0393	0	0.0009	0
G	0.0311	0	0.0047	0
I	0.0018	0	0.0004	0
T	0.0077	0	0.0011	0
Q	0.0052	0	0.0002	0
D	0.0069	0	0.0004	0
Q	0.0043	0	0.0002	0
V	0.0001	0	0.0000	0
D	0.0004	0	0.0001	0
R	0.0008	0	0.0001	0
A	0.0004	0	0.0000	0
D	0.0008	0	0.0000	0
T	0.0012	0	0.0000	0
F	0.0013	0	0.0000	0
P	0.0005	0	0.0000	0
Q	0.0001	0	0.0000	0
V	0.0000	0	0.0000	0
L	0.0000	0	0.0000	0
K	0.0003	0	0.0001	0
K	0.0001	0	0.0000	0
V	0.0000	0	0.0000	0
I	0.0001	0	0.0000	0
D	0.0001	0	0.0000	0
W	0.0001	0	0.0000	0
M	0.0000	0	0.0000	0
K	0.0004	0	0.0002	0
L	0.0001	0	0.0000	0
K	0.0001	0	0.0000	0
E	0.0002	0	0.0000	0
L	0.0002	0	0.0000	0
G	0.0039	0	0.0019	0
T	0.0091	0	0.0045	0
K	0.0422	0	0.0397	0
Y	0.0511	0	0.0377	0
K	0.0156	0	0.0027	0
Y	0.0008	0	0.0001	0
S	0.0006	0	0.0001	0
L	0.0114	0	0.0020	0
L	0.0020	0	0.0002	0
T	0.0055	0	0.0006	0
D	0.0280	0	0.0075	0
G	0.0067	0	0.0009	0
S	0.2490	0	0.0425	0
W	0.3608	1	0.0259	0
D	0.2163	0	0.0072	0
M	0.0049	0	0.0001	0
S	0.0012	0	0.0000	0
K	0.0056	0	0.0002	0
F	0.0013	0	0.0001	0
L	0.0013	0	0.0000	0
N	0.0412	0	0.0007	0
I	0.0175	0	0.0002	0
Q	0.0034	0	0.0000	0
C	0.0007	0	0.0000	0
Q	0.0188	0	0.0013	0
L	0.0087	0	0.0005	0
S	0.0009	0	0.0001	0
R	0.0081	0	0.0044	0
L	0.0012	0	0.0009	0
K	0.0034	0	0.0014	0
Y	0.0060	0	0.0011	0
P	0.0011	0	0.0004	0
P	0.0024	0	0.0006	0
F	0.0060	0	0.0029	0
A	0.0033	0	0.0024	0
K	0.0115	0	0.0035	0
K	0.0037	0	0.0004	0
W	0.0099	0	0.0031	0
I	0.0003	0	0.0001	0
N	0.0129	0	0.0029	0
I	0.0003	0	0.0000	0
R	0.0289	0	0.0087	0
K	0.0032	0	0.0007	0
S	0.0001	0	0.0000	0
Y	0.0002	0	0.0001	0
G	0.0087	0	0.0038	0
N	0.0007	0	0.0002	0
F	0.0002	0	0.0001	0
Y	0.0005	0	0.0003	0
K	0.0035	0	0.0017	0
V	0.0024	0	0.0005	0
P	0.0707	0	0.0071	0
R	0.2284	0	0.0144	0
S	0.0763	0	0.0017	0
Q	0.0876	0	0.0010	0
T	0.1129	0	0.0010	0
K	0.7849	1	0.0020	0
L	0.4887	1	0.0004	0
T	0.0871	0	0.0001	0
I	0.0121	0	0.0000	0
M	0.0001	0	0.0000	0
L	0.0001	0	0.0000	0
E	0.0007	0	0.0000	0
K	0.0003	0	0.0000	0
L	0.0001	0	0.0000	0
G	0.0008	0	0.0001	0
M	0.0034	0	0.0002	0
D	0.0189	0	0.0005	0
Y	0.2796	0	0.0108	0
D	0.4178	1	0.0320	0
G	0.3940	1	0.0111	0
R	0.6010	1	0.0076	0
P	0.3215	0	0.0046	0
H	0.7443	1	0.0583	0
C	0.3667	1	0.1051	0
G	0.3144	0	0.0143	0
L	0.0093	0	0.0015	0
D	0.0011	0	0.0004	0
D	0.3414	0	0.4141	1
S	0.0002	0	0.0000	0
K	0.0051	0	0.0030	0
N	0.0001	0	0.0000	0
I	0.0000	0	0.0000	0
A	0.0000	0	0.0000	0
R	0.0000	0	0.0000	0
I	0.0000	0	0.0000	0
A	0.0000	0	0.0000	0
V	0.0000	0	0.0000	0
R	0.0000	0	0.0000	0
M	0.0000	0	0.0000	0
L	0.0000	0	0.0000	0
Q	0.0000	0	0.0000	0
D	0.0000	0	0.0000	0
G	0.0000	0	0.0000	0
C	0.0000	0	0.0000	0
E	0.0000	0	0.0000	0
L	0.0000	0	0.0000	0
R	0.0003	0	0.0000	0
I	0.0003	0	0.0000	0
N	0.0005	0	0.0000	0
E	0.0006	0	0.0000	0
K	0.0047	0	0.0003	0
M	0.0004	0	0.0000	0
H	0.0055	0	0.0004	0
A	0.0073	0	0.0005	0
G	0.0010	0	0.0000	0
Q	0.0008	0	0.0000	0
L	0.0003	0	0.0000	0
M	0.0005	0	0.0001	0
S	0.0103	0	0.0045	0
V	0.0034	0	0.0007	0
S	0.1700	0	0.0207	0
S	0.1122	0	0.0061	0
S	0.1869	0	0.0154	0
L	0.0391	0	0.0039	0
P	0.0838	0	0.0060	0
I	0.0006	0	0.0001	0
E	0.0018	0	0.0025	0
G	0.0010	0	0.0024	0
T	0.0001	0	0.0001	0
P	0.0001	0	0.0001	0
P	0.0003	0	0.0010	0
P	0.0001	0	0.0001	0
Q	0.0003	0	0.0005	0
M	0.0019	0	0.0017	0
P	0.0073	0	0.0165	0
H	0.0719	0	0.1246	0
F	0.0372	0	0.1009	0
R	0.0632	0	0.0939	0
K	0.1118	0	0.0232	0
</pre></body></html>