<html><head></head><body><pre style="word-wrap: break-word; white-space: pre-wrap;">&gt;Q08285
Amino Acid	probability_DNA	binary_DNA	probability_RNA	binary_RNA
M	0.0018	0	0.0806	0
S	0.0007	0	0.0219	0
T	0.0008	0	0.0254	0
F	0.0001	0	0.0012	0
I	0.0001	0	0.0014	0
F	0.0001	0	0.0005	0
P	0.0001	0	0.0005	0
G	0.0000	0	0.0004	0
D	0.0001	0	0.0008	0
S	0.0007	0	0.0046	0
F	0.0001	0	0.0004	0
P	0.0000	0	0.0003	0
V	0.0000	0	0.0008	0
D	0.0001	0	0.0012	0
P	0.0000	0	0.0006	0
T	0.0000	0	0.0008	0
T	0.0000	0	0.0007	0
P	0.0001	0	0.0017	0
V	0.0002	0	0.0085	0
K	0.0007	0	0.0446	0
L	0.0006	0	0.0349	0
G	0.0043	0	0.1770	1
P	0.0041	0	0.0938	0
G	0.0073	0	0.0994	0
I	0.0002	0	0.0026	0
Y	0.0009	0	0.0172	0
C	0.0004	0	0.0041	0
D	0.0001	0	0.0004	0
P	0.0001	0	0.0007	0
N	0.0004	0	0.0045	0
T	0.0004	0	0.0029	0
Q	0.0002	0	0.0013	0
E	0.0003	0	0.0019	0
I	0.0002	0	0.0010	0
R	0.0004	0	0.0026	0
P	0.0000	0	0.0004	0
V	0.0000	0	0.0005	0
N	0.0001	0	0.0018	0
T	0.0000	0	0.0002	0
G	0.0000	0	0.0005	0
V	0.0000	0	0.0012	0
L	0.0000	0	0.0003	0
H	0.0055	0	0.0752	0
V	0.0168	0	0.1359	0
S	0.0137	0	0.0968	0
A	0.0037	0	0.0402	0
K	0.0192	0	0.0968	0
G	0.0145	0	0.0963	0
K	0.0045	0	0.0250	0
S	0.0234	0	0.0830	0
G	0.0244	0	0.0787	0
V	0.0028	0	0.0090	0
Q	0.0009	0	0.0034	0
T	0.0011	0	0.0068	0
A	0.0002	0	0.0015	0
Y	0.0016	0	0.0199	0
I	0.0004	0	0.0050	0
D	0.0007	0	0.0069	0
Y	0.0015	0	0.0096	0
S	0.0034	0	0.0145	0
S	0.0018	0	0.0093	0
K	0.0033	0	0.0217	0
R	0.0191	0	0.1257	0
Y	0.0234	0	0.1623	1
I	0.0060	0	0.1171	0
P	0.0018	0	0.0688	0
S	0.0156	0	0.3103	1
V	0.0162	0	0.3422	1
N	0.0118	0	0.2824	1
D	0.0229	0	0.3588	1
F	0.0024	0	0.1089	0
V	0.0010	0	0.0546	0
I	0.0001	0	0.0021	0
G	0.0000	0	0.0015	0
V	0.0001	0	0.0041	0
I	0.0000	0	0.0006	0
I	0.0001	0	0.0064	0
G	0.0004	0	0.0230	0
T	0.0183	0	0.3245	1
F	0.0459	0	0.4076	1
S	0.0494	0	0.3257	1
D	0.0242	0	0.2354	1
S	0.0111	0	0.1229	0
Y	0.0480	0	0.2597	1
K	0.1310	0	0.4217	1
V	0.0032	0	0.0182	0
S	0.0280	0	0.2494	1
L	0.0043	0	0.0557	0
Q	0.0213	0	0.2251	1
N	0.0213	0	0.1789	1
F	0.0087	0	0.1002	0
S	0.0050	0	0.0390	0
S	0.0020	0	0.0156	0
S	0.0007	0	0.0079	0
V	0.0002	0	0.0037	0
S	0.0010	0	0.0242	0
L	0.0005	0	0.0093	0
S	0.0214	0	0.2490	1
Y	0.0240	0	0.2762	1
M	0.0252	0	0.3406	1
A	0.0190	0	0.3980	1
F	0.0060	0	0.3198	1
P	0.0065	0	0.3022	1
N	0.0256	0	0.5966	1
A	0.0044	0	0.2204	1
S	0.0016	0	0.1212	0
K	0.0161	0	0.3952	1
K	0.0179	0	0.3654	1
N	0.0274	0	0.4052	1
R	0.0422	0	0.5289	1
P	0.0027	0	0.0916	0
T	0.0103	0	0.2849	1
L	0.0010	0	0.0486	0
Q	0.0153	0	0.3521	1
V	0.0039	0	0.2042	1
G	0.0003	0	0.0518	0
D	0.0014	0	0.1771	1
L	0.0003	0	0.0635	0
V	0.0001	0	0.0072	0
Y	0.0004	0	0.0308	0
A	0.0000	0	0.0005	0
R	0.0002	0	0.0167	0
V	0.0000	0	0.0012	0
C	0.0002	0	0.0077	0
T	0.0004	0	0.0186	0
A	0.0005	0	0.0239	0
E	0.0002	0	0.0110	0
K	0.0004	0	0.0137	0
E	0.0001	0	0.0020	0
L	0.0002	0	0.0052	0
E	0.0001	0	0.0024	0
A	0.0000	0	0.0002	0
E	0.0000	0	0.0004	0
I	0.0000	0	0.0003	0
E	0.0001	0	0.0014	0
C	0.0000	0	0.0011	0
F	0.0001	0	0.0095	0
D	0.0001	0	0.0104	0
S	0.0003	0	0.0184	0
T	0.0008	0	0.0407	0
T	0.0014	0	0.0614	0
G	0.0021	0	0.1422	0
R	0.0097	0	0.6089	1
D	0.0059	0	0.2355	1
A	0.0076	0	0.3832	1
G	0.0090	0	0.6950	1
F	0.0022	0	0.1419	0
G	0.0002	0	0.0370	0
I	0.0004	0	0.1343	0
L	0.0000	0	0.0110	0
E	0.0001	0	0.0880	0
D	0.0001	0	0.0462	0
G	0.0000	0	0.0087	0
M	0.0000	0	0.0024	0
I	0.0000	0	0.0029	0
I	0.0000	0	0.0011	0
D	0.0002	0	0.0225	0
V	0.0002	0	0.0093	0
N	0.0033	0	0.2019	1
L	0.0026	0	0.1766	1
N	0.0298	0	0.8020	1
F	0.0090	0	0.3140	1
A	0.0007	0	0.0398	0
R	0.0167	0	0.4293	1
Q	0.0072	0	0.2465	1
L	0.0001	0	0.0046	0
L	0.0001	0	0.0041	0
F	0.0002	0	0.0163	0
N	0.0002	0	0.0087	0
N	0.0010	0	0.0516	0
D	0.0006	0	0.0241	0
F	0.0002	0	0.0071	0
P	0.0001	0	0.0108	0
L	0.0001	0	0.0057	0
L	0.0001	0	0.0040	0
K	0.0000	0	0.0021	0
V	0.0000	0	0.0001	0
L	0.0000	0	0.0001	0
A	0.0000	0	0.0003	0
A	0.0000	0	0.0002	0
H	0.0000	0	0.0003	0
T	0.0000	0	0.0003	0
K	0.0000	0	0.0013	0
F	0.0000	0	0.0006	0
E	0.0001	0	0.0075	0
V	0.0000	0	0.0030	0
A	0.0000	0	0.0034	0
I	0.0000	0	0.0119	0
G	0.0001	0	0.0186	0
L	0.0029	0	0.3337	1
N	0.0348	0	0.4855	1
G	0.0554	0	0.4088	1
K	0.0257	0	0.3522	1
I	0.0028	0	0.0352	0
W	0.1627	0	0.4061	1
V	0.0006	0	0.0032	0
K	0.0161	0	0.0677	0
C	0.0098	0	0.0154	0
E	0.0068	0	0.0165	0
E	0.0016	0	0.0055	0
L	0.0006	0	0.0022	0
S	0.0005	0	0.0036	0
N	0.0002	0	0.0011	0
T	0.0000	0	0.0003	0
L	0.0000	0	0.0001	0
A	0.0000	0	0.0001	0
C	0.0000	0	0.0000	0
Y	0.0000	0	0.0000	0
R	0.0000	0	0.0002	0
T	0.0000	0	0.0000	0
I	0.0000	0	0.0000	0
M	0.0000	0	0.0001	0
E	0.0000	0	0.0000	0
C	0.0000	0	0.0000	0
C	0.0000	0	0.0000	0
Q	0.0001	0	0.0002	0
K	0.0001	0	0.0001	0
N	0.0001	0	0.0001	0
D	0.0001	0	0.0001	0
T	0.0001	0	0.0001	0
A	0.0001	0	0.0001	0
A	0.0001	0	0.0001	0
F	0.0001	0	0.0001	0
K	0.0006	0	0.0037	0
D	0.0001	0	0.0003	0
I	0.0000	0	0.0000	0
A	0.0000	0	0.0000	0
K	0.0001	0	0.0008	0
R	0.0001	0	0.0005	0
Q	0.0000	0	0.0001	0
F	0.0000	0	0.0000	0
K	0.0001	0	0.0027	0
E	0.0000	0	0.0005	0
I	0.0000	0	0.0001	0
L	0.0000	0	0.0004	0
T	0.0000	0	0.0003	0
V	0.0000	0	0.0001	0
K	0.0002	0	0.0009	0
E	0.0003	0	0.0014	0
E	0.0022	0	0.0096	0
</pre></body></html>