<html><head></head><body><pre style="word-wrap: break-word; white-space: pre-wrap;">&gt;Q81HW2
Amino Acid	probability_DNA	binary_DNA	probability_RNA	binary_RNA
M	0.2089	0	0.0117	0
L	0.1465	0	0.0040	0
S	0.1178	0	0.0014	0
F	0.1343	0	0.0022	0
L	0.1749	0	0.0023	0
L	0.1459	0	0.0030	0
T	0.0205	0	0.0005	0
L	0.0077	0	0.0001	0
K	0.0797	0	0.0009	0
R	0.2188	0	0.0035	0
M	0.0007	0	0.0000	0
L	0.0073	0	0.0001	0
R	0.0628	0	0.0011	0
A	0.0075	0	0.0001	0
C	0.0028	0	0.0000	0
L	0.0182	0	0.0003	0
R	0.0535	0	0.0008	0
A	0.0031	0	0.0000	0
W	0.0069	0	0.0001	0
K	0.0150	0	0.0002	0
D	0.0038	0	0.0000	0
K	0.0041	0	0.0000	0
E	0.0134	0	0.0001	0
F	0.0014	0	0.0000	0
Q	0.0008	0	0.0000	0
V	0.0010	0	0.0000	0
L	0.0001	0	0.0000	0
F	0.0007	0	0.0000	0
V	0.0004	0	0.0000	0
L	0.0002	0	0.0000	0
T	0.0001	0	0.0000	0
I	0.0001	0	0.0000	0
L	0.0002	0	0.0000	0
T	0.0001	0	0.0000	0
L	0.0001	0	0.0000	0
I	0.0006	0	0.0000	0
S	0.0011	0	0.0001	0
G	0.0006	0	0.0000	0
T	0.0010	0	0.0000	0
I	0.0004	0	0.0000	0
F	0.0002	0	0.0000	0
Y	0.0102	0	0.0012	0
S	0.0016	0	0.0001	0
T	0.0044	0	0.0002	0
V	0.0024	0	0.0003	0
E	0.0022	0	0.0002	0
G	0.0017	0	0.0001	0
L	0.0046	0	0.0003	0
R	0.0781	0	0.0028	0
P	0.1168	0	0.0059	0
I	0.0096	0	0.0009	0
D	0.0381	0	0.0037	0
A	0.0071	0	0.0009	0
L	0.0039	0	0.0007	0
Y	0.3045	0	0.1565	1
F	0.0958	0	0.0451	0
S	0.0016	0	0.0002	0
V	0.0067	0	0.0008	0
V	0.0055	0	0.0004	0
T	0.0177	0	0.0014	0
L	0.0073	0	0.0005	0
T	0.5341	1	0.1599	1
T	0.8551	1	0.3315	1
V	0.6715	1	0.4263	1
G	0.6960	1	0.4239	1
A	0.5271	1	0.2409	1
G	0.0070	0	0.0048	0
N	0.0067	0	0.0020	0
F	0.0086	0	0.0008	0
S	0.0395	0	0.0014	0
P	0.0034	0	0.0000	0
Q	0.0043	0	0.0000	0
T	0.0074	0	0.0000	0
D	0.0171	0	0.0002	0
F	0.0007	0	0.0000	0
G	0.0006	0	0.0000	0
K	0.2261	0	0.0025	0
I	0.0004	0	0.0000	0
F	0.0003	0	0.0000	0
T	0.0002	0	0.0000	0
I	0.0037	0	0.0004	0
L	0.0048	0	0.0006	0
Y	0.0005	0	0.0000	0
I	0.0007	0	0.0000	0
F	0.0255	0	0.0026	0
I	0.0009	0	0.0001	0
G	0.0011	0	0.0001	0
I	0.0007	0	0.0000	0
G	0.0002	0	0.0000	0
L	0.0003	0	0.0000	0
V	0.0004	0	0.0000	0
F	0.0008	0	0.0000	0
G	0.0010	0	0.0000	0
F	0.0001	0	0.0000	0
I	0.0040	0	0.0002	0
H	0.0006	0	0.0000	0
K	0.0001	0	0.0000	0
L	0.0001	0	0.0000	0
A	0.0008	0	0.0000	0
V	0.0007	0	0.0000	0
N	0.0020	0	0.0000	0
V	0.0059	0	0.0000	0
Q	0.0025	0	0.0000	0
L	0.0020	0	0.0000	0
P	0.0150	0	0.0001	0
S	0.0426	0	0.0004	0
I	0.0306	0	0.0003	0
L	0.0524	0	0.0004	0
S	0.0170	0	0.0001	0
N	0.0613	0	0.0002	0
R	0.1977	0	0.0006	0
K	0.0090	0	0.0001	0
K	0.0074	0	0.0004	0
E	0.0145	0	0.0019	0
</pre></body></html>