<html><head></head><body><pre style="word-wrap: break-word; white-space: pre-wrap;">&gt;Q5SHQ7
Amino Acid	probability_DNA	binary_DNA	probability_RNA	binary_RNA
M	0.0000	0	0.2410	1
K	0.0000	0	0.2550	1
L	0.0000	0	0.0146	0
S	0.0000	0	0.0354	0
D	0.0000	0	0.0587	0
L	0.0000	0	0.0072	0
R	0.0000	0	0.1910	1
P	0.0000	0	0.0702	0
N	0.0000	0	0.4786	1
P	0.0000	0	0.1632	1
G	0.0000	0	0.4528	1
A	0.0000	0	0.5865	1
N	0.0000	0	0.8926	1
K	0.0000	0	0.9358	1
R	0.0000	0	0.4882	1
R	0.0000	0	0.6918	1
K	0.0000	0	0.9109	1
R	0.0000	0	0.9894	1
V	0.0000	0	0.9799	1
G	0.0000	0	0.8880	1
R	0.0000	0	0.9777	1
G	0.0000	0	0.9721	1
P	0.0000	0	0.7765	1
G	0.0000	0	0.9373	1
S	0.0000	0	0.9792	1
G	0.0000	0	0.9262	1
H	0.0000	0	0.8909	1
G	0.0000	0	0.9360	1
K	0.0000	0	0.9504	1
T	0.0000	0	0.9129	1
A	0.0000	0	0.9668	1
T	0.0000	0	0.9641	1
R	0.0000	0	0.9182	1
G	0.0000	0	0.8990	1
H	0.0000	0	0.8803	1
K	0.0000	0	0.9291	1
G	0.0000	0	0.9377	1
Q	0.0000	0	0.9055	1
K	0.0000	0	0.9504	1
S	0.0000	0	0.5804	1
R	0.0000	0	0.9045	1
S	0.0000	0	0.5972	1
G	0.0000	0	0.7757	1
G	0.0000	0	0.4175	1
L	0.0000	0	0.3430	1
K	0.0000	0	0.2653	1
D	0.0000	0	0.2071	1
P	0.0000	0	0.5118	1
R	0.0000	0	0.2003	1
R	0.0000	0	0.6159	1
F	0.0000	0	0.4796	1
E	0.0000	0	0.2463	1
G	0.0000	0	0.5652	1
G	0.0000	0	0.1416	0
R	0.0000	0	0.2096	1
S	0.0000	0	0.4754	1
T	0.0000	0	0.4466	1
T	0.0000	0	0.6123	1
L	0.0000	0	0.8358	1
M	0.0000	0	0.8093	1
R	0.0000	0	0.8474	1
L	0.0000	0	0.9316	1
P	0.0000	0	0.5911	1
K	0.0001	0	0.8949	1
R	0.0000	0	0.1908	1
G	0.0000	0	0.4914	1
M	0.0004	0	0.9650	1
Q	0.0002	0	0.6874	1
G	0.0002	0	0.8191	1
Q	0.0004	0	0.8009	1
V	0.0004	0	0.8184	1
P	0.0003	0	0.8223	1
G	0.0001	0	0.5683	1
E	0.0001	0	0.6998	1
I	0.0002	0	0.5008	1
K	0.0002	0	0.7072	1
R	0.0001	0	0.6135	1
P	0.0000	0	0.4202	1
R	0.0000	0	0.1261	0
Y	0.0000	0	0.1751	1
Q	0.0000	0	0.0504	0
G	0.0000	0	0.1781	1
V	0.0000	0	0.0371	0
N	0.0000	0	0.4776	1
L	0.0000	0	0.1020	0
K	0.0000	0	0.0423	0
D	0.0000	0	0.0257	0
L	0.0000	0	0.0008	0
A	0.0000	0	0.0010	0
R	0.0000	0	0.0018	0
F	0.0000	0	0.0010	0
E	0.0000	0	0.0007	0
G	0.0000	0	0.0006	0
E	0.0000	0	0.0022	0
V	0.0000	0	0.0007	0
T	0.0000	0	0.0032	0
P	0.0000	0	0.0005	0
E	0.0000	0	0.0015	0
L	0.0000	0	0.0035	0
L	0.0000	0	0.0012	0
V	0.0000	0	0.0336	0
R	0.0000	0	0.0338	0
A	0.0000	0	0.1728	1
G	0.0000	0	0.3327	1
L	0.0000	0	0.0220	0
L	0.0000	0	0.0578	0
K	0.0000	0	0.3916	1
K	0.0000	0	0.2412	1
G	0.0000	0	0.0259	0
Y	0.0000	0	0.0655	0
R	0.0000	0	0.0192	0
L	0.0000	0	0.0066	0
K	0.0000	0	0.4703	1
I	0.0000	0	0.0252	0
L	0.0000	0	0.2404	1
G	0.0000	0	0.0396	0
E	0.0000	0	0.1159	0
G	0.0000	0	0.0622	0
E	0.0000	0	0.0294	0
A	0.0000	0	0.0213	0
K	0.0000	0	0.2824	1
P	0.0000	0	0.3793	1
L	0.0000	0	0.0076	0
K	0.0000	0	0.2870	1
V	0.0000	0	0.0012	0
V	0.0000	0	0.0107	0
A	0.0000	0	0.0012	0
H	0.0000	0	0.0016	0
A	0.0000	0	0.0374	0
F	0.0000	0	0.1092	0
S	0.0002	0	0.9406	1
K	0.0001	0	0.7324	1
S	0.0001	0	0.4537	1
A	0.0000	0	0.0077	0
L	0.0000	0	0.0412	0
E	0.0000	0	0.0259	0
K	0.0000	0	0.3848	1
L	0.0000	0	0.0109	0
K	0.0000	0	0.0413	0
A	0.0000	0	0.2176	1
A	0.0000	0	0.0294	0
G	0.0000	0	0.1982	1
G	0.0000	0	0.0040	0
E	0.0000	0	0.0422	0
P	0.0000	0	0.0106	0
V	0.0000	0	0.0094	0
L	0.0000	0	0.0070	0
L	0.0000	0	0.0027	0
E	0.0000	0	0.0133	0
A	0.0000	0	0.0227	0
</pre></body></html>