<html><head></head><body><pre style="word-wrap: break-word; white-space: pre-wrap;">&gt;Q9CHR1
Amino Acid	probability_DNA	binary_DNA	probability_RNA	binary_RNA
M	0.7638	1	0.0000	0
P	0.2791	0	0.0000	0
K	0.6520	1	0.0000	0
S	0.4618	1	0.0000	0
T	0.4130	1	0.0000	0
Y	0.0986	0	0.0000	0
F	0.1574	0	0.0000	0
S	0.2699	0	0.0000	0
L	0.0221	0	0.0000	0
S	0.1986	0	0.0000	0
D	0.0579	0	0.0000	0
E	0.0283	0	0.0000	0
K	0.6791	1	0.0000	0
R	0.3707	1	0.0000	0
N	0.0031	0	0.0000	0
R	0.0037	0	0.0000	0
V	0.0005	0	0.0000	0
Y	0.0001	0	0.0000	0
D	0.0001	0	0.0000	0
A	0.0001	0	0.0000	0
C	0.0000	0	0.0000	0
L	0.0001	0	0.0000	0
N	0.0001	0	0.0000	0
E	0.0001	0	0.0000	0
F	0.0001	0	0.0000	0
Q	0.0003	0	0.0000	0
T	0.0015	0	0.0000	0
H	0.0125	0	0.0000	0
S	0.0006	0	0.0000	0
F	0.0083	0	0.0000	0
H	0.0183	0	0.0000	0
E	0.0828	0	0.0000	0
A	0.0088	0	0.0000	0
K	0.4251	1	0.0000	0
I	0.5097	1	0.0000	0
M	0.0390	0	0.0000	0
H	0.0112	0	0.0000	0
I	0.0003	0	0.0000	0
V	0.0005	0	0.0000	0
K	0.0009	0	0.0000	0
A	0.0011	0	0.0000	0
L	0.0004	0	0.0000	0
D	0.0042	0	0.0000	0
I	0.0046	0	0.0000	0
P	0.8151	1	0.0000	0
R	0.8369	1	0.0000	0
G	0.9426	1	0.0000	0
S	0.7891	1	0.0000	0
F	0.0405	0	0.0000	0
Y	0.8248	1	0.0000	0
Q	0.6718	1	0.0000	0
Y	0.7681	1	0.0000	0
F	0.0095	0	0.0000	0
E	0.3374	0	0.0000	0
D	0.6252	1	0.0000	0
L	0.5288	1	0.0000	0
K	0.0054	0	0.0000	0
D	0.0004	0	0.0000	0
A	0.0001	0	0.0000	0
Y	0.0001	0	0.0000	0
F	0.0001	0	0.0000	0
Y	0.0000	0	0.0000	0
V	0.0000	0	0.0000	0
L	0.0000	0	0.0000	0
S	0.0002	0	0.0000	0
Q	0.0001	0	0.0000	0
E	0.0001	0	0.0000	0
T	0.0001	0	0.0000	0
L	0.0002	0	0.0000	0
E	0.0003	0	0.0000	0
I	0.0001	0	0.0000	0
H	0.0002	0	0.0000	0
D	0.0003	0	0.0000	0
L	0.0001	0	0.0000	0
F	0.0001	0	0.0000	0
F	0.0001	0	0.0000	0
N	0.0002	0	0.0000	0
L	0.0001	0	0.0000	0
L	0.0001	0	0.0000	0
K	0.0005	0	0.0000	0
D	0.0004	0	0.0000	0
N	0.0004	0	0.0000	0
S	0.0004	0	0.0000	0
I	0.0002	0	0.0000	0
E	0.0007	0	0.0000	0
E	0.0001	0	0.0000	0
S	0.0002	0	0.0000	0
L	0.0001	0	0.0000	0
D	0.0005	0	0.0000	0
K	0.0008	0	0.0000	0
Y	0.0001	0	0.0000	0
K	0.0001	0	0.0000	0
Y	0.0004	0	0.0000	0
L	0.0001	0	0.0000	0
L	0.0001	0	0.0000	0
L	0.0001	0	0.0000	0
E	0.0003	0	0.0000	0
N	0.0003	0	0.0000	0
L	0.0001	0	0.0000	0
I	0.0004	0	0.0000	0
D	0.0016	0	0.0000	0
S	0.0087	0	0.0000	0
P	0.0011	0	0.0000	0
Q	0.0018	0	0.0000	0
Y	0.0006	0	0.0000	0
K	0.0022	0	0.0000	0
L	0.0002	0	0.0000	0
Y	0.0007	0	0.0000	0
K	0.0096	0	0.0000	0
Y	0.0076	0	0.0000	0
R	0.0021	0	0.0000	0
F	0.0017	0	0.0000	0
L	0.0006	0	0.0000	0
D	0.0026	0	0.0000	0
W	0.0038	0	0.0000	0
T	0.0113	0	0.0000	0
Y	0.0151	0	0.0000	0
E	0.0072	0	0.0000	0
L	0.0003	0	0.0000	0
E	0.0011	0	0.0000	0
R	0.0025	0	0.0000	0
D	0.0010	0	0.0000	0
W	0.0009	0	0.0000	0
K	0.0043	0	0.0000	0
P	0.0004	0	0.0000	0
Q	0.0010	0	0.0000	0
S	0.0004	0	0.0000	0
S	0.0010	0	0.0000	0
A	0.0003	0	0.0000	0
T	0.0001	0	0.0000	0
V	0.0001	0	0.0000	0
P	0.0002	0	0.0000	0
A	0.0004	0	0.0000	0
S	0.0002	0	0.0000	0
E	0.0001	0	0.0000	0
N	0.0003	0	0.0000	0
D	0.0004	0	0.0000	0
N	0.0005	0	0.0000	0
P	0.0005	0	0.0000	0
I	0.0005	0	0.0000	0
S	0.0001	0	0.0000	0
Q	0.0002	0	0.0000	0
V	0.0001	0	0.0000	0
L	0.0002	0	0.0000	0
K	0.0007	0	0.0000	0
S	0.0007	0	0.0000	0
V	0.0003	0	0.0000	0
V	0.0001	0	0.0000	0
H	0.0083	0	0.0000	0
N	0.0016	0	0.0000	0
L	0.0002	0	0.0000	0
V	0.0001	0	0.0000	0
Y	0.0008	0	0.0000	0
R	0.0012	0	0.0000	0
L	0.0004	0	0.0000	0
F	0.0002	0	0.0000	0
S	0.0010	0	0.0000	0
E	0.0021	0	0.0000	0
N	0.0016	0	0.0000	0
W	0.0014	0	0.0000	0
T	0.0114	0	0.0000	0
E	0.0025	0	0.0000	0
K	0.0028	0	0.0000	0
T	0.0005	0	0.0000	0
F	0.0002	0	0.0000	0
I	0.0002	0	0.0000	0
E	0.0002	0	0.0000	0
N	0.0002	0	0.0000	0
Y	0.0001	0	0.0000	0
D	0.0004	0	0.0000	0
K	0.0013	0	0.0000	0
E	0.0002	0	0.0000	0
I	0.0001	0	0.0000	0
K	0.0002	0	0.0000	0
L	0.0002	0	0.0000	0
V	0.0001	0	0.0000	0
T	0.0002	0	0.0000	0
E	0.0031	0	0.0000	0
G	0.0005	0	0.0000	0
L	0.0009	0	0.0000	0
L	0.0026	0	0.0000	0
N	0.0122	0	0.0000	0
Y	0.0053	0	0.0000	0
I	0.0081	0	0.0000	0
T	0.0125	0	0.0000	0
D	0.0049	0	0.0000	0
R	0.0110	0	0.0000	0
K	0.0420	0	0.0000	0
N	0.1524	0	0.0000	0
</pre></body></html>