<html><head></head><body><pre style="word-wrap: break-word; white-space: pre-wrap;">&gt;A0R6I8
Amino Acid	probability_DNA	binary_DNA	probability_RNA	binary_RNA
M	0.5093	1	0.0000	0
T	0.1902	0	0.0000	0
T	0.3173	0	0.0000	0
A	0.4487	1	0.0000	0
E	0.4389	1	0.0000	0
A	0.5228	1	0.0000	0
P	0.5826	1	0.0000	0
R	0.4397	1	0.0000	0
R	0.3260	0	0.0000	0
R	0.3905	1	0.0000	0
S	0.0953	0	0.0000	0
E	0.1292	0	0.0000	0
K	0.0896	0	0.0000	0
S	0.5026	1	0.0000	0
R	0.6994	1	0.0000	0
V	0.0051	0	0.0000	0
A	0.0025	0	0.0000	0
I	0.0003	0	0.0000	0
V	0.0002	0	0.0000	0
E	0.0001	0	0.0000	0
A	0.0001	0	0.0000	0
T	0.0000	0	0.0000	0
R	0.0000	0	0.0000	0
A	0.0000	0	0.0000	0
L	0.0000	0	0.0000	0
L	0.0001	0	0.0000	0
L	0.0001	0	0.0000	0
E	0.0002	0	0.0000	0
R	0.0002	0	0.0000	0
G	0.0002	0	0.0000	0
F	0.0007	0	0.0000	0
D	0.0024	0	0.0000	0
G	0.0233	0	0.0000	0
L	0.0042	0	0.0000	0
S	0.4617	1	0.0000	0
I	0.6482	1	0.0000	0
E	0.0481	0	0.0000	0
A	0.0052	0	0.0000	0
V	0.0003	0	0.0000	0
A	0.0005	0	0.0000	0
A	0.0007	0	0.0000	0
K	0.0006	0	0.0000	0
A	0.0005	0	0.0000	0
G	0.0128	0	0.0000	0
V	0.0321	0	0.0000	0
G	0.9023	1	0.0000	0
K	0.8075	1	0.0000	0
Q	0.9704	1	0.0000	0
T	0.9379	1	0.0000	0
I	0.0603	0	0.0000	0
Y	0.9018	1	0.0000	0
R	0.9529	1	0.0000	0
W	0.9604	1	0.0000	0
W	0.0634	0	0.0000	0
P	0.8110	1	0.0000	0
S	0.7082	1	0.0000	0
R	0.6543	1	0.0000	0
H	0.0036	0	0.0000	0
A	0.0003	0	0.0000	0
L	0.0001	0	0.0000	0
V	0.0000	0	0.0000	0
A	0.0000	0	0.0000	0
D	0.0000	0	0.0000	0
V	0.0000	0	0.0000	0
L	0.0000	0	0.0000	0
L	0.0001	0	0.0000	0
E	0.0001	0	0.0000	0
D	0.0000	0	0.0000	0
A	0.0000	0	0.0000	0
D	0.0001	0	0.0000	0
K	0.0001	0	0.0000	0
I	0.0000	0	0.0000	0
L	0.0001	0	0.0000	0
A	0.0001	0	0.0000	0
R	0.0003	0	0.0000	0
M	0.0001	0	0.0000	0
P	0.0001	0	0.0000	0
K	0.0005	0	0.0000	0
T	0.0006	0	0.0000	0
D	0.0006	0	0.0000	0
D	0.0003	0	0.0000	0
V	0.0001	0	0.0000	0
T	0.0003	0	0.0000	0
A	0.0001	0	0.0000	0
D	0.0001	0	0.0000	0
L	0.0000	0	0.0000	0
A	0.0001	0	0.0000	0
S	0.0001	0	0.0000	0
W	0.0000	0	0.0000	0
A	0.0000	0	0.0000	0
G	0.0001	0	0.0000	0
T	0.0000	0	0.0000	0
L	0.0000	0	0.0000	0
A	0.0000	0	0.0000	0
A	0.0001	0	0.0000	0
A	0.0001	0	0.0000	0
L	0.0001	0	0.0000	0
T	0.0002	0	0.0000	0
T	0.0010	0	0.0000	0
R	0.0108	0	0.0000	0
R	0.0068	0	0.0000	0
G	0.0003	0	0.0000	0
H	0.0001	0	0.0000	0
A	0.0001	0	0.0000	0
M	0.0001	0	0.0000	0
L	0.0001	0	0.0000	0
K	0.0030	0	0.0000	0
T	0.0001	0	0.0000	0
L	0.0001	0	0.0000	0
M	0.0002	0	0.0000	0
A	0.0005	0	0.0000	0
A	0.0002	0	0.0000	0
S	0.0002	0	0.0000	0
L	0.0003	0	0.0000	0
E	0.0009	0	0.0000	0
H	0.0026	0	0.0000	0
E	0.0030	0	0.0000	0
D	0.0021	0	0.0000	0
T	0.0004	0	0.0000	0
A	0.0011	0	0.0000	0
A	0.0004	0	0.0000	0
R	0.0004	0	0.0000	0
L	0.0002	0	0.0000	0
R	0.0049	0	0.0000	0
E	0.0005	0	0.0000	0
G	0.0003	0	0.0000	0
F	0.0003	0	0.0000	0
S	0.0003	0	0.0000	0
R	0.0043	0	0.0000	0
P	0.0009	0	0.0000	0
L	0.0002	0	0.0000	0
I	0.0002	0	0.0000	0
E	0.0001	0	0.0000	0
S	0.0000	0	0.0000	0
V	0.0000	0	0.0000	0
R	0.0001	0	0.0000	0
D	0.0004	0	0.0000	0
R	0.0001	0	0.0000	0
L	0.0001	0	0.0000	0
R	0.0003	0	0.0000	0
D	0.0002	0	0.0000	0
E	0.0002	0	0.0000	0
D	0.0003	0	0.0000	0
I	0.0001	0	0.0000	0
D	0.0004	0	0.0000	0
A	0.0007	0	0.0000	0
D	0.0005	0	0.0000	0
H	0.0005	0	0.0000	0
A	0.0002	0	0.0000	0
Q	0.0006	0	0.0000	0
A	0.0001	0	0.0000	0
A	0.0001	0	0.0000	0
A	0.0001	0	0.0000	0
D	0.0001	0	0.0000	0
A	0.0000	0	0.0000	0
L	0.0000	0	0.0000	0
L	0.0001	0	0.0000	0
G	0.0002	0	0.0000	0
A	0.0000	0	0.0000	0
V	0.0000	0	0.0000	0
V	0.0004	0	0.0000	0
N	0.0007	0	0.0000	0
A	0.0001	0	0.0000	0
V	0.0000	0	0.0000	0
L	0.0002	0	0.0000	0
S	0.0002	0	0.0000	0
E	0.0002	0	0.0000	0
G	0.0002	0	0.0000	0
R	0.0004	0	0.0000	0
S	0.0004	0	0.0000	0
Y	0.0003	0	0.0000	0
S	0.0003	0	0.0000	0
R	0.0008	0	0.0000	0
Q	0.0009	0	0.0000	0
R	0.0002	0	0.0000	0
A	0.0001	0	0.0000	0
E	0.0014	0	0.0000	0
T	0.0001	0	0.0000	0
S	0.0001	0	0.0000	0
A	0.0000	0	0.0000	0
R	0.0003	0	0.0000	0
I	0.0001	0	0.0000	0
I	0.0000	0	0.0000	0
V	0.0001	0	0.0000	0
A	0.0002	0	0.0000	0
G	0.0005	0	0.0000	0
L	0.0002	0	0.0000	0
R	0.0193	0	0.0000	0
P	0.1002	0	0.0000	0
</pre></body></html>