<html><head></head><body><pre style="word-wrap: break-word; white-space: pre-wrap;">&gt;Q5SJC4
Amino Acid	probability_DNA	binary_DNA	probability_RNA	binary_RNA
M	0.0383	0	0.0000	0
V	0.3560	1	0.0000	0
V	0.0310	0	0.0000	0
A	0.0182	0	0.0000	0
G	0.1261	0	0.0000	0
I	0.0605	0	0.0000	0
D	0.7290	1	0.0000	0
P	0.2620	0	0.0000	0
G	0.0261	0	0.0000	0
I	0.1000	0	0.0000	0
T	0.0564	0	0.0000	0
H	0.1743	0	0.0000	0
L	0.0034	0	0.0000	0
G	0.0524	0	0.0000	0
L	0.0166	0	0.0000	0
G	0.0014	0	0.0000	0
V	0.0054	0	0.0000	0
V	0.0009	0	0.0000	0
A	0.0055	0	0.0000	0
V	0.0040	0	0.0000	0
E	0.0320	0	0.0000	0
G	0.0840	0	0.0000	0
K	0.3309	0	0.0000	0
G	0.1206	0	0.0000	0
A	0.1758	0	0.0000	0
L	0.0115	0	0.0000	0
K	0.1931	0	0.0000	0
A	0.0069	0	0.0000	0
R	0.0648	0	0.0000	0
L	0.0332	0	0.0000	0
L	0.0145	0	0.0000	0
H	0.0088	0	0.0000	0
G	0.1265	0	0.0000	0
E	0.0101	0	0.0000	0
V	0.0173	0	0.0000	0
V	0.0161	0	0.0000	0
K	0.3825	1	0.0000	0
T	0.0549	0	0.0000	0
S	0.1269	0	0.0000	0
P	0.2275	0	0.0000	0
Q	0.1558	0	0.0000	0
E	0.0822	0	0.0000	0
P	0.0923	0	0.0000	0
A	0.3638	1	0.0000	0
K	0.0061	0	0.0000	0
E	0.0021	0	0.0000	0
R	0.4759	1	0.0000	0
V	0.0010	0	0.0000	0
G	0.0003	0	0.0000	0
R	0.0004	0	0.0000	0
I	0.0001	0	0.0000	0
H	0.0002	0	0.0000	0
A	0.0001	0	0.0000	0
R	0.0001	0	0.0000	0
V	0.0001	0	0.0000	0
L	0.0007	0	0.0000	0
E	0.0002	0	0.0000	0
V	0.0001	0	0.0000	0
L	0.0001	0	0.0000	0
H	0.0002	0	0.0000	0
R	0.0003	0	0.0000	0
F	0.0005	0	0.0000	0
R	0.0045	0	0.0000	0
P	0.0012	0	0.0000	0
E	0.0108	0	0.0000	0
A	0.0008	0	0.0000	0
V	0.0003	0	0.0000	0
A	0.0013	0	0.0000	0
V	0.0103	0	0.0000	0
Q	0.4458	1	0.0000	0
E	0.2952	0	0.0000	0
Q	0.0248	0	0.0000	0
F	0.3190	0	0.0000	0
F	0.6757	1	0.0000	0
Y	0.6219	1	0.0000	0
R	0.8748	1	0.0000	0
Q	0.3772	1	0.0000	0
N	0.3493	0	0.0000	0
E	0.4405	1	0.0000	0
L	0.9290	1	0.0000	0
A	0.1963	0	0.0000	0
Y	0.0129	0	0.0000	0
K	0.1638	0	0.0000	0
V	0.0319	0	0.0000	0
G	0.0234	0	0.0000	0
W	0.2850	0	0.0000	0
A	0.0062	0	0.0000	0
L	0.5971	1	0.0000	0
G	0.0525	0	0.0000	0
A	0.0082	0	0.0000	0
V	0.0005	0	0.0000	0
L	0.0030	0	0.0000	0
V	0.0004	0	0.0000	0
A	0.0003	0	0.0000	0
A	0.0003	0	0.0000	0
F	0.0049	0	0.0000	0
E	0.0088	0	0.0000	0
A	0.0209	0	0.0000	0
G	0.0013	0	0.0000	0
V	0.0003	0	0.0000	0
P	0.0011	0	0.0000	0
V	0.0008	0	0.0000	0
Y	0.0026	0	0.0000	0
A	0.0028	0	0.0000	0
Y	0.0419	0	0.0000	0
G	0.0640	0	0.0000	0
P	0.0274	0	0.0000	0
M	0.4280	1	0.0000	0
Q	0.1655	0	0.0000	0
V	0.0047	0	0.0000	0
K	0.9374	1	0.0000	0
Q	0.9333	1	0.0000	0
A	0.1573	0	0.0000	0
L	0.0062	0	0.0000	0
A	0.0561	0	0.0000	0
G	0.1863	0	0.0000	0
H	0.6502	1	0.0000	0
G	0.0836	0	0.0000	0
H	0.6847	1	0.0000	0
A	0.0207	0	0.0000	0
A	0.1292	0	0.0000	0
K	0.7771	1	0.0000	0
E	0.0127	0	0.0000	0
E	0.0334	0	0.0000	0
V	0.0057	0	0.0000	0
A	0.0722	0	0.0000	0
L	0.0018	0	0.0000	0
M	0.0265	0	0.0000	0
V	0.0003	0	0.0000	0
R	0.0078	0	0.0000	0
G	0.0020	0	0.0000	0
I	0.0002	0	0.0000	0
L	0.0002	0	0.0000	0
G	0.0010	0	0.0000	0
L	0.0008	0	0.0000	0
K	0.0006	0	0.0000	0
E	0.0004	0	0.0000	0
A	0.0003	0	0.0000	0
P	0.0003	0	0.0000	0
R	0.0038	0	0.0000	0
P	0.0013	0	0.0000	0
S	0.0009	0	0.0000	0
H	0.0021	0	0.0000	0
L	0.0004	0	0.0000	0
A	0.0013	0	0.0000	0
D	0.0359	0	0.0000	0
A	0.0010	0	0.0000	0
L	0.0002	0	0.0000	0
A	0.0002	0	0.0000	0
I	0.0002	0	0.0000	0
A	0.0002	0	0.0000	0
L	0.0001	0	0.0000	0
T	0.0004	0	0.0000	0
H	0.0171	0	0.0000	0
A	0.0007	0	0.0000	0
F	0.0181	0	0.0000	0
Y	0.0275	0	0.0000	0
A	0.0119	0	0.0000	0
R	0.0045	0	0.0000	0
M	0.0015	0	0.0000	0
G	0.0017	0	0.0000	0
T	0.0029	0	0.0000	0
A	0.0032	0	0.0000	0
K	0.0176	0	0.0000	0
P	0.0060	0	0.0000	0
L	0.0119	0	0.0000	0
</pre></body></html>