<html><head></head><body><pre style="word-wrap: break-word; white-space: pre-wrap;">&gt;P0DJ19
Amino Acid	probability_DNA	binary_DNA	probability_RNA	binary_RNA
M	0.0138	0	0.6696	1
A	0.0046	0	0.2913	1
K	0.0041	0	0.5661	1
F	0.0003	0	0.0323	0
L	0.0027	0	0.3117	1
K	0.0072	0	0.4287	1
Y	0.0018	0	0.1408	0
G	0.0003	0	0.0228	0
R	0.0002	0	0.0245	0
V	0.0000	0	0.0002	0
V	0.0000	0	0.0002	0
I	0.0000	0	0.0004	0
L	0.0000	0	0.0003	0
L	0.0000	0	0.0013	0
Q	0.0003	0	0.0732	0
G	0.0024	0	0.1986	1
R	0.0263	0	0.4651	1
F	0.0512	0	0.2816	1
A	0.0017	0	0.0239	0
G	0.0022	0	0.0704	0
K	0.0247	0	0.2475	1
K	0.1115	0	0.1857	1
A	0.0027	0	0.0021	0
V	0.0005	0	0.0002	0
I	0.0003	0	0.0001	0
V	0.0002	0	0.0001	0
K	0.1045	0	0.1075	0
S	0.0098	0	0.0077	0
S	0.0066	0	0.0045	0
E	0.0062	0	0.0117	0
D	0.0105	0	0.0264	0
G	0.0188	0	0.0518	0
T	0.1250	0	0.2879	1
K	0.1240	0	0.2782	1
D	0.0511	0	0.2191	1
R	0.2552	0	0.4890	1
K	0.0435	0	0.2493	1
F	0.1014	0	0.3791	1
G	0.0006	0	0.0034	0
H	0.0037	0	0.0317	0
V	0.0001	0	0.0003	0
L	0.0003	0	0.0004	0
V	0.0001	0	0.0001	0
A	0.0000	0	0.0001	0
G	0.0001	0	0.0005	0
V	0.0005	0	0.0034	0
E	0.0049	0	0.0214	0
R	0.0823	0	0.2282	1
S	0.0068	0	0.0155	0
P	0.0051	0	0.0144	0
K	0.0026	0	0.0101	0
K	0.0043	0	0.0084	0
V	0.0027	0	0.0045	0
T	0.0116	0	0.0225	0
K	0.1269	0	0.1480	0
R	0.3580	1	0.2364	1
M	0.2088	0	0.1098	0
G	0.2223	0	0.0870	0
S	0.3395	0	0.1899	1
K	0.5397	1	0.1121	0
K	0.5705	1	0.0313	0
I	0.1599	0	0.0006	0
Q	0.0299	0	0.0002	0
K	0.3273	0	0.0046	0
R	0.2577	0	0.0031	0
T	0.0198	0	0.0001	0
S	0.5034	1	0.0107	0
V	0.0655	0	0.0006	0
K	0.2384	0	0.0060	0
P	0.0163	0	0.0007	0
F	0.0057	0	0.0003	0
I	0.0004	0	0.0000	0
K	0.1408	0	0.0165	0
Y	0.0064	0	0.0003	0
V	0.0004	0	0.0000	0
N	0.0107	0	0.0011	0
L	0.0053	0	0.0009	0
N	0.0415	0	0.0132	0
H	0.1571	0	0.1977	1
I	0.0014	0	0.0011	0
M	0.0410	0	0.0795	0
P	0.0237	0	0.0250	0
T	0.0343	0	0.0971	0
R	0.1184	0	0.3012	1
Y	0.1556	0	0.3821	1
S	0.0395	0	0.0899	0
V	0.0135	0	0.0358	0
K	0.0011	0	0.0020	0
E	0.0002	0	0.0001	0
L	0.0001	0	0.0001	0
C	0.0001	0	0.0000	0
D	0.0001	0	0.0000	0
F	0.0001	0	0.0000	0
K	0.0005	0	0.0002	0
E	0.0001	0	0.0000	0
L	0.0001	0	0.0000	0
V	0.0001	0	0.0000	0
K	0.0002	0	0.0001	0
E	0.0001	0	0.0000	0
D	0.0001	0	0.0000	0
K	0.0001	0	0.0000	0
I	0.0001	0	0.0000	0
K	0.0008	0	0.0004	0
N	0.0010	0	0.0003	0
N	0.0090	0	0.0034	0
A	0.0060	0	0.0010	0
K	0.0714	0	0.0127	0
S	0.1216	0	0.0211	0
E	0.0087	0	0.0007	0
V	0.0011	0	0.0001	0
R	0.0525	0	0.0110	0
D	0.0970	0	0.0109	0
T	0.0017	0	0.0001	0
L	0.0002	0	0.0000	0
K	0.1040	0	0.0105	0
K	0.0137	0	0.0008	0
V	0.0392	0	0.0042	0
F	0.0025	0	0.0004	0
V	0.0018	0	0.0004	0
E	0.0002	0	0.0000	0
K	0.0172	0	0.0084	0
Y	0.0042	0	0.0008	0
R	0.0462	0	0.0114	0
T	0.0013	0	0.0002	0
I	0.0005	0	0.0000	0
N	0.0008	0	0.0001	0
P	0.0006	0	0.0001	0
E	0.0002	0	0.0000	0
E	0.0007	0	0.0001	0
K	0.0010	0	0.0001	0
S	0.0011	0	0.0002	0
A	0.0026	0	0.0008	0
S	0.0457	0	0.0212	0
H	0.2493	0	0.0876	0
T	0.1021	0	0.0254	0
K	0.2115	0	0.0280	0
F	0.0192	0	0.0020	0
F	0.0012	0	0.0001	0
F	0.0014	0	0.0002	0
S	0.0135	0	0.0023	0
K	0.2291	0	0.0506	0
L	0.0254	0	0.0082	0
R	0.5200	1	0.2109	1
F	0.7034	1	0.2848	1
</pre></body></html>