<html><head></head><body><pre style="word-wrap: break-word; white-space: pre-wrap;">&gt;P19947
Amino Acid	probability_DNA	binary_DNA	probability_RNA	binary_RNA
M	0.0547	0	0.6101	1
A	0.0139	0	0.2511	1
K	0.0182	0	0.2925	1
L	0.0002	0	0.0020	0
E	0.0212	0	0.4405	1
I	0.0009	0	0.0190	0
T	0.0410	0	0.2837	1
L	0.0047	0	0.0781	0
K	0.0761	0	0.6553	1
R	0.1134	0	0.8467	1
S	0.1064	0	0.6946	1
V	0.0218	0	0.4276	1
I	0.0018	0	0.1077	0
G	0.0076	0	0.4839	1
R	0.0080	0	0.3444	1
P	0.0065	0	0.2726	1
E	0.0022	0	0.1912	1
D	0.0003	0	0.0233	0
Q	0.0002	0	0.0116	0
R	0.0066	0	0.3097	1
V	0.0001	0	0.0101	0
T	0.0001	0	0.0098	0
V	0.0001	0	0.0061	0
R	0.0036	0	0.2852	1
T	0.0048	0	0.3180	1
L	0.0009	0	0.0877	0
G	0.0066	0	0.3676	1
L	0.0005	0	0.0440	0
K	0.0218	0	0.5729	1
K	0.0209	0	0.7379	1
T	0.0011	0	0.1527	1
N	0.0047	0	0.4329	1
Q	0.0067	0	0.4205	1
T	0.0003	0	0.0237	0
V	0.0001	0	0.0078	0
V	0.0001	0	0.0131	0
H	0.0013	0	0.2017	1
E	0.0002	0	0.0652	0
D	0.0023	0	0.3626	1
N	0.0118	0	0.6260	1
A	0.0113	0	0.3894	1
A	0.0077	0	0.3089	1
I	0.0098	0	0.3841	1
R	0.0265	0	0.4590	1
G	0.0142	0	0.4048	1
M	0.0159	0	0.5701	1
I	0.0001	0	0.0053	0
N	0.0037	0	0.3140	1
K	0.0064	0	0.3083	1
V	0.0001	0	0.0011	0
S	0.0001	0	0.0045	0
H	0.0002	0	0.0120	0
L	0.0000	0	0.0007	0
V	0.0000	0	0.0007	0
S	0.0001	0	0.0150	0
V	0.0000	0	0.0023	0
K	0.0001	0	0.0149	0
E	0.0001	0	0.0134	0
Q	0.0008	0	0.0307	0
</pre></body></html>