<html><head></head><body><pre style="word-wrap: break-word; white-space: pre-wrap;">&gt;P47047
Amino Acid	probability_DNA	binary_DNA	probability_RNA	binary_RNA
M	0.0016	0	0.0007	0
D	0.0003	0	0.0002	0
S	0.0002	0	0.0001	0
T	0.0001	0	0.0000	0
D	0.0001	0	0.0000	0
L	0.0000	0	0.0000	0
F	0.0000	0	0.0000	0
D	0.0000	0	0.0000	0
V	0.0000	0	0.0000	0
F	0.0000	0	0.0000	0
E	0.0000	0	0.0000	0
E	0.0000	0	0.0000	0
T	0.0000	0	0.0000	0
P	0.0000	0	0.0000	0
V	0.0001	0	0.0000	0
E	0.0001	0	0.0000	0
L	0.0001	0	0.0000	0
P	0.0001	0	0.0000	0
T	0.0001	0	0.0000	0
D	0.0003	0	0.0000	0
S	0.0005	0	0.0000	0
N	0.0002	0	0.0000	0
G	0.0010	0	0.0000	0
E	0.0008	0	0.0000	0
K	0.0026	0	0.0000	0
N	0.0017	0	0.0000	0
A	0.0012	0	0.0000	0
D	0.0014	0	0.0000	0
T	0.0002	0	0.0000	0
N	0.0009	0	0.0000	0
V	0.0002	0	0.0000	0
G	0.0002	0	0.0000	0
D	0.0002	0	0.0000	0
T	0.0004	0	0.0000	0
P	0.0002	0	0.0000	0
D	0.0003	0	0.0000	0
H	0.0004	0	0.0000	0
T	0.0009	0	0.0000	0
Q	0.0015	0	0.0000	0
D	0.0013	0	0.0000	0
K	0.0089	0	0.0001	0
K	0.0039	0	0.0000	0
H	0.0038	0	0.0000	0
G	0.0035	0	0.0000	0
L	0.0004	0	0.0000	0
E	0.0006	0	0.0000	0
E	0.0003	0	0.0000	0
E	0.0002	0	0.0000	0
K	0.0002	0	0.0000	0
E	0.0006	0	0.0000	0
E	0.0003	0	0.0000	0
H	0.0003	0	0.0000	0
E	0.0002	0	0.0000	0
E	0.0001	0	0.0000	0
N	0.0002	0	0.0000	0
N	0.0002	0	0.0000	0
S	0.0004	0	0.0000	0
E	0.0001	0	0.0000	0
N	0.0006	0	0.0000	0
K	0.0007	0	0.0000	0
K	0.0036	0	0.0000	0
I	0.0043	0	0.0000	0
K	0.0159	0	0.0000	0
S	0.0350	0	0.0000	0
N	0.1200	0	0.0001	0
K	0.0302	0	0.0000	0
S	0.0150	0	0.0000	0
K	0.0329	0	0.0000	0
T	0.0124	0	0.0000	0
E	0.0094	0	0.0000	0
D	0.0180	0	0.0000	0
K	0.0204	0	0.0000	0
N	0.0036	0	0.0000	0
K	0.0059	0	0.0000	0
K	0.0091	0	0.0000	0
V	0.0011	0	0.0000	0
V	0.0011	0	0.0000	0
V	0.0004	0	0.0000	0
P	0.0002	0	0.0000	0
V	0.0001	0	0.0000	0
L	0.0001	0	0.0000	0
A	0.0000	0	0.0000	0
D	0.0001	0	0.0000	0
S	0.0001	0	0.0000	0
F	0.0001	0	0.0000	0
E	0.0001	0	0.0000	0
Q	0.0003	0	0.0000	0
E	0.0004	0	0.0000	0
A	0.0006	0	0.0000	0
S	0.0004	0	0.0000	0
R	0.0010	0	0.0000	0
E	0.0002	0	0.0000	0
V	0.0001	0	0.0000	0
D	0.0001	0	0.0000	0
A	0.0001	0	0.0000	0
S	0.0001	0	0.0000	0
K	0.0000	0	0.0000	0
G	0.0001	0	0.0000	0
L	0.0000	0	0.0000	0
T	0.0000	0	0.0000	0
N	0.0001	0	0.0000	0
S	0.0001	0	0.0000	0
E	0.0001	0	0.0000	0
T	0.0002	0	0.0000	0
L	0.0001	0	0.0000	0
Q	0.0001	0	0.0000	0
V	0.0001	0	0.0000	0
E	0.0006	0	0.0000	0
Q	0.0008	0	0.0000	0
D	0.0007	0	0.0000	0
G	0.0030	0	0.0000	0
K	0.0010	0	0.0000	0
V	0.0003	0	0.0000	0
R	0.0022	0	0.0000	0
L	0.0003	0	0.0000	0
S	0.0005	0	0.0000	0
H	0.0002	0	0.0000	0
Q	0.0002	0	0.0000	0
V	0.0001	0	0.0000	0
R	0.0006	0	0.0000	0
H	0.0003	0	0.0000	0
Q	0.0003	0	0.0000	0
V	0.0000	0	0.0000	0
A	0.0000	0	0.0000	0
L	0.0000	0	0.0000	0
P	0.0000	0	0.0000	0
P	0.0000	0	0.0000	0
N	0.0001	0	0.0000	0
Y	0.0002	0	0.0000	0
D	0.0001	0	0.0000	0
Y	0.0001	0	0.0000	0
T	0.0000	0	0.0000	0
P	0.0000	0	0.0000	0
I	0.0001	0	0.0000	0
A	0.0001	0	0.0000	0
E	0.0001	0	0.0000	0
H	0.0001	0	0.0000	0
K	0.0002	0	0.0000	0
R	0.0001	0	0.0000	0
V	0.0000	0	0.0000	0
N	0.0002	0	0.0000	0
E	0.0001	0	0.0000	0
A	0.0001	0	0.0000	0
R	0.0003	0	0.0001	0
T	0.0002	0	0.0000	0
Y	0.0001	0	0.0000	0
P	0.0005	0	0.0001	0
F	0.0002	0	0.0000	0
T	0.0008	0	0.0000	0
L	0.0001	0	0.0000	0
D	0.0004	0	0.0002	0
P	0.0000	0	0.0000	0
F	0.0000	0	0.0000	0
Q	0.0000	0	0.0001	0
D	0.0000	0	0.0000	0
T	0.0000	0	0.0000	0
A	0.0000	0	0.0000	0
I	0.0000	0	0.0000	0
S	0.0000	0	0.0000	0
C	0.0000	0	0.0000	0
I	0.0000	0	0.0000	0
D	0.0000	0	0.0000	0
R	0.0000	0	0.0001	0
G	0.0001	0	0.0004	0
E	0.0003	0	0.0003	0
S	0.0003	0	0.0004	0
V	0.0000	0	0.0000	0
L	0.0001	0	0.0004	0
V	0.0000	0	0.0000	0
S	0.0000	0	0.0000	0
A	0.0000	0	0.0000	0
H	0.0001	0	0.0000	0
T	0.0000	0	0.0000	0
S	0.0000	0	0.0000	0
A	0.0000	0	0.0000	0
G	0.0000	0	0.0000	0
K	0.0001	0	0.0001	0
T	0.0000	0	0.0000	0
V	0.0000	0	0.0000	0
V	0.0000	0	0.0000	0
A	0.0000	0	0.0000	0
E	0.0000	0	0.0000	0
Y	0.0000	0	0.0000	0
A	0.0000	0	0.0000	0
I	0.0000	0	0.0000	0
A	0.0000	0	0.0000	0
Q	0.0000	0	0.0000	0
S	0.0000	0	0.0000	0
L	0.0000	0	0.0000	0
K	0.0000	0	0.0000	0
N	0.0000	0	0.0000	0
K	0.0001	0	0.0002	0
Q	0.0001	0	0.0001	0
R	0.0001	0	0.0000	0
V	0.0000	0	0.0000	0
I	0.0000	0	0.0001	0
Y	0.0001	0	0.0001	0
T	0.0001	0	0.0007	0
S	0.0010	0	0.0211	0
P	0.0430	0	0.4863	1
I	0.0536	0	0.3775	1
K	0.0134	0	0.5267	1
A	0.0000	0	0.0031	0
L	0.0000	0	0.0007	0
S	0.0000	0	0.0000	0
N	0.0000	0	0.0006	0
Q	0.0004	0	0.0088	0
K	0.0000	0	0.0005	0
Y	0.0000	0	0.0002	0
R	0.0000	0	0.0005	0
E	0.0000	0	0.0002	0
L	0.0000	0	0.0000	0
L	0.0001	0	0.0022	0
A	0.0001	0	0.0005	0
E	0.0000	0	0.0002	0
F	0.0000	0	0.0001	0
G	0.0000	0	0.0005	0
D	0.0001	0	0.0005	0
V	0.0000	0	0.0003	0
G	0.0001	0	0.0006	0
L	0.0000	0	0.0002	0
M	0.0003	0	0.0053	0
T	0.0159	0	0.1788	1
G	0.2598	0	0.6434	1
D	0.0892	0	0.3414	1
I	0.0197	0	0.1219	0
T	0.0170	0	0.1617	1
I	0.0032	0	0.0198	0
N	0.0030	0	0.0241	0
P	0.0060	0	0.0323	0
D	0.0003	0	0.0018	0
A	0.0001	0	0.0003	0
G	0.0005	0	0.0040	0
C	0.0000	0	0.0002	0
L	0.0001	0	0.0014	0
V	0.0000	0	0.0006	0
M	0.0001	0	0.0027	0
T	0.0253	0	0.9189	1
T	0.0048	0	0.2487	1
E	0.0094	0	0.5438	1
I	0.0029	0	0.2272	1
L	0.0001	0	0.0071	0
R	0.0001	0	0.0188	0
S	0.0005	0	0.0891	0
M	0.0001	0	0.0167	0
L	0.0000	0	0.0042	0
Y	0.0002	0	0.0216	0
R	0.0020	0	0.1566	1
G	0.0002	0	0.0061	0
S	0.0002	0	0.0093	0
E	0.0001	0	0.0044	0
V	0.0001	0	0.0019	0
M	0.0001	0	0.0030	0
R	0.0001	0	0.0053	0
E	0.0001	0	0.0058	0
V	0.0000	0	0.0001	0
A	0.0001	0	0.0029	0
W	0.0000	0	0.0004	0
V	0.0000	0	0.0002	0
I	0.0000	0	0.0007	0
F	0.0000	0	0.0037	0
D	0.0004	0	0.0597	0
E	0.0009	0	0.0849	0
V	0.0001	0	0.0047	0
H	0.0030	0	0.1024	0
Y	0.0096	0	0.2779	1
M	0.0036	0	0.1106	0
R	0.0010	0	0.0368	0
D	0.0010	0	0.0299	0
K	0.0059	0	0.1448	0
E	0.0177	0	0.2833	1
R	0.0472	0	0.4167	1
G	0.0035	0	0.0365	0
V	0.0008	0	0.0082	0
V	0.0008	0	0.0054	0
W	0.0002	0	0.0018	0
E	0.0005	0	0.0062	0
E	0.0000	0	0.0004	0
T	0.0000	0	0.0002	0
I	0.0000	0	0.0002	0
I	0.0000	0	0.0002	0
L	0.0000	0	0.0001	0
L	0.0000	0	0.0001	0
P	0.0000	0	0.0006	0
D	0.0000	0	0.0003	0
K	0.0000	0	0.0005	0
V	0.0000	0	0.0001	0
R	0.0001	0	0.0011	0
Y	0.0000	0	0.0005	0
V	0.0000	0	0.0002	0
F	0.0000	0	0.0008	0
L	0.0000	0	0.0004	0
S	0.0003	0	0.0113	0
A	0.0001	0	0.0031	0
T	0.0011	0	0.0267	0
I	0.0001	0	0.0016	0
P	0.0000	0	0.0014	0
N	0.0000	0	0.0012	0
A	0.0000	0	0.0005	0
M	0.0000	0	0.0008	0
E	0.0000	0	0.0003	0
F	0.0000	0	0.0003	0
A	0.0000	0	0.0002	0
E	0.0000	0	0.0004	0
W	0.0000	0	0.0003	0
I	0.0000	0	0.0002	0
C	0.0000	0	0.0009	0
K	0.0000	0	0.0007	0
I	0.0000	0	0.0002	0
H	0.0000	0	0.0008	0
S	0.0000	0	0.0009	0
Q	0.0000	0	0.0013	0
P	0.0000	0	0.0006	0
C	0.0000	0	0.0003	0
H	0.0000	0	0.0007	0
I	0.0000	0	0.0002	0
V	0.0000	0	0.0006	0
Y	0.0002	0	0.0036	0
T	0.0003	0	0.0032	0
N	0.0003	0	0.0037	0
F	0.0002	0	0.0027	0
R	0.0017	0	0.0203	0
P	0.0008	0	0.0062	0
T	0.0002	0	0.0019	0
P	0.0002	0	0.0023	0
L	0.0003	0	0.0043	0
Q	0.0003	0	0.0039	0
H	0.0002	0	0.0023	0
Y	0.0001	0	0.0007	0
L	0.0001	0	0.0006	0
F	0.0001	0	0.0008	0
P	0.0000	0	0.0004	0
A	0.0002	0	0.0018	0
H	0.0004	0	0.0052	0
G	0.0002	0	0.0027	0
D	0.0001	0	0.0014	0
G	0.0001	0	0.0014	0
I	0.0000	0	0.0005	0
Y	0.0001	0	0.0009	0
L	0.0000	0	0.0002	0
V	0.0000	0	0.0002	0
V	0.0000	0	0.0004	0
D	0.0001	0	0.0009	0
E	0.0001	0	0.0012	0
K	0.0001	0	0.0006	0
S	0.0000	0	0.0003	0
T	0.0000	0	0.0005	0
F	0.0000	0	0.0004	0
R	0.0001	0	0.0010	0
E	0.0001	0	0.0009	0
E	0.0000	0	0.0004	0
N	0.0000	0	0.0005	0
F	0.0000	0	0.0007	0
Q	0.0001	0	0.0010	0
K	0.0001	0	0.0011	0
A	0.0000	0	0.0003	0
M	0.0000	0	0.0002	0
A	0.0000	0	0.0005	0
S	0.0000	0	0.0002	0
I	0.0000	0	0.0002	0
S	0.0000	0	0.0011	0
N	0.0000	0	0.0006	0
Q	0.0000	0	0.0004	0
I	0.0000	0	0.0005	0
G	0.0001	0	0.0033	0
D	0.0001	0	0.0019	0
D	0.0001	0	0.0010	0
P	0.0001	0	0.0010	0
N	0.0002	0	0.0017	0
S	0.0002	0	0.0022	0
T	0.0011	0	0.0105	0
D	0.0006	0	0.0048	0
S	0.0013	0	0.0100	0
R	0.0026	0	0.0190	0
G	0.0027	0	0.0170	0
K	0.0019	0	0.0130	0
K	0.0005	0	0.0037	0
G	0.0004	0	0.0032	0
Q	0.0004	0	0.0046	0
T	0.0001	0	0.0009	0
Y	0.0002	0	0.0027	0
K	0.0004	0	0.0050	0
G	0.0002	0	0.0024	0
G	0.0004	0	0.0035	0
S	0.0003	0	0.0026	0
A	0.0001	0	0.0011	0
K	0.0003	0	0.0027	0
G	0.0001	0	0.0010	0
D	0.0001	0	0.0011	0
A	0.0001	0	0.0009	0
K	0.0001	0	0.0024	0
G	0.0001	0	0.0016	0
D	0.0000	0	0.0004	0
I	0.0000	0	0.0003	0
Y	0.0000	0	0.0002	0
K	0.0000	0	0.0005	0
I	0.0000	0	0.0001	0
V	0.0000	0	0.0001	0
K	0.0000	0	0.0010	0
M	0.0000	0	0.0001	0
I	0.0000	0	0.0001	0
W	0.0000	0	0.0002	0
K	0.0000	0	0.0001	0
K	0.0000	0	0.0001	0
K	0.0000	0	0.0001	0
Y	0.0000	0	0.0002	0
N	0.0000	0	0.0002	0
P	0.0000	0	0.0004	0
V	0.0000	0	0.0005	0
I	0.0000	0	0.0021	0
V	0.0000	0	0.0004	0
F	0.0002	0	0.0217	0
S	0.0006	0	0.0179	0
F	0.0154	0	0.4440	1
S	0.0288	0	0.7795	1
K	0.0350	0	0.7228	1
R	0.0035	0	0.0808	0
D	0.0001	0	0.0012	0
C	0.0000	0	0.0003	0
E	0.0000	0	0.0013	0
E	0.0000	0	0.0003	0
L	0.0000	0	0.0000	0
A	0.0000	0	0.0000	0
L	0.0000	0	0.0000	0
K	0.0000	0	0.0000	0
M	0.0000	0	0.0000	0
S	0.0000	0	0.0001	0
K	0.0000	0	0.0001	0
L	0.0000	0	0.0000	0
D	0.0000	0	0.0000	0
F	0.0000	0	0.0001	0
N	0.0000	0	0.0002	0
S	0.0000	0	0.0002	0
D	0.0000	0	0.0002	0
D	0.0000	0	0.0003	0
E	0.0000	0	0.0001	0
K	0.0000	0	0.0006	0
E	0.0000	0	0.0001	0
A	0.0000	0	0.0001	0
L	0.0000	0	0.0000	0
T	0.0000	0	0.0002	0
K	0.0000	0	0.0001	0
I	0.0000	0	0.0000	0
F	0.0000	0	0.0000	0
N	0.0000	0	0.0002	0
N	0.0000	0	0.0002	0
A	0.0000	0	0.0001	0
I	0.0000	0	0.0000	0
A	0.0000	0	0.0000	0
L	0.0000	0	0.0001	0
L	0.0000	0	0.0001	0
P	0.0000	0	0.0002	0
E	0.0000	0	0.0002	0
T	0.0000	0	0.0005	0
D	0.0000	0	0.0003	0
R	0.0001	0	0.0008	0
E	0.0000	0	0.0004	0
L	0.0000	0	0.0001	0
P	0.0000	0	0.0002	0
Q	0.0000	0	0.0002	0
I	0.0000	0	0.0001	0
K	0.0000	0	0.0004	0
H	0.0000	0	0.0005	0
I	0.0000	0	0.0001	0
L	0.0000	0	0.0001	0
P	0.0000	0	0.0001	0
L	0.0000	0	0.0001	0
L	0.0000	0	0.0001	0
R	0.0000	0	0.0007	0
R	0.0000	0	0.0005	0
G	0.0000	0	0.0003	0
I	0.0000	0	0.0002	0
G	0.0000	0	0.0004	0
I	0.0000	0	0.0027	0
H	0.0002	0	0.0205	0
H	0.0018	0	0.2209	1
S	0.0017	0	0.1643	1
G	0.0009	0	0.1087	0
L	0.0005	0	0.0630	0
L	0.0011	0	0.1428	0
P	0.0045	0	0.3253	1
I	0.0004	0	0.0421	0
L	0.0001	0	0.0036	0
K	0.0085	0	0.4643	1
E	0.0000	0	0.0020	0
V	0.0000	0	0.0006	0
I	0.0000	0	0.0015	0
E	0.0000	0	0.0021	0
I	0.0000	0	0.0021	0
L	0.0000	0	0.0005	0
F	0.0000	0	0.0022	0
Q	0.0001	0	0.0214	0
E	0.0000	0	0.0019	0
G	0.0000	0	0.0008	0
F	0.0000	0	0.0014	0
L	0.0000	0	0.0002	0
K	0.0000	0	0.0037	0
V	0.0000	0	0.0002	0
L	0.0000	0	0.0004	0
F	0.0000	0	0.0007	0
A	0.0006	0	0.0139	0
T	0.0407	0	0.4015	1
E	0.0706	0	0.3885	1
T	0.0980	0	0.4779	1
F	0.0007	0	0.0305	0
S	0.0001	0	0.0067	0
I	0.0001	0	0.0110	0
G	0.0000	0	0.0011	0
L	0.0000	0	0.0021	0
N	0.0001	0	0.0189	0
M	0.0000	0	0.0039	0
P	0.0000	0	0.0020	0
A	0.0000	0	0.0011	0
K	0.0000	0	0.0008	0
T	0.0000	0	0.0004	0
V	0.0000	0	0.0001	0
V	0.0000	0	0.0001	0
F	0.0000	0	0.0002	0
T	0.0000	0	0.0007	0
S	0.0000	0	0.0011	0
V	0.0000	0	0.0016	0
R	0.0001	0	0.0063	0
K	0.0004	0	0.0138	0
W	0.0017	0	0.0339	0
D	0.0002	0	0.0032	0
G	0.0003	0	0.0047	0
Q	0.0003	0	0.0041	0
Q	0.0010	0	0.0092	0
F	0.0002	0	0.0013	0
R	0.0001	0	0.0007	0
W	0.0001	0	0.0005	0
V	0.0000	0	0.0001	0
S	0.0001	0	0.0014	0
G	0.0001	0	0.0007	0
G	0.0000	0	0.0003	0
E	0.0000	0	0.0004	0
Y	0.0000	0	0.0006	0
I	0.0000	0	0.0001	0
Q	0.0000	0	0.0032	0
M	0.0000	0	0.0002	0
S	0.0000	0	0.0000	0
G	0.0000	0	0.0000	0
R	0.0000	0	0.0002	0
A	0.0000	0	0.0003	0
G	0.0000	0	0.0002	0
R	0.0006	0	0.0219	0
R	0.0000	0	0.0004	0
G	0.0000	0	0.0006	0
L	0.0000	0	0.0014	0
D	0.0000	0	0.0013	0
D	0.0001	0	0.0077	0
R	0.0000	0	0.0008	0
G	0.0000	0	0.0002	0
I	0.0000	0	0.0001	0
V	0.0000	0	0.0000	0
I	0.0000	0	0.0003	0
M	0.0000	0	0.0000	0
M	0.0000	0	0.0000	0
I	0.0000	0	0.0001	0
D	0.0000	0	0.0006	0
E	0.0000	0	0.0004	0
K	0.0000	0	0.0004	0
M	0.0000	0	0.0002	0
E	0.0000	0	0.0002	0
P	0.0000	0	0.0001	0
Q	0.0000	0	0.0001	0
V	0.0000	0	0.0000	0
A	0.0000	0	0.0000	0
K	0.0000	0	0.0001	0
G	0.0000	0	0.0001	0
M	0.0000	0	0.0001	0
V	0.0000	0	0.0000	0
K	0.0000	0	0.0001	0
G	0.0000	0	0.0001	0
Q	0.0000	0	0.0002	0
A	0.0000	0	0.0003	0
D	0.0000	0	0.0005	0
R	0.0002	0	0.0042	0
L	0.0000	0	0.0007	0
D	0.0001	0	0.0018	0
S	0.0004	0	0.0089	0
A	0.0009	0	0.0219	0
F	0.0014	0	0.0187	0
H	0.0030	0	0.0441	0
L	0.0004	0	0.0027	0
G	0.0003	0	0.0049	0
Y	0.0003	0	0.0065	0
N	0.0001	0	0.0019	0
M	0.0000	0	0.0001	0
I	0.0000	0	0.0000	0
L	0.0000	0	0.0001	0
N	0.0000	0	0.0007	0
L	0.0000	0	0.0002	0
M	0.0000	0	0.0001	0
R	0.0000	0	0.0064	0
V	0.0000	0	0.0010	0
E	0.0001	0	0.0048	0
G	0.0001	0	0.0040	0
I	0.0001	0	0.0041	0
S	0.0005	0	0.0179	0
P	0.0001	0	0.0022	0
E	0.0001	0	0.0016	0
F	0.0000	0	0.0005	0
M	0.0000	0	0.0003	0
L	0.0000	0	0.0001	0
E	0.0004	0	0.0042	0
H	0.0061	0	0.0320	0
S	0.0002	0	0.0011	0
F	0.0001	0	0.0006	0
F	0.0004	0	0.0038	0
Q	0.0001	0	0.0010	0
F	0.0001	0	0.0009	0
Q	0.0002	0	0.0019	0
N	0.0009	0	0.0109	0
V	0.0002	0	0.0022	0
I	0.0018	0	0.0197	0
S	0.0001	0	0.0013	0
V	0.0000	0	0.0002	0
P	0.0000	0	0.0003	0
V	0.0000	0	0.0004	0
M	0.0000	0	0.0001	0
E	0.0000	0	0.0006	0
K	0.0001	0	0.0016	0
K	0.0000	0	0.0001	0
L	0.0000	0	0.0000	0
A	0.0000	0	0.0003	0
E	0.0000	0	0.0002	0
L	0.0000	0	0.0000	0
K	0.0000	0	0.0009	0
K	0.0000	0	0.0002	0
D	0.0000	0	0.0000	0
F	0.0000	0	0.0000	0
D	0.0000	0	0.0000	0
G	0.0000	0	0.0001	0
I	0.0000	0	0.0001	0
E	0.0000	0	0.0000	0
V	0.0000	0	0.0000	0
E	0.0000	0	0.0001	0
D	0.0000	0	0.0001	0
E	0.0000	0	0.0002	0
E	0.0000	0	0.0003	0
N	0.0000	0	0.0001	0
V	0.0000	0	0.0002	0
K	0.0001	0	0.0017	0
E	0.0000	0	0.0005	0
Y	0.0000	0	0.0012	0
H	0.0000	0	0.0004	0
E	0.0001	0	0.0020	0
I	0.0001	0	0.0010	0
E	0.0021	0	0.0351	0
Q	0.0001	0	0.0024	0
A	0.0002	0	0.0032	0
I	0.0000	0	0.0004	0
K	0.0001	0	0.0022	0
G	0.0000	0	0.0004	0
Y	0.0000	0	0.0002	0
R	0.0000	0	0.0014	0
E	0.0002	0	0.0063	0
D	0.0000	0	0.0011	0
V	0.0000	0	0.0001	0
R	0.0000	0	0.0021	0
Q	0.0000	0	0.0002	0
V	0.0000	0	0.0001	0
V	0.0000	0	0.0001	0
T	0.0000	0	0.0002	0
H	0.0001	0	0.0012	0
P	0.0000	0	0.0009	0
A	0.0007	0	0.0248	0
N	0.0004	0	0.0099	0
A	0.0000	0	0.0007	0
L	0.0005	0	0.0117	0
S	0.0006	0	0.0126	0
F	0.0000	0	0.0003	0
L	0.0000	0	0.0002	0
Q	0.0002	0	0.0028	0
P	0.0000	0	0.0008	0
G	0.0001	0	0.0012	0
R	0.0003	0	0.0054	0
L	0.0000	0	0.0005	0
V	0.0000	0	0.0003	0
E	0.0002	0	0.0028	0
I	0.0001	0	0.0006	0
S	0.0008	0	0.0111	0
V	0.0017	0	0.0189	0
N	0.0370	0	0.2207	1
G	0.0274	0	0.2109	1
K	0.0144	0	0.1580	1
D	0.0021	0	0.0250	0
N	0.0007	0	0.0108	0
Y	0.0002	0	0.0030	0
G	0.0002	0	0.0022	0
W	0.0000	0	0.0004	0
G	0.0000	0	0.0003	0
A	0.0000	0	0.0004	0
V	0.0000	0	0.0004	0
V	0.0000	0	0.0003	0
D	0.0004	0	0.0072	0
F	0.0029	0	0.0263	0
A	0.0108	0	0.0770	0
K	0.0073	0	0.0514	0
R	0.0047	0	0.0266	0
I	0.0015	0	0.0079	0
N	0.0007	0	0.0062	0
K	0.0001	0	0.0012	0
R	0.0004	0	0.0040	0
N	0.0006	0	0.0048	0
P	0.0006	0	0.0045	0
S	0.0004	0	0.0026	0
A	0.0002	0	0.0021	0
V	0.0001	0	0.0005	0
Y	0.0001	0	0.0005	0
T	0.0001	0	0.0007	0
D	0.0001	0	0.0009	0
H	0.0003	0	0.0029	0
E	0.0002	0	0.0014	0
S	0.0002	0	0.0012	0
Y	0.0001	0	0.0010	0
I	0.0000	0	0.0003	0
V	0.0000	0	0.0002	0
N	0.0000	0	0.0004	0
V	0.0000	0	0.0003	0
V	0.0000	0	0.0004	0
V	0.0001	0	0.0010	0
N	0.0008	0	0.0071	0
T	0.0009	0	0.0052	0
M	0.0059	0	0.0269	0
Y	0.0152	0	0.0532	0
I	0.0137	0	0.0378	0
D	0.0054	0	0.0128	0
S	0.0065	0	0.0152	0
P	0.0010	0	0.0026	0
V	0.0008	0	0.0029	0
N	0.0002	0	0.0012	0
L	0.0001	0	0.0005	0
L	0.0003	0	0.0026	0
K	0.0002	0	0.0011	0
P	0.0001	0	0.0008	0
F	0.0001	0	0.0004	0
N	0.0000	0	0.0002	0
P	0.0000	0	0.0003	0
T	0.0003	0	0.0032	0
L	0.0001	0	0.0007	0
P	0.0001	0	0.0008	0
E	0.0000	0	0.0003	0
G	0.0000	0	0.0002	0
I	0.0000	0	0.0002	0
R	0.0000	0	0.0005	0
P	0.0000	0	0.0003	0
A	0.0000	0	0.0002	0
E	0.0000	0	0.0014	0
E	0.0000	0	0.0010	0
G	0.0001	0	0.0025	0
E	0.0000	0	0.0011	0
K	0.0000	0	0.0008	0
S	0.0000	0	0.0001	0
I	0.0000	0	0.0001	0
C	0.0000	0	0.0001	0
A	0.0000	0	0.0001	0
V	0.0000	0	0.0000	0
I	0.0000	0	0.0000	0
P	0.0000	0	0.0001	0
I	0.0000	0	0.0000	0
T	0.0000	0	0.0000	0
L	0.0000	0	0.0001	0
D	0.0000	0	0.0002	0
S	0.0000	0	0.0001	0
I	0.0000	0	0.0001	0
K	0.0000	0	0.0001	0
S	0.0000	0	0.0002	0
I	0.0000	0	0.0002	0
G	0.0000	0	0.0006	0
N	0.0002	0	0.0086	0
L	0.0000	0	0.0005	0
R	0.0053	0	0.1663	1
L	0.0001	0	0.0012	0
Y	0.0002	0	0.0070	0
M	0.0003	0	0.0070	0
P	0.0001	0	0.0024	0
K	0.0001	0	0.0027	0
D	0.0000	0	0.0006	0
I	0.0000	0	0.0007	0
R	0.0000	0	0.0015	0
A	0.0000	0	0.0008	0
S	0.0001	0	0.0019	0
G	0.0001	0	0.0018	0
Q	0.0000	0	0.0006	0
K	0.0001	0	0.0022	0
E	0.0001	0	0.0024	0
T	0.0001	0	0.0021	0
V	0.0000	0	0.0000	0
G	0.0000	0	0.0001	0
K	0.0003	0	0.0072	0
S	0.0000	0	0.0003	0
L	0.0000	0	0.0001	0
R	0.0001	0	0.0045	0
E	0.0000	0	0.0002	0
V	0.0000	0	0.0000	0
N	0.0000	0	0.0001	0
R	0.0000	0	0.0002	0
R	0.0000	0	0.0002	0
F	0.0000	0	0.0001	0
P	0.0000	0	0.0001	0
D	0.0000	0	0.0005	0
G	0.0000	0	0.0011	0
I	0.0000	0	0.0003	0
P	0.0000	0	0.0009	0
V	0.0000	0	0.0017	0
L	0.0000	0	0.0007	0
D	0.0000	0	0.0008	0
P	0.0000	0	0.0006	0
V	0.0000	0	0.0006	0
K	0.0000	0	0.0017	0
N	0.0000	0	0.0017	0
M	0.0000	0	0.0005	0
K	0.0000	0	0.0006	0
I	0.0000	0	0.0001	0
E	0.0000	0	0.0003	0
D	0.0000	0	0.0001	0
E	0.0000	0	0.0001	0
D	0.0000	0	0.0002	0
F	0.0000	0	0.0006	0
L	0.0001	0	0.0021	0
K	0.0000	0	0.0020	0
L	0.0000	0	0.0003	0
M	0.0000	0	0.0005	0
K	0.0003	0	0.0094	0
K	0.0002	0	0.0040	0
I	0.0000	0	0.0003	0
D	0.0000	0	0.0003	0
V	0.0000	0	0.0002	0
L	0.0000	0	0.0001	0
N	0.0000	0	0.0010	0
T	0.0001	0	0.0015	0
K	0.0000	0	0.0015	0
L	0.0000	0	0.0000	0
S	0.0000	0	0.0001	0
S	0.0000	0	0.0002	0
N	0.0000	0	0.0010	0
P	0.0000	0	0.0003	0
L	0.0000	0	0.0007	0
T	0.0021	0	0.0607	0
N	0.0266	0	0.2003	1
S	0.0061	0	0.0483	0
M	0.0046	0	0.0556	0
R	0.0040	0	0.0662	0
L	0.0002	0	0.0033	0
E	0.0002	0	0.0037	0
E	0.0001	0	0.0019	0
L	0.0001	0	0.0016	0
Y	0.0000	0	0.0004	0
G	0.0009	0	0.0332	0
K	0.0002	0	0.0039	0
Y	0.0000	0	0.0001	0
S	0.0000	0	0.0009	0
R	0.0012	0	0.0177	0
K	0.0006	0	0.0054	0
H	0.0002	0	0.0029	0
D	0.0003	0	0.0074	0
L	0.0000	0	0.0001	0
H	0.0000	0	0.0004	0
E	0.0000	0	0.0003	0
D	0.0000	0	0.0003	0
M	0.0000	0	0.0002	0
K	0.0000	0	0.0003	0
Q	0.0000	0	0.0010	0
L	0.0000	0	0.0001	0
K	0.0001	0	0.0022	0
R	0.0002	0	0.0023	0
K	0.0000	0	0.0004	0
I	0.0000	0	0.0001	0
S	0.0001	0	0.0013	0
E	0.0002	0	0.0025	0
S	0.0001	0	0.0007	0
Q	0.0059	0	0.0776	0
A	0.0017	0	0.0146	0
V	0.0001	0	0.0006	0
I	0.0000	0	0.0006	0
Q	0.0000	0	0.0002	0
L	0.0000	0	0.0027	0
D	0.0000	0	0.0013	0
D	0.0000	0	0.0006	0
L	0.0000	0	0.0013	0
R	0.0000	0	0.0015	0
R	0.0000	0	0.0012	0
R	0.0001	0	0.0117	0
K	0.0000	0	0.0002	0
R	0.0000	0	0.0004	0
V	0.0000	0	0.0001	0
L	0.0000	0	0.0001	0
R	0.0000	0	0.0034	0
R	0.0000	0	0.0008	0
L	0.0000	0	0.0001	0
G	0.0000	0	0.0002	0
F	0.0000	0	0.0002	0
C	0.0000	0	0.0001	0
T	0.0000	0	0.0006	0
P	0.0000	0	0.0005	0
N	0.0000	0	0.0001	0
D	0.0000	0	0.0001	0
I	0.0000	0	0.0002	0
I	0.0000	0	0.0001	0
E	0.0001	0	0.0004	0
L	0.0001	0	0.0008	0
K	0.0017	0	0.0240	0
G	0.0003	0	0.0037	0
R	0.0016	0	0.0114	0
V	0.0001	0	0.0003	0
A	0.0000	0	0.0003	0
C	0.0000	0	0.0001	0
E	0.0000	0	0.0006	0
I	0.0000	0	0.0001	0
S	0.0001	0	0.0011	0
S	0.0000	0	0.0005	0
G	0.0000	0	0.0004	0
D	0.0000	0	0.0005	0
E	0.0000	0	0.0012	0
L	0.0000	0	0.0001	0
L	0.0000	0	0.0000	0
L	0.0000	0	0.0000	0
T	0.0000	0	0.0004	0
E	0.0003	0	0.0101	0
L	0.0000	0	0.0002	0
I	0.0000	0	0.0013	0
F	0.0000	0	0.0007	0
N	0.0000	0	0.0003	0
G	0.0000	0	0.0003	0
N	0.0000	0	0.0001	0
F	0.0000	0	0.0001	0
N	0.0000	0	0.0002	0
E	0.0000	0	0.0002	0
L	0.0000	0	0.0001	0
K	0.0000	0	0.0001	0
P	0.0000	0	0.0001	0
E	0.0000	0	0.0001	0
Q	0.0000	0	0.0001	0
A	0.0000	0	0.0000	0
A	0.0000	0	0.0001	0
A	0.0000	0	0.0005	0
L	0.0000	0	0.0004	0
L	0.0000	0	0.0004	0
S	0.0010	0	0.1019	0
C	0.0000	0	0.0008	0
F	0.0000	0	0.0015	0
A	0.0000	0	0.0002	0
F	0.0002	0	0.0066	0
Q	0.0126	0	0.2650	1
E	0.0003	0	0.0063	0
R	0.0013	0	0.0294	0
C	0.0003	0	0.0068	0
K	0.0001	0	0.0020	0
E	0.0001	0	0.0040	0
A	0.0001	0	0.0007	0
P	0.0001	0	0.0008	0
R	0.0003	0	0.0057	0
L	0.0001	0	0.0010	0
K	0.0022	0	0.0229	0
P	0.0015	0	0.0159	0
E	0.0006	0	0.0054	0
L	0.0000	0	0.0002	0
A	0.0001	0	0.0008	0
E	0.0000	0	0.0002	0
P	0.0000	0	0.0000	0
L	0.0000	0	0.0001	0
K	0.0000	0	0.0002	0
A	0.0001	0	0.0012	0
M	0.0000	0	0.0000	0
R	0.0000	0	0.0009	0
E	0.0000	0	0.0002	0
I	0.0000	0	0.0000	0
A	0.0000	0	0.0001	0
A	0.0002	0	0.0030	0
K	0.0007	0	0.0130	0
I	0.0000	0	0.0001	0
A	0.0000	0	0.0001	0
K	0.0001	0	0.0065	0
I	0.0000	0	0.0001	0
M	0.0000	0	0.0002	0
K	0.0000	0	0.0007	0
D	0.0000	0	0.0005	0
S	0.0000	0	0.0003	0
K	0.0000	0	0.0029	0
I	0.0000	0	0.0003	0
E	0.0000	0	0.0003	0
V	0.0000	0	0.0002	0
V	0.0000	0	0.0003	0
E	0.0000	0	0.0002	0
K	0.0000	0	0.0002	0
D	0.0000	0	0.0002	0
Y	0.0000	0	0.0011	0
V	0.0000	0	0.0003	0
E	0.0000	0	0.0005	0
S	0.0000	0	0.0045	0
F	0.0000	0	0.0004	0
R	0.0002	0	0.0162	0
H	0.0001	0	0.0028	0
E	0.0000	0	0.0026	0
L	0.0000	0	0.0015	0
M	0.0000	0	0.0020	0
E	0.0000	0	0.0059	0
V	0.0000	0	0.0004	0
V	0.0000	0	0.0002	0
Y	0.0005	0	0.0479	0
E	0.0000	0	0.0035	0
W	0.0003	0	0.0668	0
C	0.0000	0	0.0014	0
R	0.0001	0	0.0141	0
G	0.0001	0	0.0105	0
A	0.0001	0	0.0044	0
T	0.0001	0	0.0039	0
F	0.0005	0	0.0190	0
T	0.0001	0	0.0019	0
Q	0.0000	0	0.0005	0
I	0.0000	0	0.0001	0
C	0.0000	0	0.0003	0
K	0.0000	0	0.0009	0
M	0.0000	0	0.0003	0
T	0.0000	0	0.0001	0
D	0.0000	0	0.0001	0
V	0.0000	0	0.0002	0
Y	0.0001	0	0.0180	0
E	0.0009	0	0.1190	0
G	0.0005	0	0.0601	0
S	0.0001	0	0.0094	0
L	0.0000	0	0.0023	0
I	0.0003	0	0.0121	0
R	0.0162	0	0.3186	1
M	0.0000	0	0.0003	0
F	0.0000	0	0.0004	0
K	0.0349	0	0.3750	1
R	0.0160	0	0.1916	1
L	0.0001	0	0.0011	0
E	0.0000	0	0.0012	0
E	0.0001	0	0.0087	0
L	0.0000	0	0.0001	0
V	0.0000	0	0.0000	0
K	0.0001	0	0.0117	0
E	0.0000	0	0.0006	0
L	0.0000	0	0.0000	0
V	0.0000	0	0.0003	0
D	0.0000	0	0.0002	0
V	0.0000	0	0.0000	0
A	0.0000	0	0.0000	0
N	0.0000	0	0.0008	0
T	0.0000	0	0.0002	0
I	0.0000	0	0.0002	0
G	0.0000	0	0.0027	0
N	0.0002	0	0.0109	0
S	0.0024	0	0.1096	0
S	0.0035	0	0.1707	1
L	0.0000	0	0.0008	0
K	0.0001	0	0.0029	0
E	0.0002	0	0.0045	0
K	0.0039	0	0.0844	0
M	0.0000	0	0.0002	0
E	0.0000	0	0.0010	0
A	0.0000	0	0.0023	0
V	0.0000	0	0.0008	0
L	0.0001	0	0.0057	0
K	0.0005	0	0.0586	0
L	0.0025	0	0.2406	1
I	0.0000	0	0.0059	0
H	0.0020	0	0.2517	1
R	0.0137	0	0.6309	1
D	0.0011	0	0.0706	0
I	0.0000	0	0.0027	0
V	0.0000	0	0.0035	0
S	0.0010	0	0.0416	0
A	0.0019	0	0.0581	0
G	0.0068	0	0.1839	1
S	0.0513	0	0.4155	1
L	0.0005	0	0.0123	0
Y	0.1625	0	0.7479	1
L	0.0328	0	0.2255	1
</pre></body></html>