<html><head></head><body><pre style="word-wrap: break-word; white-space: pre-wrap;">&gt;Q5L3T3
Amino Acid	probability_DNA	binary_DNA	probability_RNA	binary_RNA
M	0.0036	0	0.0031	0
I	0.0022	0	0.0016	0
D	0.0023	0	0.0021	0
K	0.0088	0	0.0053	0
V	0.0003	0	0.0002	0
R	0.0091	0	0.0161	0
A	0.0203	0	0.0276	0
F	0.0003	0	0.0001	0
I	0.0005	0	0.0005	0
H	0.0027	0	0.0052	0
R	0.0075	0	0.0051	0
H	0.0016	0	0.0003	0
Q	0.0006	0	0.0004	0
L	0.0002	0	0.0001	0
L	0.0000	0	0.0001	0
S	0.0000	0	0.0001	0
E	0.0001	0	0.0001	0
G	0.0001	0	0.0002	0
A	0.0000	0	0.0001	0
A	0.0005	0	0.0006	0
V	0.0000	0	0.0000	0
I	0.0000	0	0.0001	0
V	0.0000	0	0.0001	0
G	0.0000	0	0.0001	0
V	0.0000	0	0.0001	0
S	0.0033	0	0.0181	0
G	0.0010	0	0.0040	0
G	0.0003	0	0.0012	0
P	0.0001	0	0.0005	0
D	0.0022	0	0.0013	0
S	0.0079	0	0.0005	0
L	0.0003	0	0.0000	0
A	0.0000	0	0.0000	0
L	0.0000	0	0.0000	0
L	0.0000	0	0.0000	0
H	0.0000	0	0.0000	0
V	0.0000	0	0.0000	0
F	0.0000	0	0.0000	0
L	0.0000	0	0.0000	0
S	0.0000	0	0.0000	0
L	0.0000	0	0.0000	0
R	0.0002	0	0.0001	0
D	0.0003	0	0.0002	0
E	0.0002	0	0.0001	0
W	0.0001	0	0.0000	0
K	0.0001	0	0.0001	0
L	0.0001	0	0.0000	0
Q	0.0003	0	0.0001	0
V	0.0001	0	0.0000	0
I	0.0001	0	0.0000	0
A	0.0000	0	0.0000	0
A	0.0001	0	0.0000	0
H	0.0050	0	0.0070	0
V	0.0009	0	0.0014	0
D	0.0545	0	0.0590	0
H	0.2325	0	0.1701	1
M	0.1928	0	0.1944	1
F	0.0472	0	0.0435	0
R	0.0563	0	0.0372	0
G	0.0188	0	0.0089	0
R	0.0062	0	0.0027	0
E	0.0018	0	0.0008	0
S	0.0010	0	0.0004	0
E	0.0009	0	0.0004	0
E	0.0010	0	0.0003	0
E	0.0003	0	0.0001	0
M	0.0002	0	0.0001	0
E	0.0006	0	0.0002	0
F	0.0003	0	0.0000	0
V	0.0001	0	0.0000	0
K	0.0003	0	0.0001	0
R	0.0003	0	0.0000	0
F	0.0001	0	0.0000	0
C	0.0001	0	0.0000	0
V	0.0005	0	0.0003	0
E	0.0023	0	0.0011	0
R	0.0009	0	0.0007	0
R	0.0004	0	0.0008	0
I	0.0004	0	0.0006	0
L	0.0005	0	0.0005	0
C	0.0002	0	0.0001	0
E	0.0006	0	0.0004	0
T	0.0017	0	0.0013	0
A	0.0017	0	0.0006	0
Q	0.0043	0	0.0025	0
I	0.0042	0	0.0013	0
D	0.0044	0	0.0020	0
V	0.0041	0	0.0011	0
P	0.0023	0	0.0005	0
A	0.0064	0	0.0013	0
F	0.0095	0	0.0028	0
Q	0.0008	0	0.0001	0
R	0.0016	0	0.0002	0
S	0.0016	0	0.0002	0
A	0.0036	0	0.0004	0
G	0.0207	0	0.0031	0
L	0.1066	0	0.0176	0
G	0.0757	0	0.0204	0
A	0.1007	0	0.0285	0
Q	0.0765	0	0.0137	0
E	0.0901	0	0.0149	0
A	0.0024	0	0.0005	0
A	0.0019	0	0.0006	0
R	0.6791	1	0.2927	1
I	0.0621	0	0.0068	0
C	0.0007	0	0.0000	0
R	0.8050	1	0.0352	0
Y	0.4679	1	0.0038	0
R	0.0233	0	0.0002	0
F	0.0036	0	0.0000	0
F	0.0002	0	0.0000	0
A	0.0044	0	0.0001	0
E	0.0039	0	0.0001	0
L	0.0003	0	0.0000	0
M	0.0001	0	0.0000	0
E	0.0003	0	0.0000	0
K	0.0002	0	0.0000	0
H	0.0002	0	0.0000	0
Q	0.0002	0	0.0000	0
A	0.0001	0	0.0000	0
G	0.0002	0	0.0000	0
Y	0.0001	0	0.0000	0
V	0.0001	0	0.0000	0
A	0.0000	0	0.0000	0
V	0.0006	0	0.0009	0
G	0.0051	0	0.0076	0
H	0.0032	0	0.0012	0
H	0.0019	0	0.0004	0
G	0.0012	0	0.0004	0
D	0.0034	0	0.0021	0
D	0.0026	0	0.0015	0
Q	0.0199	0	0.0140	0
V	0.0005	0	0.0002	0
E	0.0062	0	0.0044	0
T	0.0158	0	0.0094	0
I	0.0015	0	0.0005	0
L	0.0003	0	0.0002	0
M	0.0027	0	0.0022	0
R	0.0576	0	0.0455	0
L	0.0023	0	0.0011	0
V	0.0017	0	0.0008	0
R	0.2886	0	0.2080	1
G	0.0291	0	0.0057	0
S	0.0302	0	0.0036	0
T	0.0329	0	0.0029	0
S	0.1086	0	0.0097	0
K	0.3906	1	0.0362	0
G	0.3672	1	0.0207	0
Y	0.2040	0	0.0114	0
A	0.2824	0	0.0112	0
G	0.2323	0	0.0079	0
I	0.0939	0	0.0045	0
P	0.0854	0	0.0026	0
V	0.0117	0	0.0005	0
K	0.0182	0	0.0011	0
R	0.0359	0	0.0017	0
P	0.0046	0	0.0002	0
F	0.0014	0	0.0002	0
H	0.0017	0	0.0005	0
G	0.0020	0	0.0007	0
G	0.0008	0	0.0002	0
Y	0.0259	0	0.0063	0
L	0.0046	0	0.0008	0
I	0.0002	0	0.0002	0
R	0.0808	0	0.2520	1
P	0.0008	0	0.0028	0
F	0.0001	0	0.0002	0
L	0.0002	0	0.0003	0
A	0.0004	0	0.0002	0
V	0.0001	0	0.0000	0
S	0.0017	0	0.0002	0
R	0.0608	0	0.0083	0
A	0.0004	0	0.0000	0
E	0.0002	0	0.0000	0
I	0.0001	0	0.0000	0
E	0.0000	0	0.0000	0
A	0.0000	0	0.0000	0
Y	0.0000	0	0.0000	0
C	0.0000	0	0.0000	0
R	0.0000	0	0.0000	0
Q	0.0000	0	0.0000	0
M	0.0000	0	0.0000	0
G	0.0001	0	0.0000	0
L	0.0001	0	0.0000	0
S	0.0002	0	0.0000	0
P	0.0049	0	0.0004	0
R	0.0003	0	0.0001	0
C	0.0001	0	0.0000	0
D	0.0002	0	0.0000	0
P	0.0006	0	0.0001	0
S	0.0014	0	0.0004	0
N	0.0027	0	0.0004	0
E	0.0028	0	0.0005	0
K	0.0012	0	0.0002	0
D	0.0022	0	0.0002	0
D	0.0038	0	0.0004	0
Y	0.0036	0	0.0007	0
T	0.0008	0	0.0001	0
R	0.0279	0	0.0031	0
N	0.0038	0	0.0001	0
R	0.0017	0	0.0000	0
F	0.0002	0	0.0000	0
R	0.2203	0	0.0072	0
H	0.0054	0	0.0000	0
H	0.0004	0	0.0000	0
I	0.0000	0	0.0000	0
V	0.0000	0	0.0000	0
P	0.0000	0	0.0000	0
L	0.0000	0	0.0000	0
L	0.0000	0	0.0000	0
R	0.0000	0	0.0000	0
Q	0.0000	0	0.0000	0
E	0.0000	0	0.0000	0
N	0.0001	0	0.0000	0
P	0.0002	0	0.0000	0
R	0.0018	0	0.0002	0
L	0.0005	0	0.0001	0
H	0.0004	0	0.0000	0
E	0.0025	0	0.0002	0
R	0.0033	0	0.0001	0
F	0.0001	0	0.0000	0
Q	0.0001	0	0.0000	0
Q	0.0047	0	0.0002	0
Y	0.0002	0	0.0000	0
S	0.0001	0	0.0000	0
E	0.0003	0	0.0000	0
M	0.0001	0	0.0000	0
M	0.0000	0	0.0000	0
A	0.0004	0	0.0000	0
E	0.0001	0	0.0000	0
D	0.0001	0	0.0000	0
E	0.0001	0	0.0000	0
Q	0.0001	0	0.0000	0
F	0.0000	0	0.0000	0
L	0.0000	0	0.0000	0
E	0.0002	0	0.0000	0
E	0.0003	0	0.0000	0
L	0.0001	0	0.0000	0
A	0.0000	0	0.0000	0
A	0.0001	0	0.0000	0
D	0.0001	0	0.0000	0
A	0.0000	0	0.0000	0
L	0.0000	0	0.0000	0
N	0.0000	0	0.0000	0
K	0.0001	0	0.0000	0
V	0.0000	0	0.0000	0
M	0.0001	0	0.0000	0
E	0.0003	0	0.0000	0
K	0.0008	0	0.0000	0
Q	0.0013	0	0.0000	0
H	0.0014	0	0.0000	0
R	0.0048	0	0.0000	0
D	0.0007	0	0.0000	0
A	0.0006	0	0.0000	0
A	0.0007	0	0.0000	0
L	0.0005	0	0.0000	0
S	0.0008	0	0.0000	0
I	0.0002	0	0.0000	0
G	0.0005	0	0.0000	0
P	0.0002	0	0.0000	0
F	0.0004	0	0.0000	0
L	0.0020	0	0.0001	0
E	0.0008	0	0.0001	0
L	0.0006	0	0.0000	0
P	0.0007	0	0.0000	0
R	0.0006	0	0.0000	0
P	0.0002	0	0.0000	0
L	0.0002	0	0.0000	0
Q	0.0010	0	0.0001	0
R	0.0007	0	0.0000	0
R	0.0003	0	0.0000	0
V	0.0000	0	0.0000	0
L	0.0000	0	0.0000	0
Q	0.0030	0	0.0004	0
L	0.0000	0	0.0000	0
L	0.0000	0	0.0000	0
L	0.0000	0	0.0000	0
L	0.0001	0	0.0000	0
R	0.0001	0	0.0000	0
L	0.0001	0	0.0000	0
Y	0.0003	0	0.0000	0
G	0.0002	0	0.0000	0
G	0.0003	0	0.0000	0
V	0.0003	0	0.0000	0
P	0.0012	0	0.0002	0
P	0.0010	0	0.0001	0
T	0.0005	0	0.0000	0
L	0.0017	0	0.0002	0
T	0.0016	0	0.0002	0
S	0.0070	0	0.0008	0
V	0.0012	0	0.0002	0
H	0.0007	0	0.0001	0
I	0.0000	0	0.0000	0
G	0.0002	0	0.0000	0
H	0.0009	0	0.0004	0
I	0.0000	0	0.0000	0
L	0.0000	0	0.0000	0
M	0.0004	0	0.0001	0
L	0.0000	0	0.0000	0
C	0.0001	0	0.0000	0
E	0.0005	0	0.0001	0
R	0.0009	0	0.0001	0
G	0.0020	0	0.0002	0
R	0.0060	0	0.0007	0
P	0.0029	0	0.0002	0
S	0.0089	0	0.0013	0
G	0.0048	0	0.0006	0
M	0.1861	0	0.0406	0
I	0.0083	0	0.0008	0
D	0.2121	0	0.0451	0
L	0.0236	0	0.0013	0
P	0.0240	0	0.0034	0
K	0.1330	0	0.0160	0
G	0.0122	0	0.0008	0
L	0.0034	0	0.0002	0
K	0.0301	0	0.0016	0
V	0.0004	0	0.0000	0
I	0.0029	0	0.0007	0
R	0.0688	0	0.0217	0
S	0.0023	0	0.0004	0
Y	0.1838	0	0.0868	0
D	0.0121	0	0.0050	0
R	0.0223	0	0.0069	0
C	0.0015	0	0.0008	0
L	0.0033	0	0.0020	0
F	0.0007	0	0.0003	0
T	0.0002	0	0.0001	0
F	0.0029	0	0.0025	0
D	0.0006	0	0.0005	0
A	0.0002	0	0.0001	0
E	0.0003	0	0.0001	0
S	0.0003	0	0.0001	0
G	0.0001	0	0.0001	0
E	0.0003	0	0.0002	0
K	0.0003	0	0.0002	0
G	0.0003	0	0.0002	0
Y	0.0003	0	0.0002	0
W	0.0020	0	0.0015	0
F	0.0005	0	0.0002	0
E	0.0012	0	0.0006	0
L	0.0001	0	0.0000	0
P	0.0001	0	0.0001	0
V	0.0001	0	0.0001	0
P	0.0001	0	0.0001	0
A	0.0001	0	0.0001	0
L	0.0004	0	0.0002	0
L	0.0001	0	0.0000	0
P	0.0002	0	0.0001	0
L	0.0001	0	0.0000	0
P	0.0001	0	0.0003	0
N	0.0001	0	0.0002	0
G	0.0002	0	0.0004	0
Y	0.0003	0	0.0002	0
A	0.0001	0	0.0000	0
I	0.0001	0	0.0000	0
I	0.0003	0	0.0002	0
S	0.0002	0	0.0001	0
E	0.0010	0	0.0010	0
F	0.0006	0	0.0006	0
G	0.0015	0	0.0015	0
E	0.0038	0	0.0029	0
H	0.0047	0	0.0019	0
Y	0.0016	0	0.0006	0
P	0.0012	0	0.0004	0
R	0.0034	0	0.0015	0
K	0.0038	0	0.0018	0
Q	0.0058	0	0.0032	0
A	0.0036	0	0.0022	0
G	0.0014	0	0.0011	0
N	0.0008	0	0.0005	0
D	0.0005	0	0.0002	0
W	0.0002	0	0.0001	0
F	0.0001	0	0.0000	0
V	0.0001	0	0.0000	0
V	0.0000	0	0.0000	0
D	0.0001	0	0.0001	0
P	0.0000	0	0.0001	0
A	0.0001	0	0.0001	0
S	0.0001	0	0.0001	0
V	0.0000	0	0.0001	0
S	0.0001	0	0.0002	0
L	0.0001	0	0.0001	0
P	0.0004	0	0.0010	0
L	0.0002	0	0.0002	0
R	0.0008	0	0.0011	0
V	0.0003	0	0.0002	0
R	0.1985	0	0.1615	1
T	0.0143	0	0.0091	0
R	0.6811	1	0.3111	1
R	0.1734	0	0.3530	1
R	0.0069	0	0.0237	0
G	0.0032	0	0.0192	0
D	0.0040	0	0.0217	0
R	0.2005	0	0.3427	1
M	0.0344	0	0.0594	0
V	0.2584	0	0.2920	1
L	0.0031	0	0.0069	0
K	0.0054	0	0.0175	0
G	0.0243	0	0.0610	0
T	0.1143	0	0.2744	1
G	0.0817	0	0.1745	1
G	0.0603	0	0.1838	1
T	0.2839	0	0.3842	1
K	0.2174	0	0.3810	1
K	0.1779	0	0.3222	1
L	0.0067	0	0.0171	0
K	0.1176	0	0.3779	1
E	0.0026	0	0.0095	0
I	0.0001	0	0.0001	0
F	0.0001	0	0.0004	0
I	0.0013	0	0.0104	0
E	0.0006	0	0.0040	0
A	0.0003	0	0.0021	0
K	0.0138	0	0.1358	0
I	0.0011	0	0.0109	0
P	0.0005	0	0.0049	0
R	0.0006	0	0.0055	0
M	0.0010	0	0.0175	0
E	0.0008	0	0.0135	0
R	0.1051	0	0.5969	1
D	0.0002	0	0.0024	0
R	0.0001	0	0.0007	0
W	0.0000	0	0.0001	0
P	0.0000	0	0.0001	0
I	0.0000	0	0.0001	0
V	0.0000	0	0.0000	0
E	0.0000	0	0.0000	0
D	0.0000	0	0.0002	0
A	0.0000	0	0.0009	0
D	0.0000	0	0.0007	0
G	0.0000	0	0.0009	0
R	0.0001	0	0.0026	0
I	0.0000	0	0.0003	0
L	0.0000	0	0.0007	0
W	0.0000	0	0.0004	0
V	0.0004	0	0.0091	0
P	0.0003	0	0.0048	0
G	0.0018	0	0.0348	0
L	0.0002	0	0.0026	0
K	0.0105	0	0.1025	0
K	0.0123	0	0.0583	0
S	0.0520	0	0.1489	0
A	0.0146	0	0.0587	0
F	0.0261	0	0.1555	1
E	0.0004	0	0.0034	0
A	0.0001	0	0.0012	0
Q	0.0001	0	0.0008	0
N	0.0001	0	0.0006	0
R	0.0001	0	0.0011	0
G	0.0002	0	0.0010	0
Q	0.0004	0	0.0022	0
A	0.0017	0	0.0152	0
R	0.0027	0	0.0214	0
Y	0.0003	0	0.0008	0
I	0.0000	0	0.0000	0
L	0.0001	0	0.0002	0
L	0.0000	0	0.0001	0
Q	0.0003	0	0.0020	0
Y	0.0001	0	0.0004	0
Q	0.0115	0	0.0526	0
A	0.0040	0	0.0525	0
M	0.0021	0	0.0294	0
N	0.0072	0	0.1464	0
S	0.0202	0	0.2425	1
</pre></body></html>