<html><head></head><body><pre style="word-wrap: break-word; white-space: pre-wrap;">&gt;P0A9W3
Amino Acid	probability_DNA	binary_DNA	probability_RNA	binary_RNA
M	0.0998	0	0.0063	0
A	0.0029	0	0.0001	0
Q	0.0023	0	0.0001	0
F	0.0002	0	0.0000	0
V	0.0001	0	0.0000	0
Y	0.0001	0	0.0000	0
T	0.0008	0	0.0000	0
M	0.0005	0	0.0000	0
H	0.0111	0	0.0002	0
R	0.0242	0	0.0005	0
V	0.0011	0	0.0000	0
G	0.1181	0	0.0091	0
K	0.1145	0	0.0043	0
V	0.0075	0	0.0002	0
V	0.1594	0	0.0136	0
P	0.0104	0	0.0010	0
P	0.0070	0	0.0004	0
K	0.0140	0	0.0009	0
R	0.0301	0	0.0009	0
H	0.0025	0	0.0000	0
I	0.0009	0	0.0000	0
L	0.0004	0	0.0000	0
K	0.0031	0	0.0001	0
N	0.0597	0	0.0013	0
I	0.0009	0	0.0000	0
S	0.1062	0	0.0011	0
L	0.0002	0	0.0000	0
S	0.0017	0	0.0000	0
F	0.0005	0	0.0000	0
F	0.0006	0	0.0000	0
P	0.0006	0	0.0000	0
G	0.0008	0	0.0001	0
A	0.0002	0	0.0000	0
K	0.0002	0	0.0000	0
I	0.0001	0	0.0000	0
G	0.0000	0	0.0000	0
V	0.0001	0	0.0000	0
L	0.0000	0	0.0000	0
G	0.0001	0	0.0000	0
L	0.0006	0	0.0000	0
N	0.0008	0	0.0000	0
G	0.0011	0	0.0000	0
A	0.0024	0	0.0000	0
G	0.0017	0	0.0000	0
K	0.0576	0	0.0002	0
S	0.0047	0	0.0000	0
T	0.0041	0	0.0000	0
L	0.0003	0	0.0000	0
L	0.0001	0	0.0000	0
R	0.0008	0	0.0000	0
I	0.0001	0	0.0000	0
M	0.0000	0	0.0000	0
A	0.0001	0	0.0000	0
G	0.0002	0	0.0000	0
I	0.0002	0	0.0000	0
D	0.0003	0	0.0000	0
K	0.0010	0	0.0000	0
D	0.0007	0	0.0000	0
I	0.0017	0	0.0000	0
E	0.0020	0	0.0000	0
G	0.0010	0	0.0000	0
E	0.0106	0	0.0001	0
A	0.0020	0	0.0000	0
R	0.1249	0	0.0018	0
P	0.0204	0	0.0001	0
Q	0.1511	0	0.0016	0
P	0.1647	0	0.0006	0
D	0.1538	0	0.0007	0
I	0.0086	0	0.0000	0
K	0.0457	0	0.0002	0
I	0.0024	0	0.0000	0
G	0.0011	0	0.0000	0
Y	0.0141	0	0.0001	0
L	0.0014	0	0.0000	0
P	0.1678	0	0.0060	0
Q	0.1630	0	0.0032	0
E	0.0380	0	0.0004	0
P	0.0105	0	0.0001	0
Q	0.0218	0	0.0003	0
L	0.0049	0	0.0000	0
N	0.0184	0	0.0003	0
P	0.0125	0	0.0002	0
E	0.0063	0	0.0001	0
H	0.0038	0	0.0001	0
T	0.0187	0	0.0004	0
V	0.0005	0	0.0000	0
R	0.0013	0	0.0000	0
E	0.0007	0	0.0000	0
S	0.0005	0	0.0000	0
I	0.0001	0	0.0000	0
E	0.0001	0	0.0000	0
E	0.0003	0	0.0000	0
A	0.0002	0	0.0000	0
V	0.0003	0	0.0000	0
S	0.0013	0	0.0000	0
E	0.0007	0	0.0000	0
V	0.0003	0	0.0000	0
V	0.0002	0	0.0000	0
N	0.0006	0	0.0000	0
A	0.0002	0	0.0000	0
L	0.0001	0	0.0000	0
K	0.0004	0	0.0000	0
R	0.0005	0	0.0000	0
L	0.0002	0	0.0000	0
D	0.0004	0	0.0000	0
E	0.0003	0	0.0000	0
V	0.0002	0	0.0000	0
Y	0.0002	0	0.0000	0
A	0.0005	0	0.0000	0
L	0.0003	0	0.0000	0
Y	0.0002	0	0.0000	0
A	0.0005	0	0.0000	0
D	0.0003	0	0.0000	0
P	0.0005	0	0.0000	0
D	0.0007	0	0.0000	0
A	0.0007	0	0.0000	0
D	0.0005	0	0.0000	0
F	0.0004	0	0.0000	0
D	0.0005	0	0.0000	0
K	0.0011	0	0.0000	0
L	0.0002	0	0.0000	0
A	0.0002	0	0.0000	0
A	0.0003	0	0.0000	0
E	0.0002	0	0.0000	0
Q	0.0002	0	0.0000	0
G	0.0002	0	0.0000	0
R	0.0005	0	0.0000	0
L	0.0001	0	0.0000	0
E	0.0003	0	0.0000	0
E	0.0001	0	0.0000	0
I	0.0002	0	0.0000	0
I	0.0001	0	0.0000	0
Q	0.0005	0	0.0000	0
A	0.0004	0	0.0000	0
H	0.0005	0	0.0000	0
D	0.0005	0	0.0000	0
G	0.0004	0	0.0000	0
H	0.0003	0	0.0000	0
N	0.0003	0	0.0000	0
L	0.0002	0	0.0000	0
N	0.0002	0	0.0000	0
V	0.0001	0	0.0000	0
Q	0.0004	0	0.0000	0
L	0.0001	0	0.0000	0
E	0.0001	0	0.0000	0
R	0.0001	0	0.0000	0
A	0.0000	0	0.0000	0
A	0.0000	0	0.0000	0
D	0.0000	0	0.0000	0
A	0.0001	0	0.0000	0
L	0.0000	0	0.0000	0
R	0.0001	0	0.0000	0
L	0.0001	0	0.0000	0
P	0.0002	0	0.0000	0
D	0.0002	0	0.0000	0
W	0.0004	0	0.0001	0
D	0.0004	0	0.0000	0
A	0.0008	0	0.0001	0
K	0.0014	0	0.0001	0
I	0.0004	0	0.0000	0
A	0.0007	0	0.0000	0
N	0.0018	0	0.0001	0
L	0.0008	0	0.0001	0
S	0.1824	0	0.0415	0
G	0.5117	1	0.0297	0
G	0.1544	0	0.0087	0
E	0.0329	0	0.0004	0
R	0.0231	0	0.0003	0
R	0.0274	0	0.0001	0
R	0.2541	0	0.0011	0
V	0.0002	0	0.0000	0
A	0.0001	0	0.0000	0
L	0.0009	0	0.0000	0
C	0.0001	0	0.0000	0
R	0.0010	0	0.0000	0
L	0.0001	0	0.0000	0
L	0.0001	0	0.0000	0
L	0.0001	0	0.0000	0
E	0.0003	0	0.0000	0
K	0.0013	0	0.0000	0
P	0.0002	0	0.0000	0
D	0.0003	0	0.0000	0
M	0.0001	0	0.0000	0
L	0.0001	0	0.0000	0
L	0.0003	0	0.0000	0
L	0.0008	0	0.0000	0
D	0.1385	0	0.0028	0
E	0.1748	0	0.0057	0
P	0.0437	0	0.0010	0
T	0.0082	0	0.0000	0
N	0.0618	0	0.0004	0
H	0.0280	0	0.0002	0
L	0.0021	0	0.0000	0
D	0.0104	0	0.0000	0
A	0.0021	0	0.0000	0
E	0.0017	0	0.0000	0
S	0.0009	0	0.0000	0
V	0.0004	0	0.0000	0
A	0.0001	0	0.0000	0
W	0.0001	0	0.0000	0
L	0.0001	0	0.0000	0
E	0.0002	0	0.0000	0
R	0.0005	0	0.0000	0
F	0.0001	0	0.0000	0
L	0.0001	0	0.0000	0
H	0.0007	0	0.0000	0
D	0.0002	0	0.0000	0
F	0.0001	0	0.0000	0
E	0.0008	0	0.0000	0
G	0.0006	0	0.0000	0
T	0.0002	0	0.0000	0
V	0.0001	0	0.0000	0
V	0.0002	0	0.0000	0
A	0.0001	0	0.0000	0
I	0.0003	0	0.0000	0
T	0.0179	0	0.0001	0
H	0.3831	1	0.0147	0
D	0.2850	0	0.0042	0
R	0.0764	0	0.0004	0
Y	0.0093	0	0.0000	0
F	0.0004	0	0.0000	0
L	0.0002	0	0.0000	0
D	0.0060	0	0.0000	0
N	0.0008	0	0.0000	0
V	0.0001	0	0.0000	0
A	0.0002	0	0.0000	0
G	0.0044	0	0.0000	0
W	0.0771	0	0.0003	0
I	0.0004	0	0.0000	0
L	0.0001	0	0.0000	0
E	0.0009	0	0.0000	0
L	0.0005	0	0.0000	0
D	0.0206	0	0.0005	0
R	0.0503	0	0.0010	0
G	0.0106	0	0.0001	0
E	0.0062	0	0.0001	0
G	0.0018	0	0.0000	0
I	0.0084	0	0.0002	0
P	0.0016	0	0.0000	0
W	0.0038	0	0.0001	0
E	0.0115	0	0.0006	0
G	0.0132	0	0.0009	0
N	0.0110	0	0.0005	0
Y	0.0054	0	0.0001	0
S	0.0064	0	0.0001	0
S	0.0018	0	0.0000	0
W	0.0006	0	0.0000	0
L	0.0018	0	0.0000	0
E	0.0026	0	0.0000	0
Q	0.0023	0	0.0000	0
K	0.0084	0	0.0000	0
D	0.0043	0	0.0000	0
Q	0.0015	0	0.0000	0
R	0.0023	0	0.0000	0
L	0.0013	0	0.0000	0
A	0.0056	0	0.0000	0
Q	0.0066	0	0.0000	0
E	0.0012	0	0.0000	0
A	0.0018	0	0.0000	0
S	0.0049	0	0.0000	0
Q	0.0036	0	0.0000	0
E	0.0022	0	0.0000	0
A	0.0079	0	0.0000	0
A	0.0089	0	0.0000	0
R	0.0047	0	0.0000	0
R	0.0117	0	0.0000	0
K	0.0061	0	0.0000	0
S	0.0018	0	0.0000	0
I	0.0008	0	0.0000	0
E	0.0031	0	0.0000	0
K	0.0043	0	0.0000	0
E	0.0003	0	0.0000	0
L	0.0011	0	0.0000	0
E	0.0010	0	0.0000	0
W	0.0016	0	0.0000	0
V	0.0004	0	0.0000	0
R	0.0020	0	0.0000	0
Q	0.0182	0	0.0000	0
G	0.0071	0	0.0000	0
T	0.0077	0	0.0000	0
K	0.0149	0	0.0000	0
G	0.0137	0	0.0000	0
R	0.0842	0	0.0001	0
Q	0.0279	0	0.0000	0
S	0.0425	0	0.0000	0
K	0.1970	0	0.0003	0
G	0.0085	0	0.0000	0
K	0.1440	0	0.0003	0
A	0.0108	0	0.0000	0
R	0.0476	0	0.0001	0
L	0.0010	0	0.0000	0
A	0.0073	0	0.0000	0
R	0.0288	0	0.0002	0
F	0.0006	0	0.0000	0
E	0.0010	0	0.0000	0
E	0.0012	0	0.0000	0
L	0.0011	0	0.0000	0
N	0.0007	0	0.0000	0
S	0.0006	0	0.0000	0
T	0.0006	0	0.0000	0
E	0.0004	0	0.0000	0
Y	0.0011	0	0.0000	0
Q	0.0010	0	0.0000	0
K	0.0020	0	0.0000	0
R	0.0042	0	0.0000	0
N	0.0029	0	0.0000	0
E	0.0027	0	0.0000	0
T	0.0026	0	0.0000	0
N	0.0009	0	0.0000	0
E	0.0026	0	0.0000	0
L	0.0008	0	0.0000	0
F	0.0024	0	0.0000	0
I	0.0011	0	0.0000	0
P	0.0024	0	0.0000	0
P	0.0021	0	0.0000	0
G	0.0018	0	0.0000	0
P	0.0022	0	0.0000	0
R	0.0025	0	0.0000	0
L	0.0012	0	0.0000	0
G	0.0010	0	0.0000	0
D	0.0008	0	0.0000	0
K	0.0004	0	0.0000	0
V	0.0005	0	0.0000	0
L	0.0001	0	0.0000	0
E	0.0014	0	0.0000	0
V	0.0006	0	0.0000	0
S	0.0206	0	0.0001	0
N	0.0481	0	0.0004	0
L	0.0021	0	0.0000	0
R	0.2033	0	0.0106	0
K	0.1053	0	0.0021	0
S	0.0056	0	0.0001	0
Y	0.1627	0	0.0096	0
G	0.0020	0	0.0001	0
D	0.0017	0	0.0001	0
R	0.0019	0	0.0000	0
L	0.0007	0	0.0000	0
L	0.0005	0	0.0000	0
I	0.0007	0	0.0000	0
D	0.0043	0	0.0001	0
D	0.0140	0	0.0003	0
L	0.0009	0	0.0000	0
S	0.1120	0	0.0022	0
F	0.0022	0	0.0000	0
S	0.0215	0	0.0001	0
I	0.0024	0	0.0000	0
P	0.0049	0	0.0001	0
K	0.0093	0	0.0001	0
G	0.0035	0	0.0001	0
A	0.0030	0	0.0000	0
I	0.0037	0	0.0000	0
V	0.0002	0	0.0000	0
G	0.0001	0	0.0000	0
I	0.0001	0	0.0000	0
I	0.0001	0	0.0000	0
G	0.0001	0	0.0000	0
P	0.0005	0	0.0000	0
N	0.0006	0	0.0000	0
G	0.0009	0	0.0000	0
A	0.0005	0	0.0000	0
G	0.0006	0	0.0000	0
K	0.0097	0	0.0000	0
S	0.0060	0	0.0000	0
T	0.0061	0	0.0000	0
L	0.0002	0	0.0000	0
F	0.0001	0	0.0000	0
R	0.0024	0	0.0000	0
M	0.0001	0	0.0000	0
I	0.0001	0	0.0000	0
S	0.0001	0	0.0000	0
G	0.0003	0	0.0000	0
Q	0.0004	0	0.0000	0
E	0.0004	0	0.0000	0
Q	0.0012	0	0.0000	0
P	0.0006	0	0.0000	0
D	0.0007	0	0.0000	0
S	0.0007	0	0.0000	0
G	0.0003	0	0.0000	0
T	0.0016	0	0.0000	0
I	0.0002	0	0.0000	0
T	0.0031	0	0.0000	0
L	0.0034	0	0.0000	0
G	0.0021	0	0.0000	0
E	0.0020	0	0.0000	0
T	0.0163	0	0.0001	0
V	0.0010	0	0.0000	0
K	0.0198	0	0.0001	0
L	0.0016	0	0.0000	0
A	0.0073	0	0.0000	0
S	0.0470	0	0.0003	0
V	0.0079	0	0.0002	0
D	0.0564	0	0.0058	0
Q	0.3591	1	0.0253	0
F	0.0310	0	0.0005	0
R	0.0374	0	0.0011	0
D	0.2509	0	0.0109	0
S	0.2871	0	0.0026	0
M	0.0064	0	0.0000	0
D	0.0175	0	0.0001	0
N	0.0138	0	0.0000	0
S	0.0167	0	0.0001	0
K	0.0034	0	0.0000	0
T	0.0186	0	0.0000	0
V	0.0010	0	0.0000	0
W	0.0062	0	0.0000	0
E	0.0053	0	0.0000	0
E	0.0007	0	0.0000	0
V	0.0002	0	0.0000	0
S	0.0011	0	0.0000	0
G	0.0009	0	0.0000	0
G	0.0005	0	0.0000	0
L	0.0002	0	0.0000	0
D	0.0009	0	0.0000	0
I	0.0005	0	0.0000	0
M	0.0006	0	0.0000	0
K	0.0014	0	0.0000	0
I	0.0008	0	0.0000	0
G	0.0014	0	0.0000	0
N	0.0036	0	0.0000	0
T	0.0031	0	0.0000	0
E	0.0131	0	0.0000	0
M	0.0132	0	0.0000	0
P	0.0012	0	0.0000	0
S	0.0004	0	0.0000	0
R	0.0249	0	0.0000	0
A	0.0004	0	0.0000	0
Y	0.0001	0	0.0000	0
V	0.0001	0	0.0000	0
G	0.0001	0	0.0000	0
R	0.0002	0	0.0000	0
F	0.0000	0	0.0000	0
N	0.0001	0	0.0000	0
F	0.0001	0	0.0000	0
K	0.0002	0	0.0000	0
G	0.0006	0	0.0000	0
V	0.0003	0	0.0000	0
D	0.0003	0	0.0000	0
Q	0.0002	0	0.0000	0
G	0.0002	0	0.0000	0
K	0.0004	0	0.0000	0
R	0.0006	0	0.0000	0
V	0.0003	0	0.0000	0
G	0.0008	0	0.0000	0
E	0.0023	0	0.0000	0
L	0.0168	0	0.0003	0
S	0.8921	1	0.0312	0
G	0.7581	1	0.0138	0
G	0.4614	1	0.0290	0
E	0.0694	0	0.0013	0
R	0.5145	1	0.0016	0
G	0.0058	0	0.0000	0
R	0.1387	0	0.0001	0
L	0.0003	0	0.0000	0
H	0.0001	0	0.0000	0
L	0.0002	0	0.0000	0
A	0.0001	0	0.0000	0
K	0.0004	0	0.0000	0
L	0.0001	0	0.0000	0
L	0.0000	0	0.0000	0
Q	0.0001	0	0.0000	0
V	0.0007	0	0.0000	0
G	0.0009	0	0.0000	0
G	0.0003	0	0.0000	0
N	0.0005	0	0.0000	0
M	0.0001	0	0.0000	0
L	0.0001	0	0.0000	0
L	0.0002	0	0.0000	0
L	0.0009	0	0.0000	0
D	0.0751	0	0.0009	0
E	0.1169	0	0.0028	0
P	0.0477	0	0.0009	0
T	0.0209	0	0.0001	0
N	0.2656	0	0.0038	0
D	0.0911	0	0.0006	0
L	0.0040	0	0.0000	0
D	0.0562	0	0.0001	0
I	0.0027	0	0.0000	0
E	0.0028	0	0.0000	0
T	0.0017	0	0.0000	0
L	0.0059	0	0.0000	0
R	0.0002	0	0.0000	0
A	0.0001	0	0.0000	0
L	0.0001	0	0.0000	0
E	0.0005	0	0.0000	0
N	0.0002	0	0.0000	0
A	0.0001	0	0.0000	0
L	0.0001	0	0.0000	0
L	0.0004	0	0.0000	0
E	0.0001	0	0.0000	0
F	0.0001	0	0.0000	0
P	0.0002	0	0.0000	0
G	0.0002	0	0.0000	0
C	0.0002	0	0.0000	0
A	0.0001	0	0.0000	0
M	0.0002	0	0.0000	0
V	0.0002	0	0.0000	0
I	0.0004	0	0.0000	0
S	0.1050	0	0.0010	0
H	0.5835	1	0.0403	0
D	0.2244	0	0.0015	0
R	0.0298	0	0.0001	0
W	0.0010	0	0.0000	0
F	0.0002	0	0.0000	0
L	0.0001	0	0.0000	0
D	0.0009	0	0.0000	0
R	0.0007	0	0.0000	0
I	0.0001	0	0.0000	0
A	0.0001	0	0.0000	0
T	0.0005	0	0.0000	0
H	0.0020	0	0.0000	0
I	0.0002	0	0.0000	0
L	0.0000	0	0.0000	0
D	0.0001	0	0.0000	0
Y	0.0001	0	0.0000	0
Q	0.0017	0	0.0000	0
D	0.0020	0	0.0000	0
E	0.0033	0	0.0000	0
G	0.0034	0	0.0000	0
K	0.0061	0	0.0000	0
V	0.0015	0	0.0000	0
E	0.0071	0	0.0001	0
F	0.0130	0	0.0001	0
F	0.0189	0	0.0002	0
E	0.0074	0	0.0002	0
G	0.0228	0	0.0004	0
N	0.0060	0	0.0001	0
F	0.0025	0	0.0000	0
T	0.0024	0	0.0000	0
E	0.0023	0	0.0000	0
Y	0.0167	0	0.0002	0
E	0.0061	0	0.0000	0
E	0.0263	0	0.0001	0
Y	0.0195	0	0.0000	0
K	0.0500	0	0.0000	0
K	0.0089	0	0.0000	0
R	0.0161	0	0.0000	0
T	0.0062	0	0.0000	0
L	0.0020	0	0.0000	0
G	0.0033	0	0.0000	0
A	0.0030	0	0.0000	0
D	0.0057	0	0.0000	0
A	0.0037	0	0.0000	0
L	0.0060	0	0.0000	0
E	0.0066	0	0.0000	0
P	0.0117	0	0.0000	0
K	0.0500	0	0.0000	0
R	0.1322	0	0.0000	0
I	0.1422	0	0.0000	0
K	0.3063	0	0.0001	0
Y	0.0356	0	0.0000	0
K	0.1927	0	0.0001	0
R	0.3498	0	0.0002	0
I	0.0123	0	0.0000	0
A	0.0458	0	0.0002	0
K	0.4127	1	0.0101	0
</pre></body></html>