<html><head></head><body><pre style="word-wrap: break-word; white-space: pre-wrap;">&gt;P9WN23
Amino Acid	probability_DNA	binary_DNA	probability_RNA	binary_RNA
M	0.0828	0	0.0047	0
P	0.0405	0	0.0010	0
K	0.0446	0	0.0005	0
S	0.0317	0	0.0005	0
F	0.0033	0	0.0001	0
Y	0.2663	0	0.0445	0
D	0.0330	0	0.0047	0
A	0.2074	0	0.0306	0
V	0.0017	0	0.0001	0
G	0.0133	0	0.0007	0
G	0.0870	0	0.0026	0
A	0.0594	0	0.0011	0
K	0.0445	0	0.0004	0
T	0.0030	0	0.0000	0
F	0.0005	0	0.0000	0
D	0.0172	0	0.0004	0
A	0.0004	0	0.0000	0
I	0.0002	0	0.0000	0
V	0.0001	0	0.0000	0
S	0.0039	0	0.0000	0
R	0.0006	0	0.0000	0
F	0.0003	0	0.0000	0
Y	0.0061	0	0.0001	0
A	0.0003	0	0.0000	0
Q	0.0008	0	0.0000	0
V	0.0001	0	0.0000	0
A	0.0001	0	0.0000	0
E	0.0002	0	0.0000	0
D	0.0001	0	0.0000	0
E	0.0001	0	0.0000	0
V	0.0001	0	0.0000	0
L	0.0001	0	0.0000	0
R	0.0042	0	0.0000	0
R	0.0007	0	0.0000	0
V	0.0002	0	0.0000	0
Y	0.0008	0	0.0000	0
P	0.0006	0	0.0000	0
E	0.0010	0	0.0000	0
D	0.0012	0	0.0000	0
D	0.0012	0	0.0000	0
L	0.0061	0	0.0002	0
A	0.0021	0	0.0000	0
G	0.0086	0	0.0001	0
A	0.0228	0	0.0002	0
E	0.0026	0	0.0000	0
E	0.0089	0	0.0001	0
R	0.2095	0	0.0060	0
L	0.0027	0	0.0000	0
R	0.0004	0	0.0000	0
M	0.0002	0	0.0000	0
F	0.0003	0	0.0000	0
L	0.0005	0	0.0000	0
E	0.0004	0	0.0000	0
Q	0.0041	0	0.0001	0
Y	0.0028	0	0.0001	0
W	0.0074	0	0.0006	0
G	0.0173	0	0.0020	0
G	0.0200	0	0.0030	0
P	0.0046	0	0.0002	0
R	0.0219	0	0.0004	0
T	0.0025	0	0.0000	0
Y	0.0252	0	0.0005	0
S	0.0092	0	0.0002	0
E	0.0034	0	0.0001	0
Q	0.0101	0	0.0005	0
R	0.0112	0	0.0005	0
G	0.0025	0	0.0002	0
H	0.0161	0	0.0011	0
P	0.0066	0	0.0002	0
R	0.1506	0	0.0019	0
L	0.0392	0	0.0003	0
R	0.3464	0	0.0034	0
M	0.0206	0	0.0001	0
R	0.5731	1	0.0349	0
H	0.4766	1	0.0339	0
A	0.0061	0	0.0001	0
P	0.0549	0	0.0018	0
F	0.0475	0	0.0009	0
R	0.0010	0	0.0000	0
I	0.0004	0	0.0000	0
S	0.0007	0	0.0000	0
L	0.0012	0	0.0000	0
I	0.0004	0	0.0000	0
E	0.0002	0	0.0000	0
R	0.0003	0	0.0000	0
D	0.0001	0	0.0000	0
A	0.0001	0	0.0000	0
W	0.0003	0	0.0000	0
L	0.0001	0	0.0000	0
R	0.0001	0	0.0000	0
C	0.0000	0	0.0000	0
M	0.0001	0	0.0000	0
H	0.0002	0	0.0000	0
T	0.0001	0	0.0000	0
A	0.0001	0	0.0000	0
V	0.0001	0	0.0000	0
A	0.0002	0	0.0000	0
S	0.0001	0	0.0000	0
I	0.0001	0	0.0000	0
D	0.0001	0	0.0000	0
S	0.0001	0	0.0000	0
E	0.0001	0	0.0000	0
T	0.0001	0	0.0000	0
L	0.0001	0	0.0000	0
D	0.0001	0	0.0000	0
D	0.0002	0	0.0000	0
E	0.0003	0	0.0000	0
H	0.0003	0	0.0000	0
R	0.0024	0	0.0002	0
R	0.0011	0	0.0001	0
E	0.0001	0	0.0000	0
L	0.0000	0	0.0000	0
L	0.0001	0	0.0000	0
D	0.0003	0	0.0000	0
Y	0.0002	0	0.0000	0
L	0.0001	0	0.0000	0
E	0.0003	0	0.0000	0
M	0.0002	0	0.0000	0
A	0.0001	0	0.0000	0
A	0.0002	0	0.0000	0
H	0.0017	0	0.0000	0
S	0.0042	0	0.0001	0
L	0.0002	0	0.0000	0
V	0.0024	0	0.0001	0
N	0.0171	0	0.0006	0
S	0.0013	0	0.0000	0
P	0.0014	0	0.0001	0
F	0.0031	0	0.0003	0
</pre></body></html>