<html><head></head><body><pre style="word-wrap: break-word; white-space: pre-wrap;">&gt;P25081
Amino Acid	probability_DNA	binary_DNA	probability_RNA	binary_RNA
M	0.0103	0	0.0000	0
Q	0.0050	0	0.0000	0
K	0.0114	0	0.0000	0
L	0.0008	0	0.0000	0
I	0.0025	0	0.0000	0
N	0.0011	0	0.0000	0
S	0.0020	0	0.0000	0
V	0.0083	0	0.0003	0
Q	0.2156	0	0.0190	0
N	0.0798	0	0.0022	0
Y	0.0295	0	0.0031	0
A	0.0092	0	0.0005	0
W	0.1725	0	0.0107	0
G	0.0038	0	0.0001	0
S	0.1172	0	0.0038	0
K	0.1648	0	0.0019	0
T	0.4134	1	0.0021	0
A	0.1196	0	0.0001	0
L	0.0059	0	0.0000	0
T	0.0121	0	0.0000	0
E	0.0038	0	0.0000	0
L	0.0005	0	0.0000	0
Y	0.0024	0	0.0000	0
G	0.0038	0	0.0000	0
I	0.0015	0	0.0000	0
A	0.0014	0	0.0000	0
N	0.0036	0	0.0000	0
P	0.0013	0	0.0000	0
Q	0.0022	0	0.0000	0
Q	0.0033	0	0.0000	0
Q	0.0042	0	0.0000	0
P	0.0026	0	0.0000	0
M	0.0030	0	0.0000	0
A	0.0007	0	0.0000	0
E	0.0161	0	0.0000	0
L	0.0007	0	0.0000	0
W	0.0025	0	0.0000	0
M	0.0005	0	0.0000	0
G	0.0003	0	0.0000	0
A	0.0008	0	0.0000	0
H	0.0025	0	0.0000	0
P	0.0006	0	0.0000	0
K	0.0006	0	0.0000	0
S	0.0003	0	0.0000	0
S	0.0003	0	0.0000	0
S	0.0005	0	0.0000	0
R	0.0012	0	0.0000	0
I	0.0002	0	0.0000	0
T	0.0003	0	0.0000	0
T	0.0003	0	0.0000	0
A	0.0003	0	0.0000	0
N	0.0004	0	0.0000	0
G	0.0005	0	0.0000	0
E	0.0003	0	0.0000	0
T	0.0003	0	0.0000	0
V	0.0002	0	0.0000	0
S	0.0003	0	0.0000	0
L	0.0003	0	0.0000	0
R	0.0011	0	0.0000	0
D	0.0004	0	0.0000	0
A	0.0003	0	0.0000	0
I	0.0001	0	0.0000	0
E	0.0005	0	0.0000	0
K	0.0006	0	0.0000	0
N	0.0003	0	0.0000	0
K	0.0006	0	0.0000	0
T	0.0008	0	0.0000	0
A	0.0008	0	0.0000	0
M	0.0007	0	0.0000	0
L	0.0011	0	0.0000	0
G	0.0148	0	0.0000	0
E	0.0776	0	0.0000	0
A	0.1641	0	0.0000	0
V	0.0361	0	0.0000	0
A	0.0117	0	0.0000	0
N	0.0049	0	0.0000	0
R	0.0755	0	0.0000	0
F	0.0015	0	0.0000	0
G	0.0009	0	0.0000	0
E	0.0011	0	0.0000	0
L	0.0002	0	0.0000	0
P	0.0006	0	0.0000	0
F	0.0002	0	0.0000	0
L	0.0001	0	0.0000	0
F	0.0002	0	0.0000	0
K	0.0034	0	0.0000	0
V	0.0004	0	0.0000	0
L	0.0004	0	0.0000	0
C	0.0006	0	0.0000	0
A	0.0004	0	0.0000	0
A	0.0014	0	0.0000	0
Q	0.0017	0	0.0000	0
P	0.0022	0	0.0000	0
L	0.0016	0	0.0000	0
S	0.1375	0	0.0002	0
I	0.0063	0	0.0000	0
Q	0.3047	0	0.0008	0
V	0.0103	0	0.0000	0
H	0.1183	0	0.0003	0
P	0.0038	0	0.0000	0
N	0.0050	0	0.0000	0
K	0.0141	0	0.0000	0
R	0.0017	0	0.0000	0
N	0.0022	0	0.0000	0
S	0.0005	0	0.0000	0
E	0.0003	0	0.0000	0
I	0.0004	0	0.0000	0
G	0.0002	0	0.0000	0
F	0.0007	0	0.0000	0
A	0.0001	0	0.0000	0
K	0.0008	0	0.0000	0
E	0.0006	0	0.0000	0
N	0.0005	0	0.0000	0
A	0.0003	0	0.0000	0
A	0.0002	0	0.0000	0
G	0.0002	0	0.0000	0
I	0.0002	0	0.0000	0
P	0.0003	0	0.0000	0
M	0.0005	0	0.0000	0
D	0.0013	0	0.0000	0
A	0.0013	0	0.0000	0
A	0.0016	0	0.0000	0
E	0.0012	0	0.0000	0
R	0.0095	0	0.0000	0
N	0.0040	0	0.0000	0
Y	0.0136	0	0.0000	0
K	0.0445	0	0.0001	0
D	0.0337	0	0.0000	0
P	0.1693	0	0.0005	0
N	0.4319	1	0.0014	0
H	0.5197	1	0.0012	0
K	0.6743	1	0.0012	0
P	0.0700	0	0.0001	0
E	0.2537	0	0.0002	0
L	0.0025	0	0.0000	0
V	0.0003	0	0.0000	0
F	0.0001	0	0.0000	0
A	0.0001	0	0.0000	0
L	0.0002	0	0.0000	0
T	0.0002	0	0.0000	0
P	0.0003	0	0.0000	0
F	0.0003	0	0.0000	0
L	0.0002	0	0.0000	0
A	0.0001	0	0.0000	0
M	0.0004	0	0.0000	0
N	0.0003	0	0.0000	0
A	0.0003	0	0.0000	0
F	0.0004	0	0.0000	0
R	0.0099	0	0.0000	0
E	0.0024	0	0.0000	0
F	0.0017	0	0.0000	0
S	0.0019	0	0.0000	0
D	0.0005	0	0.0000	0
I	0.0001	0	0.0000	0
V	0.0001	0	0.0000	0
S	0.0001	0	0.0000	0
L	0.0000	0	0.0000	0
L	0.0000	0	0.0000	0
Q	0.0002	0	0.0000	0
P	0.0001	0	0.0000	0
V	0.0001	0	0.0000	0
A	0.0001	0	0.0000	0
G	0.0002	0	0.0000	0
A	0.0002	0	0.0000	0
H	0.0004	0	0.0000	0
S	0.0003	0	0.0000	0
A	0.0001	0	0.0000	0
I	0.0003	0	0.0000	0
A	0.0013	0	0.0000	0
H	0.0008	0	0.0000	0
F	0.0003	0	0.0000	0
L	0.0006	0	0.0000	0
Q	0.0009	0	0.0000	0
V	0.0010	0	0.0000	0
P	0.0008	0	0.0000	0
N	0.0016	0	0.0000	0
A	0.0038	0	0.0000	0
E	0.0008	0	0.0000	0
R	0.0003	0	0.0000	0
L	0.0004	0	0.0000	0
S	0.0059	0	0.0000	0
Q	0.0004	0	0.0000	0
L	0.0001	0	0.0000	0
F	0.0016	0	0.0000	0
A	0.0146	0	0.0000	0
S	0.0023	0	0.0000	0
L	0.0004	0	0.0000	0
L	0.0014	0	0.0000	0
N	0.0093	0	0.0000	0
M	0.0032	0	0.0000	0
Q	0.0009	0	0.0000	0
G	0.0013	0	0.0000	0
E	0.0006	0	0.0000	0
E	0.0005	0	0.0000	0
K	0.0009	0	0.0000	0
S	0.0021	0	0.0000	0
R	0.0004	0	0.0000	0
A	0.0002	0	0.0000	0
L	0.0002	0	0.0000	0
A	0.0005	0	0.0000	0
V	0.0003	0	0.0000	0
L	0.0001	0	0.0000	0
K	0.0004	0	0.0000	0
A	0.0010	0	0.0000	0
A	0.0008	0	0.0000	0
L	0.0002	0	0.0000	0
N	0.0031	0	0.0000	0
S	0.0009	0	0.0000	0
Q	0.0008	0	0.0000	0
Q	0.0008	0	0.0000	0
G	0.0012	0	0.0000	0
E	0.0006	0	0.0000	0
P	0.0019	0	0.0000	0
W	0.0002	0	0.0000	0
Q	0.0003	0	0.0000	0
T	0.0001	0	0.0000	0
I	0.0001	0	0.0000	0
R	0.0003	0	0.0000	0
V	0.0006	0	0.0000	0
I	0.0002	0	0.0000	0
S	0.0004	0	0.0000	0
E	0.0003	0	0.0000	0
Y	0.0007	0	0.0000	0
Y	0.0014	0	0.0000	0
P	0.0008	0	0.0000	0
D	0.0013	0	0.0000	0
D	0.0024	0	0.0000	0
S	0.0006	0	0.0000	0
G	0.0018	0	0.0000	0
L	0.0005	0	0.0000	0
F	0.0007	0	0.0000	0
S	0.0002	0	0.0000	0
P	0.0001	0	0.0000	0
L	0.0003	0	0.0000	0
L	0.0002	0	0.0000	0
L	0.0004	0	0.0000	0
N	0.0071	0	0.0000	0
V	0.0036	0	0.0000	0
V	0.0007	0	0.0000	0
K	0.0025	0	0.0000	0
L	0.0007	0	0.0000	0
N	0.0608	0	0.0000	0
P	0.0882	0	0.0000	0
G	0.0168	0	0.0000	0
E	0.0242	0	0.0000	0
A	0.0011	0	0.0000	0
M	0.0005	0	0.0000	0
F	0.0055	0	0.0000	0
L	0.0005	0	0.0000	0
F	0.0005	0	0.0000	0
A	0.0006	0	0.0000	0
E	0.0013	0	0.0000	0
T	0.0051	0	0.0000	0
P	0.0033	0	0.0000	0
H	0.4481	1	0.0006	0
A	0.0044	0	0.0000	0
Y	0.0111	0	0.0000	0
L	0.0003	0	0.0000	0
Q	0.0002	0	0.0000	0
G	0.0001	0	0.0000	0
V	0.0001	0	0.0000	0
A	0.0001	0	0.0000	0
L	0.0002	0	0.0000	0
E	0.0036	0	0.0000	0
V	0.0019	0	0.0000	0
M	0.1093	0	0.0005	0
A	0.0113	0	0.0000	0
N	0.0117	0	0.0001	0
S	0.0604	0	0.0006	0
D	0.3098	0	0.0145	0
N	0.3496	0	0.0212	0
V	0.0718	0	0.0040	0
L	0.0025	0	0.0001	0
R	0.0512	0	0.0047	0
A	0.0009	0	0.0000	0
G	0.0019	0	0.0002	0
L	0.0027	0	0.0003	0
T	0.0261	0	0.0040	0
P	0.0565	0	0.0036	0
K	0.5300	1	0.0552	0
Y	0.0412	0	0.0006	0
I	0.0191	0	0.0002	0
D	0.0209	0	0.0001	0
I	0.0025	0	0.0000	0
P	0.0023	0	0.0000	0
E	0.0015	0	0.0000	0
L	0.0001	0	0.0000	0
V	0.0000	0	0.0000	0
A	0.0001	0	0.0000	0
N	0.0000	0	0.0000	0
V	0.0000	0	0.0000	0
K	0.0001	0	0.0000	0
F	0.0001	0	0.0000	0
E	0.0002	0	0.0000	0
P	0.0004	0	0.0000	0
K	0.0008	0	0.0000	0
P	0.0010	0	0.0000	0
A	0.0009	0	0.0000	0
G	0.0028	0	0.0000	0
E	0.0020	0	0.0000	0
L	0.0022	0	0.0000	0
L	0.0048	0	0.0000	0
T	0.0009	0	0.0000	0
A	0.0012	0	0.0000	0
P	0.0013	0	0.0000	0
V	0.0009	0	0.0000	0
K	0.0016	0	0.0000	0
S	0.0007	0	0.0000	0
G	0.0010	0	0.0000	0
A	0.0005	0	0.0000	0
E	0.0013	0	0.0000	0
L	0.0003	0	0.0000	0
D	0.0005	0	0.0000	0
F	0.0019	0	0.0000	0
P	0.0004	0	0.0000	0
I	0.0001	0	0.0000	0
P	0.0002	0	0.0000	0
V	0.0002	0	0.0000	0
D	0.0002	0	0.0000	0
D	0.0003	0	0.0000	0
F	0.0002	0	0.0000	0
A	0.0012	0	0.0000	0
F	0.0004	0	0.0000	0
S	0.0016	0	0.0000	0
L	0.0011	0	0.0000	0
H	0.0005	0	0.0000	0
D	0.0017	0	0.0000	0
L	0.0009	0	0.0000	0
A	0.0033	0	0.0000	0
L	0.0026	0	0.0000	0
Q	0.0018	0	0.0000	0
E	0.0014	0	0.0000	0
T	0.0008	0	0.0000	0
S	0.0007	0	0.0000	0
I	0.0014	0	0.0000	0
G	0.0016	0	0.0000	0
Q	0.0047	0	0.0000	0
H	0.0047	0	0.0000	0
S	0.0064	0	0.0000	0
A	0.0002	0	0.0000	0
A	0.0006	0	0.0000	0
I	0.0002	0	0.0000	0
L	0.0001	0	0.0000	0
F	0.0001	0	0.0000	0
C	0.0002	0	0.0000	0
V	0.0019	0	0.0000	0
E	0.0141	0	0.0001	0
G	0.0076	0	0.0001	0
E	0.0272	0	0.0004	0
A	0.0037	0	0.0000	0
V	0.1879	0	0.0039	0
L	0.0011	0	0.0000	0
R	0.0075	0	0.0000	0
K	0.0013	0	0.0000	0
D	0.0009	0	0.0000	0
E	0.0006	0	0.0000	0
Q	0.0008	0	0.0000	0
R	0.0010	0	0.0000	0
L	0.0005	0	0.0000	0
V	0.0059	0	0.0000	0
L	0.0009	0	0.0000	0
K	0.0471	0	0.0005	0
P	0.0994	0	0.0004	0
G	0.0059	0	0.0000	0
E	0.0041	0	0.0000	0
S	0.0006	0	0.0000	0
A	0.0002	0	0.0000	0
F	0.0017	0	0.0000	0
I	0.0003	0	0.0000	0
G	0.0007	0	0.0000	0
A	0.0019	0	0.0000	0
D	0.0017	0	0.0000	0
E	0.0014	0	0.0000	0
S	0.0005	0	0.0000	0
P	0.0021	0	0.0000	0
V	0.0006	0	0.0000	0
N	0.0043	0	0.0000	0
A	0.0003	0	0.0000	0
S	0.0020	0	0.0000	0
G	0.0007	0	0.0000	0
T	0.0008	0	0.0000	0
G	0.0003	0	0.0000	0
R	0.0036	0	0.0000	0
L	0.0004	0	0.0000	0
A	0.0009	0	0.0000	0
R	0.0640	0	0.0000	0
V	0.0018	0	0.0000	0
Y	0.1239	0	0.0000	0
N	0.1906	0	0.0000	0
K	0.1143	0	0.0000	0
L	0.1907	0	0.0003	0
</pre></body></html>