<html><head></head><body><pre style="word-wrap: break-word; white-space: pre-wrap;">&gt;Q9RXY1
Amino Acid	probability_DNA	binary_DNA	probability_RNA	binary_RNA
M	0.0000	0	0.1446	0
A	0.0000	0	0.0391	0
F	0.0000	0	0.0063	0
P	0.0000	0	0.0023	0
D	0.0000	0	0.0015	0
T	0.0000	0	0.0013	0
D	0.0000	0	0.0014	0
V	0.0000	0	0.0009	0
S	0.0000	0	0.0026	0
P	0.0000	0	0.0021	0
P	0.0000	0	0.0040	0
R	0.0000	0	0.0167	0
G	0.0000	0	0.0099	0
G	0.0000	0	0.0085	0
P	0.0000	0	0.0151	0
S	0.0000	0	0.0336	0
S	0.0000	0	0.0190	0
P	0.0000	0	0.0125	0
A	0.0000	0	0.0226	0
K	0.0000	0	0.0452	0
S	0.0000	0	0.0408	0
P	0.0000	0	0.0148	0
L	0.0000	0	0.0090	0
L	0.0000	0	0.0162	0
R	0.0000	0	0.1087	0
S	0.0000	0	0.0379	0
F	0.0000	0	0.0619	0
K	0.0000	0	0.1717	1
V	0.0000	0	0.0184	0
K	0.0000	0	0.2303	1
T	0.0000	0	0.0992	0
Y	0.0000	0	0.0258	0
I	0.0000	0	0.0452	0
P	0.0000	0	0.0063	0
K	0.0000	0	0.0112	0
N	0.0000	0	0.0097	0
D	0.0000	0	0.0051	0
E	0.0000	0	0.0066	0
Q	0.0000	0	0.0195	0
N	0.0000	0	0.0163	0
W	0.0000	0	0.0041	0
V	0.0000	0	0.0050	0
V	0.0000	0	0.0033	0
V	0.0000	0	0.0038	0
D	0.0000	0	0.1601	1
A	0.0000	0	0.0658	0
S	0.0000	0	0.2331	1
G	0.0000	0	0.1584	1
V	0.0000	0	0.2122	1
P	0.0000	0	0.7097	1
L	0.0000	0	0.2058	1
G	0.0003	0	0.9649	1
R	0.0004	0	0.9493	1
L	0.0000	0	0.0102	0
A	0.0000	0	0.0471	0
T	0.0001	0	0.9319	1
L	0.0000	0	0.1590	1
I	0.0000	0	0.0092	0
A	0.0000	0	0.1296	0
S	0.0001	0	0.5671	1
R	0.0000	0	0.0262	0
I	0.0000	0	0.0112	0
R	0.0000	0	0.4256	1
G	0.0000	0	0.0501	0
K	0.0000	0	0.5249	1
H	0.0001	0	0.3741	1
R	0.0001	0	0.5521	1
P	0.0000	0	0.0639	0
D	0.0000	0	0.1080	0
F	0.0003	0	0.4724	1
T	0.0002	0	0.2460	1
P	0.0001	0	0.1297	0
N	0.0001	0	0.2050	1
M	0.0001	0	0.2100	1
I	0.0000	0	0.0292	0
Q	0.0000	0	0.0122	0
G	0.0000	0	0.0356	0
D	0.0000	0	0.0253	0
F	0.0000	0	0.0247	0
V	0.0000	0	0.0030	0
V	0.0000	0	0.0011	0
V	0.0000	0	0.0027	0
I	0.0000	0	0.0010	0
N	0.0000	0	0.0157	0
A	0.0000	0	0.0119	0
A	0.0000	0	0.1814	1
Q	0.0002	0	0.3248	1
V	0.0000	0	0.0070	0
A	0.0000	0	0.1233	0
L	0.0000	0	0.1424	0
T	0.0000	0	0.8497	1
G	0.0000	0	0.9441	1
K	0.0000	0	0.4587	1
K	0.0000	0	0.5821	1
L	0.0000	0	0.3638	1
D	0.0000	0	0.3846	1
D	0.0000	0	0.4587	1
K	0.0000	0	0.7049	1
V	0.0000	0	0.1176	0
Y	0.0000	0	0.5683	1
T	0.0000	0	0.1866	1
R	0.0000	0	0.3457	1
Y	0.0000	0	0.3949	1
T	0.0000	0	0.5489	1
G	0.0000	0	0.4086	1
Y	0.0000	0	0.7959	1
Q	0.0000	0	0.2989	1
G	0.0000	0	0.8265	1
G	0.0000	0	0.7295	1
L	0.0000	0	0.4246	1
K	0.0000	0	0.8625	1
T	0.0000	0	0.3966	1
E	0.0000	0	0.5048	1
T	0.0000	0	0.2321	1
A	0.0000	0	0.0661	0
R	0.0000	0	0.1041	0
E	0.0000	0	0.0571	0
A	0.0000	0	0.3383	1
L	0.0000	0	0.1822	1
S	0.0000	0	0.1172	0
K	0.0000	0	0.8975	1
H	0.0000	0	0.2605	1
P	0.0000	0	0.1940	1
E	0.0000	0	0.0780	0
R	0.0000	0	0.2415	1
V	0.0000	0	0.3790	1
I	0.0000	0	0.0042	0
E	0.0000	0	0.1863	1
H	0.0000	0	0.7464	1
A	0.0000	0	0.3398	1
V	0.0000	0	0.0430	0
F	0.0000	0	0.9183	1
G	0.0000	0	0.9511	1
M	0.0000	0	0.9097	1
L	0.0000	0	0.0626	0
P	0.0000	0	0.4414	1
K	0.0000	0	0.9035	1
G	0.0001	0	0.7959	1
R	0.0004	0	0.7720	1
Q	0.0004	0	0.3918	1
G	0.0003	0	0.2692	1
R	0.0024	0	0.8166	1
A	0.0001	0	0.1383	0
M	0.0001	0	0.1218	0
H	0.0000	0	0.0067	0
T	0.0000	0	0.1468	0
R	0.0000	0	0.0896	0
L	0.0000	0	0.0032	0
K	0.0001	0	0.4134	1
V	0.0000	0	0.0685	0
Y	0.0001	0	0.7106	1
A	0.0000	0	0.0566	0
G	0.0000	0	0.0078	0
E	0.0000	0	0.0043	0
T	0.0000	0	0.0061	0
H	0.0000	0	0.0669	0
P	0.0000	0	0.0008	0
H	0.0000	0	0.0024	0
S	0.0000	0	0.0012	0
A	0.0000	0	0.0064	0
Q	0.0000	0	0.0034	0
K	0.0000	0	0.0075	0
P	0.0000	0	0.0029	0
Q	0.0000	0	0.0019	0
V	0.0000	0	0.0014	0
L	0.0000	0	0.0021	0
K	0.0000	0	0.0016	0
T	0.0000	0	0.0014	0
Q	0.0000	0	0.0024	0
P	0.0000	0	0.0016	0
L	0.0000	0	0.0036	0
E	0.0000	0	0.0141	0
V	0.0000	0	0.0135	0
K	0.0002	0	0.2445	1
</pre></body></html>