<html><head></head><body><pre style="word-wrap: break-word; white-space: pre-wrap;">&gt;Q9RXJ1
Amino Acid	probability_DNA	binary_DNA	probability_RNA	binary_RNA
M	0.0059	0	0.0906	0
P	0.0013	0	0.0216	0
R	0.0018	0	0.0347	0
P	0.0016	0	0.0032	0
S	0.0048	0	0.0021	0
A	0.0022	0	0.0019	0
G	0.0007	0	0.0012	0
S	0.0028	0	0.0059	0
H	0.0018	0	0.0014	0
H	0.0312	0	0.0451	0
N	0.0117	0	0.0402	0
D	0.0060	0	0.0065	0
K	0.0304	0	0.0354	0
L	0.0037	0	0.0028	0
H	0.0181	0	0.0397	0
F	0.0008	0	0.0016	0
K	0.0056	0	0.0517	0
K	0.0093	0	0.1433	0
G	0.0010	0	0.0079	0
D	0.0018	0	0.0107	0
T	0.0022	0	0.0077	0
V	0.0001	0	0.0001	0
I	0.0001	0	0.0002	0
V	0.0000	0	0.0001	0
L	0.0003	0	0.0115	0
S	0.0006	0	0.0706	0
G	0.0020	0	0.2007	1
K	0.0058	0	0.3755	1
H	0.0017	0	0.0854	0
K	0.0109	0	0.4568	1
G	0.0008	0	0.0626	0
Q	0.0014	0	0.0594	0
T	0.0004	0	0.0073	0
G	0.0000	0	0.0013	0
K	0.0001	0	0.0048	0
V	0.0000	0	0.0004	0
L	0.0002	0	0.0045	0
L	0.0014	0	0.0467	0
A	0.0002	0	0.0070	0
L	0.0043	0	0.1392	0
P	0.0078	0	0.2692	1
R	0.0120	0	0.2877	1
D	0.0152	0	0.2216	1
Q	0.0006	0	0.0099	0
K	0.0053	0	0.0974	0
V	0.0004	0	0.0046	0
V	0.0603	0	0.4239	1
V	0.0007	0	0.0086	0
E	0.1746	0	0.6464	1
G	0.0593	0	0.2716	1
V	0.0558	0	0.2484	1
N	0.4680	1	0.7759	1
V	0.1092	0	0.3093	1
I	0.2072	0	0.5622	1
T	0.0697	0	0.4227	1
K	0.1389	0	0.5784	1
N	0.1546	0	0.6569	1
V	0.0420	0	0.3533	1
K	0.0238	0	0.3062	1
P	0.0111	0	0.1598	1
S	0.0243	0	0.3510	1
M	0.0082	0	0.1343	0
T	0.0024	0	0.0541	0
N	0.0030	0	0.0564	0
P	0.0012	0	0.0192	0
Q	0.0016	0	0.0257	0
G	0.0033	0	0.0634	0
G	0.0003	0	0.0058	0
Q	0.0013	0	0.0381	0
E	0.0007	0	0.0275	0
Q	0.0014	0	0.0770	0
R	0.0097	0	0.3045	1
E	0.0022	0	0.1478	0
L	0.0161	0	0.6496	1
A	0.0061	0	0.4611	1
L	0.0002	0	0.0079	0
H	0.0018	0	0.0954	0
A	0.0055	0	0.1522	1
S	0.1239	0	0.4102	1
K	0.4412	1	0.3877	1
V	0.0827	0	0.1371	0
A	0.0832	0	0.0814	0
L	0.0047	0	0.0032	0
V	0.0011	0	0.0014	0
D	0.0008	0	0.0010	0
P	0.0021	0	0.0019	0
E	0.0141	0	0.0184	0
T	0.0054	0	0.0060	0
G	0.0076	0	0.0106	0
K	0.0268	0	0.0181	0
A	0.0476	0	0.0427	0
T	0.0250	0	0.0287	0
R	0.2630	0	0.2658	1
V	0.2732	0	0.2375	1
R	0.2740	0	0.2580	1
K	0.6508	1	0.1444	0
Q	0.2826	0	0.2225	1
I	0.2324	0	0.0985	0
V	0.0070	0	0.0033	0
D	0.0040	0	0.0017	0
G	0.0169	0	0.0129	0
K	0.0619	0	0.0270	0
K	0.4697	1	0.1932	1
V	0.4788	1	0.2689	1
R	0.5267	1	0.3237	1
V	0.0210	0	0.0884	0
A	0.0007	0	0.0099	0
V	0.0028	0	0.0837	0
A	0.0034	0	0.0698	0
S	0.0007	0	0.0133	0
G	0.0001	0	0.0035	0
K	0.0005	0	0.0101	0
T	0.0002	0	0.0029	0
I	0.0001	0	0.0037	0
D	0.0013	0	0.0376	0
</pre></body></html>