<html><head></head><body><pre style="word-wrap: break-word; white-space: pre-wrap;">&gt;P17353
Amino Acid	probability_DNA	binary_DNA	probability_RNA	binary_RNA
M	0.0000	0	0.8956	1
L	0.0000	0	0.8582	1
S	0.0000	0	0.2876	1
P	0.0000	0	0.1322	0
K	0.0000	0	0.5194	1
R	0.0000	0	0.5373	1
T	0.0000	0	0.5582	1
R	0.0000	0	0.7367	1
F	0.0000	0	0.5201	1
R	0.0000	0	0.7022	1
K	0.0000	0	0.8872	1
Q	0.0000	0	0.6246	1
H	0.0001	0	0.8698	1
R	0.0002	0	0.9186	1
G	0.0001	0	0.7427	1
R	0.0001	0	0.8707	1
M	0.0001	0	0.5079	1
K	0.0001	0	0.8233	1
G	0.0000	0	0.5298	1
I	0.0001	0	0.4896	1
S	0.0000	0	0.1977	1
Y	0.0000	0	0.4688	1
R	0.0000	0	0.2545	1
G	0.0000	0	0.1343	0
N	0.0000	0	0.0420	0
R	0.0000	0	0.1332	0
I	0.0000	0	0.0051	0
C	0.0000	0	0.0797	0
F	0.0000	0	0.1943	1
G	0.0000	0	0.0407	0
R	0.0000	0	0.1743	1
Y	0.0000	0	0.2100	1
A	0.0000	0	0.0780	0
L	0.0000	0	0.0029	0
Q	0.0000	0	0.0239	0
A	0.0000	0	0.0062	0
L	0.0000	0	0.0108	0
E	0.0000	0	0.0257	0
P	0.0000	0	0.0483	0
A	0.0000	0	0.0023	0
W	0.0000	0	0.1245	0
I	0.0000	0	0.0052	0
T	0.0004	0	0.4935	1
S	0.0001	0	0.2286	1
R	0.0001	0	0.1859	1
Q	0.0001	0	0.2771	1
I	0.0000	0	0.0436	0
E	0.0001	0	0.2136	1
A	0.0000	0	0.1605	1
G	0.0000	0	0.0024	0
R	0.0000	0	0.0378	0
R	0.0001	0	0.3863	1
A	0.0000	0	0.0099	0
M	0.0000	0	0.0018	0
T	0.0000	0	0.0814	0
R	0.0008	0	0.6546	1
N	0.0002	0	0.3182	1
A	0.0000	0	0.0087	0
R	0.0001	0	0.3908	1
R	0.0001	0	0.4394	1
G	0.0000	0	0.0445	0
G	0.0000	0	0.0556	0
K	0.0001	0	0.5676	1
I	0.0000	0	0.0209	0
W	0.0001	0	0.7358	1
V	0.0000	0	0.0575	0
R	0.0000	0	0.5673	1
I	0.0000	0	0.1806	1
F	0.0000	0	0.5956	1
P	0.0000	0	0.0933	0
D	0.0000	0	0.3464	1
K	0.0000	0	0.1528	1
P	0.0000	0	0.1594	1
V	0.0000	0	0.0683	0
T	0.0000	0	0.4520	1
V	0.0000	0	0.4302	1
R	0.0001	0	0.7805	1
P	0.0000	0	0.2014	1
A	0.0000	0	0.1469	0
E	0.0000	0	0.1499	0
T	0.0000	0	0.3381	1
R	0.0000	0	0.6524	1
M	0.0001	0	0.9063	1
G	0.0001	0	0.8280	1
S	0.0002	0	0.9089	1
G	0.0003	0	0.7523	1
K	0.0002	0	0.9277	1
G	0.0001	0	0.4965	1
S	0.0000	0	0.1772	1
P	0.0000	0	0.0259	0
E	0.0000	0	0.1920	1
Y	0.0000	0	0.1452	0
W	0.0000	0	0.1254	0
V	0.0000	0	0.0100	0
A	0.0000	0	0.0013	0
V	0.0000	0	0.0586	0
V	0.0000	0	0.0026	0
K	0.0000	0	0.1513	1
P	0.0000	0	0.0351	0
G	0.0000	0	0.0194	0
R	0.0000	0	0.0123	0
I	0.0000	0	0.0005	0
L	0.0000	0	0.0010	0
Y	0.0000	0	0.0009	0
E	0.0000	0	0.0214	0
I	0.0000	0	0.0026	0
S	0.0000	0	0.0110	0
G	0.0000	0	0.0213	0
V	0.0000	0	0.0096	0
A	0.0000	0	0.0046	0
E	0.0000	0	0.0031	0
N	0.0000	0	0.0065	0
I	0.0000	0	0.0020	0
A	0.0000	0	0.0031	0
R	0.0000	0	0.1906	1
R	0.0000	0	0.0173	0
A	0.0000	0	0.0034	0
V	0.0000	0	0.0102	0
A	0.0000	0	0.4709	1
I	0.0000	0	0.4009	1
A	0.0000	0	0.0085	0
A	0.0000	0	0.0569	0
S	0.0001	0	0.4449	1
K	0.0009	0	0.8770	1
M	0.0002	0	0.3089	1
P	0.0001	0	0.4975	1
I	0.0001	0	0.3055	1
R	0.0001	0	0.4831	1
T	0.0000	0	0.0096	0
Q	0.0000	0	0.0113	0
F	0.0000	0	0.0015	0
I	0.0000	0	0.0013	0
I	0.0000	0	0.0043	0
S	0.0000	0	0.0526	0
G	0.0000	0	0.0584	0
</pre></body></html>