<html><head></head><body><pre style="word-wrap: break-word; white-space: pre-wrap;">&gt;Q13405
Amino Acid	probability_DNA	binary_DNA	probability_RNA	binary_RNA
M	0.2067	0	0.0282	0
A	0.0303	0	0.0029	0
A	0.0026	0	0.0003	0
T	0.0013	0	0.0001	0
M	0.0003	0	0.0000	0
F	0.0004	0	0.0000	0
R	0.1045	0	0.0024	0
A	0.0055	0	0.0000	0
T	0.0017	0	0.0000	0
L	0.0013	0	0.0000	0
R	0.8487	1	0.0034	0
G	0.2066	0	0.0002	0
W	0.0071	0	0.0000	0
R	0.0540	0	0.0000	0
T	0.3097	0	0.0001	0
G	0.0891	0	0.0000	0
V	0.2858	0	0.0002	0
Q	0.5231	1	0.0003	0
R	0.7279	1	0.0002	0
G	0.2478	0	0.0001	0
C	0.1867	0	0.0001	0
G	0.2587	0	0.0003	0
L	0.0923	0	0.0001	0
R	0.5810	1	0.0006	0
L	0.3034	0	0.0006	0
L	0.0245	0	0.0000	0
S	0.1802	0	0.0003	0
Q	0.0806	0	0.0001	0
T	0.0589	0	0.0001	0
Q	0.0476	0	0.0001	0
G	0.0089	0	0.0001	0
P	0.0746	0	0.0002	0
P	0.0186	0	0.0000	0
D	0.0087	0	0.0000	0
Y	0.0119	0	0.0000	0
P	0.0013	0	0.0000	0
R	0.0016	0	0.0000	0
F	0.0003	0	0.0000	0
V	0.0003	0	0.0000	0
E	0.0002	0	0.0000	0
S	0.0003	0	0.0000	0
V	0.0022	0	0.0000	0
D	0.0010	0	0.0000	0
E	0.0024	0	0.0000	0
Y	0.0008	0	0.0000	0
Q	0.0005	0	0.0000	0
F	0.0006	0	0.0000	0
V	0.0001	0	0.0000	0
E	0.0002	0	0.0000	0
R	0.0022	0	0.0000	0
L	0.0001	0	0.0000	0
L	0.0001	0	0.0000	0
P	0.0001	0	0.0000	0
A	0.0002	0	0.0000	0
T	0.0005	0	0.0000	0
R	0.0010	0	0.0000	0
I	0.0006	0	0.0000	0
P	0.0009	0	0.0000	0
D	0.0025	0	0.0000	0
P	0.0006	0	0.0000	0
P	0.0010	0	0.0000	0
K	0.0022	0	0.0000	0
H	0.0094	0	0.0000	0
E	0.0049	0	0.0000	0
H	0.0126	0	0.0000	0
Y	0.0243	0	0.0000	0
P	0.0011	0	0.0000	0
T	0.0013	0	0.0000	0
P	0.0006	0	0.0000	0
S	0.0007	0	0.0000	0
G	0.0007	0	0.0000	0
W	0.0018	0	0.0000	0
Q	0.0080	0	0.0000	0
P	0.0017	0	0.0000	0
P	0.0005	0	0.0000	0
R	0.0021	0	0.0000	0
D	0.0011	0	0.0000	0
P	0.0004	0	0.0000	0
P	0.0004	0	0.0000	0
P	0.0004	0	0.0000	0
N	0.0015	0	0.0000	0
L	0.0009	0	0.0000	0
P	0.0023	0	0.0000	0
Y	0.0052	0	0.0000	0
F	0.0070	0	0.0000	0
V	0.0009	0	0.0000	0
R	0.3001	0	0.0005	0
R	0.7527	1	0.0017	0
S	0.5043	1	0.0005	0
R	0.3113	0	0.0006	0
M	0.1385	0	0.0001	0
H	0.0692	0	0.0001	0
N	0.0501	0	0.0001	0
I	0.0027	0	0.0000	0
P	0.0824	0	0.0001	0
V	0.0028	0	0.0000	0
Y	0.0334	0	0.0001	0
K	0.0312	0	0.0001	0
D	0.0171	0	0.0001	0
I	0.0169	0	0.0000	0
T	0.2153	0	0.0021	0
H	0.0708	0	0.0002	0
G	0.0035	0	0.0000	0
N	0.0046	0	0.0000	0
R	0.0022	0	0.0000	0
Q	0.0107	0	0.0000	0
M	0.0016	0	0.0000	0
T	0.0040	0	0.0000	0
V	0.0035	0	0.0000	0
I	0.0116	0	0.0000	0
R	0.7694	1	0.0075	0
K	0.6891	1	0.0017	0
V	0.1797	0	0.0003	0
E	0.4080	1	0.0034	0
G	0.4439	1	0.0034	0
D	0.4511	1	0.0042	0
I	0.1358	0	0.0006	0
W	0.6175	1	0.0168	0
A	0.0149	0	0.0000	0
L	0.0004	0	0.0000	0
Q	0.0045	0	0.0000	0
K	0.0086	0	0.0000	0
D	0.0003	0	0.0000	0
V	0.0002	0	0.0000	0
E	0.0078	0	0.0001	0
D	0.0003	0	0.0000	0
F	0.0001	0	0.0000	0
L	0.0000	0	0.0000	0
S	0.0001	0	0.0000	0
P	0.0002	0	0.0000	0
L	0.0001	0	0.0000	0
L	0.0003	0	0.0000	0
G	0.0008	0	0.0000	0
K	0.0012	0	0.0000	0
T	0.0007	0	0.0000	0
P	0.0006	0	0.0000	0
V	0.0079	0	0.0000	0
T	0.0013	0	0.0000	0
Q	0.0138	0	0.0001	0
V	0.0020	0	0.0000	0
N	0.0278	0	0.0001	0
E	0.0283	0	0.0001	0
V	0.0056	0	0.0000	0
T	0.1187	0	0.0023	0
G	0.0861	0	0.0008	0
T	0.2627	0	0.0019	0
L	0.0022	0	0.0000	0
R	0.1890	0	0.0028	0
I	0.0075	0	0.0001	0
K	0.4548	1	0.0309	0
G	0.4449	1	0.0152	0
Y	0.0937	0	0.0007	0
F	0.1769	0	0.0019	0
D	0.3683	1	0.0141	0
Q	0.0048	0	0.0000	0
E	0.0007	0	0.0000	0
L	0.0002	0	0.0000	0
K	0.0019	0	0.0000	0
A	0.0003	0	0.0000	0
W	0.0001	0	0.0000	0
L	0.0002	0	0.0000	0
L	0.0021	0	0.0000	0
E	0.0027	0	0.0000	0
K	0.0038	0	0.0000	0
G	0.0070	0	0.0000	0
F	0.0540	0	0.0017	0
</pre></body></html>