<html><head></head><body><pre style="word-wrap: break-word; white-space: pre-wrap;">&gt;Q8U1K8
Amino Acid	probability_DNA	binary_DNA	probability_RNA	binary_RNA
M	0.0538	0	0.0002	0
K	0.0664	0	0.0003	0
L	0.0060	0	0.0001	0
M	0.0192	0	0.0002	0
E	0.0063	0	0.0001	0
V	0.0018	0	0.0000	0
S	0.0027	0	0.0001	0
P	0.0030	0	0.0001	0
L	0.0009	0	0.0001	0
F	0.0198	0	0.0030	0
P	0.2240	0	0.0844	0
C	0.0090	0	0.0011	0
I	0.2463	0	0.0223	0
F	0.0080	0	0.0004	0
L	0.0073	0	0.0005	0
R	0.3767	1	0.0563	0
R	0.8772	1	0.0660	0
V	0.3954	1	0.0507	0
N	0.3642	1	0.0621	0
R	0.8811	1	0.0684	0
F	0.5874	1	0.0387	0
V	0.0367	0	0.0017	0
G	0.0010	0	0.0000	0
L	0.0046	0	0.0001	0
V	0.0002	0	0.0000	0
R	0.0007	0	0.0000	0
I	0.0002	0	0.0000	0
K	0.0002	0	0.0000	0
E	0.0003	0	0.0000	0
R	0.0006	0	0.0000	0
I	0.0008	0	0.0000	0
E	0.0005	0	0.0000	0
R	0.0025	0	0.0003	0
A	0.0003	0	0.0000	0
L	0.0241	0	0.0032	0
I	0.0025	0	0.0002	0
T	0.1189	0	0.0134	0
N	0.6368	1	0.1527	1
T	0.5215	1	0.0201	0
G	0.2679	0	0.0029	0
R	0.3941	1	0.0135	0
L	0.3204	0	0.0116	0
N	0.3135	0	0.0151	0
E	0.0281	0	0.0003	0
F	0.0017	0	0.0000	0
M	0.0015	0	0.0000	0
I	0.0104	0	0.0000	0
P	0.0039	0	0.0000	0
G	0.0015	0	0.0000	0
R	0.0010	0	0.0000	0
I	0.0011	0	0.0000	0
G	0.0003	0	0.0000	0
Y	0.0077	0	0.0000	0
C	0.0012	0	0.0000	0
T	0.0670	0	0.0004	0
P	0.0992	0	0.0006	0
K	0.6197	1	0.0074	0
A	0.3924	1	0.0066	0
G	0.4531	1	0.0025	0
G	0.7297	1	0.0003	0
K	0.7456	1	0.0001	0
T	0.5120	1	0.0001	0
R	0.2019	0	0.0001	0
Y	0.0225	0	0.0000	0
I	0.0023	0	0.0000	0
L	0.0005	0	0.0000	0
L	0.0002	0	0.0000	0
G	0.0002	0	0.0000	0
F	0.0001	0	0.0000	0
E	0.0007	0	0.0000	0
D	0.0006	0	0.0000	0
H	0.0005	0	0.0000	0
G	0.0011	0	0.0000	0
K	0.0012	0	0.0000	0
I	0.0003	0	0.0000	0
A	0.0002	0	0.0000	0
I	0.0011	0	0.0000	0
I	0.0040	0	0.0000	0
D	0.4278	1	0.0009	0
T	0.7713	1	0.0011	0
R	0.4907	1	0.0002	0
L	0.0024	0	0.0000	0
Q	0.0081	0	0.0000	0
G	0.0526	0	0.0000	0
K	0.0653	0	0.0000	0
A	0.0003	0	0.0000	0
F	0.0002	0	0.0000	0
E	0.0003	0	0.0000	0
K	0.0001	0	0.0000	0
I	0.0001	0	0.0000	0
I	0.0000	0	0.0000	0
E	0.0001	0	0.0000	0
K	0.0002	0	0.0000	0
E	0.0002	0	0.0000	0
L	0.0001	0	0.0000	0
L	0.0002	0	0.0000	0
P	0.0002	0	0.0000	0
E	0.0001	0	0.0000	0
L	0.0001	0	0.0000	0
E	0.0001	0	0.0000	0
G	0.0001	0	0.0000	0
C	0.0001	0	0.0000	0
R	0.0001	0	0.0000	0
I	0.0002	0	0.0000	0
I	0.0004	0	0.0000	0
K	0.0143	0	0.0000	0
R	0.0663	0	0.0000	0
E	0.0331	0	0.0000	0
P	0.0025	0	0.0000	0
R	0.0304	0	0.0000	0
V	0.0026	0	0.0000	0
G	0.0049	0	0.0000	0
E	0.0253	0	0.0000	0
S	0.0504	0	0.0000	0
R	0.5960	1	0.0000	0
L	0.0386	0	0.0000	0
D	0.3082	0	0.0000	0
Y	0.0029	0	0.0000	0
L	0.0031	0	0.0000	0
I	0.0003	0	0.0000	0
E	0.0002	0	0.0000	0
C	0.0002	0	0.0000	0
S	0.0003	0	0.0000	0
K	0.0002	0	0.0000	0
G	0.0002	0	0.0000	0
E	0.0004	0	0.0000	0
I	0.0001	0	0.0000	0
F	0.0021	0	0.0000	0
V	0.0003	0	0.0000	0
E	0.1992	0	0.0000	0
T	0.0125	0	0.0000	0
K	0.2782	0	0.0000	0
S	0.0244	0	0.0000	0
A	0.0013	0	0.0000	0
V	0.0290	0	0.0000	0
L	0.0005	0	0.0000	0
R	0.0008	0	0.0000	0
E	0.0013	0	0.0000	0
G	0.0008	0	0.0000	0
E	0.0014	0	0.0000	0
Y	0.0003	0	0.0000	0
A	0.0002	0	0.0000	0
M	0.0004	0	0.0000	0
Y	0.0039	0	0.0000	0
P	0.0046	0	0.0000	0
D	0.0526	0	0.0001	0
C	0.1025	0	0.0005	0
P	0.6889	1	0.0062	0
S	0.5231	1	0.0082	0
V	0.2091	0	0.0029	0
R	0.7332	1	0.0145	0
G	0.0357	0	0.0002	0
Q	0.0184	0	0.0003	0
R	0.5687	1	0.0021	0
H	0.1244	0	0.0001	0
I	0.0008	0	0.0000	0
K	0.0017	0	0.0000	0
E	0.0001	0	0.0000	0
L	0.0000	0	0.0000	0
I	0.0000	0	0.0000	0
K	0.0000	0	0.0000	0
L	0.0000	0	0.0000	0
A	0.0000	0	0.0000	0
R	0.0001	0	0.0000	0
D	0.0000	0	0.0000	0
G	0.0001	0	0.0000	0
K	0.0003	0	0.0000	0
R	0.0030	0	0.0000	0
A	0.0005	0	0.0000	0
M	0.0003	0	0.0000	0
I	0.0002	0	0.0000	0
V	0.0002	0	0.0000	0
F	0.0005	0	0.0000	0
I	0.0002	0	0.0000	0
G	0.0005	0	0.0000	0
A	0.0027	0	0.0000	0
L	0.0466	0	0.0010	0
P	0.0043	0	0.0001	0
N	0.0014	0	0.0000	0
V	0.0003	0	0.0000	0
S	0.0011	0	0.0000	0
K	0.0011	0	0.0000	0
F	0.0005	0	0.0000	0
K	0.0171	0	0.0003	0
P	0.0011	0	0.0000	0
Y	0.0097	0	0.0002	0
K	0.0106	0	0.0001	0
K	0.0240	0	0.0006	0
G	0.0029	0	0.0001	0
D	0.0426	0	0.0009	0
P	0.0057	0	0.0001	0
K	0.0061	0	0.0001	0
I	0.0005	0	0.0000	0
A	0.0004	0	0.0000	0
E	0.0002	0	0.0000	0
L	0.0000	0	0.0000	0
L	0.0000	0	0.0000	0
K	0.0002	0	0.0000	0
E	0.0001	0	0.0000	0
A	0.0000	0	0.0000	0
L	0.0000	0	0.0000	0
E	0.0001	0	0.0000	0
A	0.0000	0	0.0000	0
G	0.0001	0	0.0000	0
V	0.0001	0	0.0000	0
E	0.0035	0	0.0001	0
I	0.0006	0	0.0000	0
R	0.0017	0	0.0000	0
A	0.0010	0	0.0000	0
L	0.0018	0	0.0000	0
G	0.0105	0	0.0000	0
L	0.0006	0	0.0000	0
H	0.0054	0	0.0000	0
M	0.0009	0	0.0000	0
E	0.0021	0	0.0000	0
L	0.0011	0	0.0000	0
S	0.0008	0	0.0000	0
G	0.0002	0	0.0000	0
E	0.0004	0	0.0000	0
I	0.0001	0	0.0000	0
I	0.0002	0	0.0000	0
Y	0.0001	0	0.0000	0
R	0.0003	0	0.0000	0
G	0.0003	0	0.0000	0
E	0.0004	0	0.0000	0
L	0.0001	0	0.0000	0
G	0.0006	0	0.0000	0
V	0.0010	0	0.0000	0
E	0.0063	0	0.0001	0
I	0.0200	0	0.0005	0
</pre></body></html>