<html><head></head><body><pre style="word-wrap: break-word; white-space: pre-wrap;">&gt;P58032
Amino Acid	probability_DNA	binary_DNA	probability_RNA	binary_RNA
M	0.1621	0	0.0006	0
S	0.0169	0	0.0000	0
E	0.0051	0	0.0000	0
V	0.0016	0	0.0000	0
I	0.0004	0	0.0000	0
T	0.0003	0	0.0000	0
V	0.0004	0	0.0000	0
K	0.0057	0	0.0000	0
Q	0.0553	0	0.0000	0
T	0.1330	0	0.0001	0
N	0.2805	0	0.0003	0
M	0.0492	0	0.0000	0
E	0.0039	0	0.0000	0
N	0.0006	0	0.0000	0
I	0.0003	0	0.0000	0
Y	0.0008	0	0.0000	0
E	0.0003	0	0.0000	0
C	0.0001	0	0.0000	0
E	0.0011	0	0.0000	0
F	0.0010	0	0.0000	0
N	0.0044	0	0.0000	0
D	0.0017	0	0.0000	0
G	0.0018	0	0.0000	0
S	0.0013	0	0.0000	0
F	0.0018	0	0.0000	0
R	0.0053	0	0.0000	0
L	0.0004	0	0.0000	0
C	0.0010	0	0.0000	0
T	0.0720	0	0.0001	0
R	0.1355	0	0.0003	0
N	0.0142	0	0.0000	0
L	0.0012	0	0.0000	0
V	0.0026	0	0.0000	0
P	0.0109	0	0.0000	0
N	0.0066	0	0.0000	0
F	0.0093	0	0.0000	0
N	0.0056	0	0.0000	0
V	0.0018	0	0.0000	0
Y	0.0579	0	0.0001	0
G	0.0037	0	0.0000	0
E	0.0063	0	0.0000	0
R	0.0044	0	0.0000	0
L	0.0224	0	0.0000	0
I	0.0060	0	0.0000	0
K	0.0147	0	0.0000	0
Y	0.0069	0	0.0000	0
E	0.0029	0	0.0000	0
G	0.0295	0	0.0001	0
V	0.0070	0	0.0001	0
E	0.0060	0	0.0001	0
Y	0.0144	0	0.0003	0
R	0.0078	0	0.0001	0
E	0.0014	0	0.0000	0
W	0.0110	0	0.0004	0
N	0.0058	0	0.0001	0
A	0.0025	0	0.0000	0
F	0.3771	1	0.0221	0
R	0.7334	1	0.0279	0
S	0.1234	0	0.0028	0
K	0.1318	0	0.0043	0
L	0.0022	0	0.0000	0
A	0.0002	0	0.0000	0
G	0.0001	0	0.0000	0
A	0.0001	0	0.0000	0
I	0.0001	0	0.0000	0
L	0.0005	0	0.0000	0
K	0.0007	0	0.0000	0
G	0.0029	0	0.0002	0
L	0.0009	0	0.0000	0
K	0.0075	0	0.0005	0
T	0.0058	0	0.0003	0
N	0.0004	0	0.0000	0
P	0.0009	0	0.0000	0
I	0.0009	0	0.0000	0
R	0.0260	0	0.0003	0
K	0.0505	0	0.0004	0
G	0.0215	0	0.0002	0
T	0.0014	0	0.0000	0
K	0.0038	0	0.0000	0
V	0.0007	0	0.0000	0
L	0.0002	0	0.0000	0
Y	0.0022	0	0.0000	0
L	0.0013	0	0.0000	0
G	0.0017	0	0.0000	0
A	0.0014	0	0.0000	0
A	0.0068	0	0.0000	0
S	0.0084	0	0.0000	0
G	0.0015	0	0.0000	0
T	0.0063	0	0.0000	0
T	0.0008	0	0.0000	0
I	0.0002	0	0.0000	0
S	0.0001	0	0.0000	0
H	0.0001	0	0.0000	0
V	0.0000	0	0.0000	0
S	0.0002	0	0.0000	0
D	0.0002	0	0.0000	0
I	0.0001	0	0.0000	0
I	0.0001	0	0.0000	0
E	0.0001	0	0.0000	0
L	0.0005	0	0.0000	0
N	0.0003	0	0.0000	0
G	0.0001	0	0.0000	0
K	0.0001	0	0.0000	0
A	0.0001	0	0.0000	0
Y	0.0003	0	0.0000	0
G	0.0008	0	0.0000	0
V	0.0020	0	0.0000	0
E	0.1649	0	0.0004	0
F	0.6667	1	0.0004	0
S	0.2830	0	0.0002	0
P	0.0845	0	0.0000	0
R	0.0467	0	0.0000	0
V	0.0012	0	0.0000	0
V	0.0004	0	0.0000	0
R	0.0006	0	0.0000	0
E	0.0001	0	0.0000	0
L	0.0001	0	0.0000	0
L	0.0004	0	0.0000	0
L	0.0001	0	0.0000	0
V	0.0002	0	0.0000	0
A	0.0003	0	0.0000	0
Q	0.0016	0	0.0000	0
R	0.0008	0	0.0000	0
R	0.0018	0	0.0000	0
P	0.0007	0	0.0000	0
N	0.0026	0	0.0000	0
I	0.0001	0	0.0000	0
F	0.0002	0	0.0000	0
P	0.0001	0	0.0000	0
L	0.0001	0	0.0000	0
L	0.0001	0	0.0000	0
A	0.0002	0	0.0000	0
D	0.0030	0	0.0001	0
A	0.0008	0	0.0000	0
R	0.0037	0	0.0001	0
F	0.0038	0	0.0000	0
P	0.0008	0	0.0000	0
Q	0.0005	0	0.0000	0
S	0.0018	0	0.0000	0
Y	0.0020	0	0.0000	0
K	0.0007	0	0.0000	0
S	0.0001	0	0.0000	0
V	0.0001	0	0.0000	0
V	0.0001	0	0.0000	0
E	0.0001	0	0.0000	0
N	0.0006	0	0.0000	0
V	0.0002	0	0.0000	0
D	0.0170	0	0.0008	0
V	0.0060	0	0.0002	0
L	0.0007	0	0.0000	0
Y	0.0004	0	0.0000	0
V	0.0005	0	0.0000	0
D	0.0074	0	0.0001	0
I	0.0709	0	0.0012	0
A	0.2695	0	0.0039	0
Q	0.3800	1	0.0020	0
P	0.4066	1	0.0017	0
D	0.1019	0	0.0002	0
Q	0.3147	0	0.0010	0
T	0.0037	0	0.0000	0
D	0.0093	0	0.0000	0
I	0.0012	0	0.0000	0
A	0.0018	0	0.0000	0
I	0.0006	0	0.0000	0
Y	0.0027	0	0.0000	0
N	0.0108	0	0.0000	0
A	0.0006	0	0.0000	0
K	0.0045	0	0.0000	0
F	0.0005	0	0.0000	0
F	0.0002	0	0.0000	0
L	0.0002	0	0.0000	0
K	0.0025	0	0.0000	0
V	0.0017	0	0.0000	0
N	0.0025	0	0.0000	0
G	0.0009	0	0.0000	0
D	0.0022	0	0.0000	0
M	0.0006	0	0.0000	0
L	0.0014	0	0.0000	0
L	0.0003	0	0.0000	0
V	0.0016	0	0.0000	0
I	0.0011	0	0.0000	0
K	0.0171	0	0.0000	0
A	0.0046	0	0.0000	0
R	0.0104	0	0.0000	0
S	0.0019	0	0.0000	0
I	0.0005	0	0.0000	0
D	0.0013	0	0.0000	0
V	0.0015	0	0.0000	0
T	0.0228	0	0.0000	0
K	0.0063	0	0.0000	0
D	0.0014	0	0.0000	0
P	0.0009	0	0.0000	0
K	0.0029	0	0.0000	0
E	0.0008	0	0.0000	0
I	0.0001	0	0.0000	0
Y	0.0005	0	0.0000	0
K	0.0020	0	0.0000	0
T	0.0008	0	0.0000	0
E	0.0004	0	0.0000	0
V	0.0003	0	0.0000	0
E	0.0008	0	0.0000	0
K	0.0006	0	0.0000	0
L	0.0002	0	0.0000	0
E	0.0009	0	0.0000	0
N	0.0004	0	0.0000	0
S	0.0003	0	0.0000	0
N	0.0004	0	0.0000	0
F	0.0002	0	0.0000	0
E	0.0025	0	0.0000	0
T	0.0010	0	0.0000	0
I	0.0038	0	0.0000	0
Q	0.0020	0	0.0000	0
I	0.0303	0	0.0000	0
I	0.0016	0	0.0000	0
N	0.0016	0	0.0000	0
L	0.0005	0	0.0000	0
D	0.0012	0	0.0000	0
P	0.0038	0	0.0000	0
Y	0.0030	0	0.0000	0
D	0.0019	0	0.0000	0
K	0.0346	0	0.0003	0
D	0.0072	0	0.0000	0
H	0.0031	0	0.0000	0
A	0.0001	0	0.0000	0
I	0.0001	0	0.0000	0
V	0.0002	0	0.0000	0
L	0.0001	0	0.0000	0
S	0.0001	0	0.0000	0
K	0.0007	0	0.0000	0
Y	0.0119	0	0.0000	0
K	0.3219	0	0.0019	0
G	0.2287	0	0.0006	0
</pre></body></html>