<html><head></head><body><pre style="word-wrap: break-word; white-space: pre-wrap;">&gt;C1D7P6
Amino Acid	probability_DNA	binary_DNA	probability_RNA	binary_RNA
M	0.0105	0	0.0968	0
E	0.0091	0	0.1186	0
Q	0.0437	0	0.1097	0
R	0.2013	0	0.0340	0
T	0.1824	0	0.0123	0
E	0.1160	0	0.0030	0
E	0.0032	0	0.0001	0
W	0.0415	0	0.0006	0
F	0.0076	0	0.0001	0
A	0.0005	0	0.0000	0
A	0.0009	0	0.0000	0
R	0.3473	0	0.0025	0
L	0.0474	0	0.0001	0
G	0.0055	0	0.0000	0
K	0.0342	0	0.0001	0
V	0.0015	0	0.0000	0
T	0.0713	0	0.0002	0
A	0.0550	0	0.0001	0
S	0.1121	0	0.0004	0
R	0.0144	0	0.0001	0
V	0.0002	0	0.0000	0
A	0.0001	0	0.0000	0
D	0.0001	0	0.0000	0
V	0.0000	0	0.0000	0
M	0.0001	0	0.0000	0
T	0.0011	0	0.0000	0
K	0.0154	0	0.0000	0
T	0.0282	0	0.0000	0
K	0.2986	0	0.0002	0
S	0.2507	0	0.0000	0
G	0.0519	0	0.0000	0
Y	0.3192	0	0.0001	0
A	0.1155	0	0.0000	0
A	0.2030	0	0.0001	0
S	0.1872	0	0.0000	0
R	0.2581	0	0.0001	0
Q	0.2264	0	0.0001	0
N	0.2361	0	0.0000	0
Y	0.0421	0	0.0000	0
M	0.0111	0	0.0000	0
A	0.0041	0	0.0000	0
E	0.0146	0	0.0000	0
L	0.0054	0	0.0000	0
I	0.0011	0	0.0000	0
C	0.0010	0	0.0000	0
Q	0.0182	0	0.0000	0
R	0.3514	1	0.0001	0
L	0.0399	0	0.0000	0
T	0.2111	0	0.0001	0
G	0.1821	0	0.0001	0
T	0.1641	0	0.0001	0
Q	0.0885	0	0.0000	0
E	0.0450	0	0.0000	0
I	0.0455	0	0.0000	0
R	0.2584	0	0.0001	0
F	0.2434	0	0.0003	0
S	0.4537	1	0.0007	0
N	0.4965	1	0.0007	0
A	0.1835	0	0.0002	0
A	0.2924	0	0.0004	0
M	0.1400	0	0.0006	0
Q	0.1277	0	0.0007	0
R	0.2339	0	0.0030	0
G	0.0050	0	0.0001	0
T	0.0262	0	0.0003	0
E	0.0068	0	0.0002	0
L	0.0068	0	0.0002	0
E	0.0172	0	0.0005	0
P	0.0116	0	0.0005	0
H	0.0021	0	0.0001	0
A	0.0001	0	0.0000	0
R	0.0011	0	0.0000	0
A	0.0001	0	0.0000	0
R	0.0001	0	0.0000	0
Y	0.0001	0	0.0000	0
I	0.0001	0	0.0000	0
I	0.0002	0	0.0000	0
E	0.0001	0	0.0000	0
T	0.0000	0	0.0000	0
G	0.0000	0	0.0000	0
E	0.0001	0	0.0000	0
I	0.0002	0	0.0000	0
V	0.0001	0	0.0000	0
T	0.0005	0	0.0000	0
E	0.0002	0	0.0000	0
V	0.0001	0	0.0000	0
G	0.0001	0	0.0000	0
L	0.0000	0	0.0000	0
I	0.0003	0	0.0000	0
D	0.0030	0	0.0002	0
H	0.0821	0	0.0077	0
P	0.0158	0	0.0007	0
T	0.0073	0	0.0004	0
I	0.0016	0	0.0001	0
A	0.0007	0	0.0001	0
G	0.0031	0	0.0005	0
F	0.0015	0	0.0002	0
G	0.0681	0	0.0077	0
A	0.0181	0	0.0004	0
S	0.0927	0	0.0025	0
P	0.0082	0	0.0003	0
D	0.1055	0	0.0162	0
G	0.0090	0	0.0012	0
L	0.0042	0	0.0005	0
V	0.0003	0	0.0000	0
G	0.0017	0	0.0003	0
D	0.0012	0	0.0003	0
T	0.0014	0	0.0004	0
G	0.0015	0	0.0002	0
L	0.0002	0	0.0000	0
I	0.0002	0	0.0000	0
E	0.0158	0	0.0028	0
I	0.0117	0	0.0014	0
K	0.7071	1	0.1587	1
C	0.0818	0	0.0037	0
P	0.3545	1	0.0320	0
N	0.4373	1	0.0118	0
T	0.0716	0	0.0007	0
W	0.0612	0	0.0005	0
T	0.0502	0	0.0002	0
H	0.0081	0	0.0000	0
I	0.0012	0	0.0000	0
E	0.0009	0	0.0000	0
T	0.0005	0	0.0000	0
I	0.0001	0	0.0000	0
K	0.0003	0	0.0000	0
T	0.0001	0	0.0000	0
G	0.0002	0	0.0000	0
K	0.0004	0	0.0000	0
P	0.0004	0	0.0000	0
K	0.0012	0	0.0001	0
P	0.0005	0	0.0000	0
E	0.0004	0	0.0000	0
Y	0.0003	0	0.0000	0
I	0.0001	0	0.0000	0
K	0.0000	0	0.0000	0
Q	0.0004	0	0.0001	0
M	0.0001	0	0.0000	0
Q	0.0016	0	0.0002	0
T	0.0003	0	0.0000	0
Q	0.0001	0	0.0000	0
M	0.0001	0	0.0000	0
A	0.0001	0	0.0000	0
C	0.0000	0	0.0000	0
T	0.0000	0	0.0000	0
G	0.0001	0	0.0000	0
R	0.0001	0	0.0000	0
Q	0.0003	0	0.0000	0
W	0.0007	0	0.0001	0
C	0.0001	0	0.0000	0
D	0.0015	0	0.0010	0
F	0.0005	0	0.0002	0
V	0.0002	0	0.0000	0
S	0.0009	0	0.0001	0
Y	0.0059	0	0.0006	0
D	0.0103	0	0.0006	0
D	0.0084	0	0.0003	0
R	0.0231	0	0.0009	0
L	0.0030	0	0.0001	0
P	0.0038	0	0.0002	0
D	0.0016	0	0.0001	0
D	0.0007	0	0.0001	0
M	0.0007	0	0.0001	0
Q	0.0010	0	0.0001	0
Y	0.0003	0	0.0000	0
F	0.0004	0	0.0000	0
C	0.0001	0	0.0000	0
T	0.0001	0	0.0000	0
R	0.0025	0	0.0007	0
I	0.0005	0	0.0001	0
E	0.0006	0	0.0001	0
R	0.0130	0	0.0034	0
D	0.0053	0	0.0010	0
D	0.0014	0	0.0003	0
A	0.0005	0	0.0001	0
L	0.0001	0	0.0000	0
I	0.0001	0	0.0000	0
A	0.0000	0	0.0000	0
E	0.0000	0	0.0000	0
I	0.0000	0	0.0000	0
E	0.0000	0	0.0000	0
T	0.0000	0	0.0000	0
E	0.0000	0	0.0000	0
V	0.0000	0	0.0000	0
S	0.0000	0	0.0000	0
A	0.0000	0	0.0000	0
F	0.0000	0	0.0000	0
L	0.0001	0	0.0001	0
A	0.0004	0	0.0006	0
E	0.0001	0	0.0001	0
L	0.0000	0	0.0000	0
E	0.0001	0	0.0001	0
A	0.0000	0	0.0000	0
E	0.0001	0	0.0000	0
I	0.0000	0	0.0000	0
E	0.0000	0	0.0000	0
Y	0.0000	0	0.0000	0
L	0.0000	0	0.0000	0
K	0.0000	0	0.0001	0
R	0.0002	0	0.0001	0
K	0.0002	0	0.0001	0
A	0.0002	0	0.0001	0
A	0.0004	0	0.0008	0
</pre></body></html>