<html><head></head><body><pre style="word-wrap: break-word; white-space: pre-wrap;">&gt;P22678
Amino Acid	probability_DNA	binary_DNA	probability_RNA	binary_RNA
M	0.3342	0	0.1438	0
G	0.2123	0	0.0855	0
K	0.2938	0	0.0713	0
Y	0.1069	0	0.0066	0
N	0.0450	0	0.0038	0
L	0.0003	0	0.0000	0
I	0.0001	0	0.0000	0
L	0.0001	0	0.0000	0
S	0.0001	0	0.0000	0
E	0.0002	0	0.0000	0
Y	0.0002	0	0.0000	0
L	0.0001	0	0.0000	0
S	0.0006	0	0.0000	0
F	0.0002	0	0.0000	0
I	0.0001	0	0.0000	0
Y	0.0002	0	0.0000	0
N	0.0005	0	0.0000	0
S	0.0002	0	0.0000	0
Q	0.0006	0	0.0000	0
S	0.0011	0	0.0001	0
A	0.0002	0	0.0000	0
V	0.0003	0	0.0001	0
Q	0.0072	0	0.0028	0
I	0.0045	0	0.0005	0
P	0.0087	0	0.0004	0
I	0.0022	0	0.0002	0
Y	0.0056	0	0.0010	0
Y	0.0303	0	0.0057	0
S	0.0127	0	0.0012	0
S	0.0248	0	0.0009	0
N	0.0662	0	0.0010	0
S	0.0545	0	0.0006	0
E	0.0050	0	0.0000	0
L	0.0011	0	0.0000	0
E	0.0008	0	0.0000	0
N	0.0044	0	0.0000	0
R	0.0050	0	0.0000	0
C	0.0003	0	0.0000	0
I	0.0001	0	0.0000	0
E	0.0005	0	0.0000	0
F	0.0001	0	0.0000	0
H	0.0007	0	0.0000	0
S	0.0002	0	0.0000	0
K	0.0088	0	0.0003	0
C	0.0061	0	0.0002	0
L	0.0019	0	0.0001	0
E	0.0010	0	0.0000	0
N	0.0003	0	0.0000	0
S	0.0002	0	0.0000	0
K	0.0005	0	0.0000	0
N	0.0008	0	0.0000	0
G	0.0005	0	0.0000	0
L	0.0012	0	0.0000	0
S	0.0338	0	0.0002	0
L	0.0034	0	0.0000	0
R	0.0310	0	0.0002	0
K	0.0032	0	0.0000	0
L	0.0004	0	0.0000	0
F	0.0015	0	0.0000	0
V	0.0002	0	0.0000	0
E	0.0004	0	0.0000	0
Y	0.0012	0	0.0000	0
N	0.0184	0	0.0001	0
D	0.0114	0	0.0001	0
V	0.0031	0	0.0001	0
I	0.0006	0	0.0000	0
E	0.0032	0	0.0001	0
N	0.0047	0	0.0001	0
A	0.0009	0	0.0000	0
T	0.0003	0	0.0000	0
L	0.0002	0	0.0000	0
L	0.0006	0	0.0000	0
S	0.0322	0	0.0006	0
I	0.0016	0	0.0000	0
L	0.0036	0	0.0003	0
S	0.0279	0	0.0043	0
Y	0.0749	0	0.0212	0
S	0.0525	0	0.0117	0
Y	0.2282	0	0.0519	0
D	0.0399	0	0.0045	0
K	0.1818	0	0.0294	0
Y	0.3625	1	0.1241	0
N	0.3892	1	0.0551	0
A	0.3353	0	0.0027	0
V	0.0153	0	0.0001	0
E	0.0761	0	0.0001	0
R	0.4562	1	0.0008	0
K	0.2571	0	0.0002	0
L	0.0008	0	0.0000	0
V	0.0014	0	0.0000	0
K	0.0124	0	0.0001	0
Y	0.0019	0	0.0000	0
A	0.0005	0	0.0000	0
K	0.0040	0	0.0000	0
G	0.0063	0	0.0000	0
K	0.0017	0	0.0000	0
P	0.0004	0	0.0000	0
L	0.0002	0	0.0000	0
E	0.0003	0	0.0000	0
A	0.0002	0	0.0000	0
D	0.0002	0	0.0000	0
L	0.0001	0	0.0000	0
T	0.0003	0	0.0000	0
V	0.0003	0	0.0000	0
N	0.0005	0	0.0000	0
E	0.0004	0	0.0000	0
L	0.0004	0	0.0000	0
D	0.0004	0	0.0000	0
Y	0.0007	0	0.0000	0
E	0.0012	0	0.0000	0
N	0.0013	0	0.0000	0
N	0.0007	0	0.0000	0
K	0.0007	0	0.0000	0
M	0.0005	0	0.0000	0
T	0.0006	0	0.0000	0
S	0.0007	0	0.0000	0
E	0.0008	0	0.0000	0
L	0.0002	0	0.0000	0
F	0.0006	0	0.0000	0
P	0.0003	0	0.0000	0
T	0.0002	0	0.0000	0
A	0.0003	0	0.0000	0
E	0.0003	0	0.0000	0
E	0.0009	0	0.0000	0
Y	0.0011	0	0.0000	0
T	0.0040	0	0.0000	0
D	0.0206	0	0.0000	0
S	0.0679	0	0.0000	0
L	0.0560	0	0.0000	0
M	0.0023	0	0.0000	0
D	0.0111	0	0.0000	0
P	0.0013	0	0.0000	0
A	0.0014	0	0.0000	0
I	0.0002	0	0.0000	0
L	0.0005	0	0.0000	0
T	0.0005	0	0.0000	0
S	0.0002	0	0.0000	0
L	0.0001	0	0.0000	0
S	0.0021	0	0.0000	0
S	0.0013	0	0.0000	0
N	0.0006	0	0.0000	0
L	0.0001	0	0.0000	0
N	0.0019	0	0.0000	0
A	0.0004	0	0.0000	0
V	0.0002	0	0.0000	0
M	0.0008	0	0.0000	0
F	0.0018	0	0.0000	0
W	0.0045	0	0.0000	0
L	0.0005	0	0.0000	0
E	0.0027	0	0.0000	0
K	0.0298	0	0.0000	0
H	0.0073	0	0.0000	0
E	0.0069	0	0.0000	0
N	0.0081	0	0.0000	0
D	0.0028	0	0.0000	0
V	0.0022	0	0.0000	0
A	0.0014	0	0.0000	0
E	0.0010	0	0.0000	0
K	0.0008	0	0.0000	0
L	0.0003	0	0.0000	0
K	0.0111	0	0.0000	0
V	0.0007	0	0.0000	0
Y	0.0014	0	0.0000	0
K	0.0220	0	0.0000	0
R	0.0155	0	0.0000	0
R	0.0215	0	0.0000	0
L	0.0007	0	0.0000	0
D	0.0005	0	0.0000	0
L	0.0001	0	0.0000	0
F	0.0002	0	0.0000	0
T	0.0004	0	0.0000	0
I	0.0001	0	0.0000	0
V	0.0007	0	0.0000	0
A	0.0004	0	0.0000	0
S	0.0007	0	0.0000	0
T	0.0033	0	0.0000	0
I	0.0025	0	0.0000	0
N	0.1056	0	0.0002	0
K	0.2086	0	0.0002	0
Y	0.0356	0	0.0000	0
G	0.0015	0	0.0000	0
V	0.0015	0	0.0000	0
P	0.0044	0	0.0000	0
R	0.1872	0	0.0002	0
H	0.3700	1	0.0004	0
N	0.3109	0	0.0002	0
A	0.0565	0	0.0000	0
K	0.3139	0	0.0001	0
Y	0.2120	0	0.0001	0
R	0.5923	1	0.0002	0
Y	0.5486	1	0.0001	0
E	0.0402	0	0.0000	0
Y	0.0044	0	0.0000	0
D	0.0010	0	0.0000	0
V	0.0007	0	0.0000	0
M	0.0004	0	0.0000	0
K	0.0025	0	0.0000	0
D	0.0052	0	0.0000	0
K	0.0111	0	0.0000	0
P	0.0023	0	0.0000	0
Y	0.0014	0	0.0000	0
Y	0.0027	0	0.0000	0
L	0.0004	0	0.0000	0
V	0.0004	0	0.0000	0
T	0.0007	0	0.0000	0
W	0.0020	0	0.0000	0
A	0.0007	0	0.0000	0
N	0.0031	0	0.0000	0
S	0.0088	0	0.0000	0
S	0.0012	0	0.0000	0
I	0.0003	0	0.0000	0
E	0.0045	0	0.0000	0
M	0.0004	0	0.0000	0
L	0.0001	0	0.0000	0
M	0.0001	0	0.0000	0
S	0.0001	0	0.0000	0
V	0.0001	0	0.0000	0
F	0.0002	0	0.0000	0
S	0.0004	0	0.0000	0
H	0.0019	0	0.0000	0
D	0.0057	0	0.0000	0
D	0.0019	0	0.0000	0
Y	0.0008	0	0.0000	0
L	0.0004	0	0.0000	0
I	0.0002	0	0.0000	0
A	0.0002	0	0.0000	0
K	0.0017	0	0.0000	0
E	0.0045	0	0.0000	0
L	0.0002	0	0.0000	0
I	0.0006	0	0.0000	0
V	0.0093	0	0.0000	0
L	0.0589	0	0.0000	0
S	0.2172	0	0.0000	0
Y	0.4135	1	0.0000	0
S	0.5992	1	0.0000	0
N	0.4028	1	0.0000	0
R	0.6170	1	0.0000	0
S	0.2955	0	0.0000	0
T	0.1024	0	0.0000	0
L	0.0033	0	0.0000	0
A	0.0012	0	0.0000	0
K	0.0413	0	0.0001	0
L	0.0005	0	0.0000	0
V	0.0020	0	0.0000	0
S	0.0070	0	0.0000	0
S	0.0027	0	0.0000	0
P	0.0003	0	0.0000	0
M	0.0005	0	0.0000	0
S	0.0013	0	0.0000	0
I	0.0001	0	0.0000	0
L	0.0005	0	0.0000	0
V	0.0001	0	0.0000	0
A	0.0000	0	0.0000	0
L	0.0001	0	0.0000	0
V	0.0001	0	0.0000	0
D	0.0002	0	0.0000	0
I	0.0001	0	0.0000	0
N	0.0009	0	0.0000	0
G	0.0003	0	0.0000	0
T	0.0002	0	0.0000	0
F	0.0001	0	0.0000	0
I	0.0001	0	0.0000	0
T	0.0001	0	0.0000	0
N	0.0003	0	0.0000	0
E	0.0003	0	0.0000	0
E	0.0002	0	0.0000	0
L	0.0002	0	0.0000	0
E	0.0003	0	0.0000	0
L	0.0001	0	0.0000	0
E	0.0009	0	0.0000	0
F	0.0029	0	0.0000	0
S	0.0081	0	0.0000	0
N	0.0034	0	0.0000	0
K	0.0060	0	0.0000	0
Y	0.0027	0	0.0000	0
V	0.0003	0	0.0000	0
R	0.0291	0	0.0001	0
A	0.0017	0	0.0000	0
I	0.0001	0	0.0000	0
V	0.0001	0	0.0000	0
P	0.0002	0	0.0000	0
D	0.0001	0	0.0000	0
Q	0.0001	0	0.0000	0
T	0.0000	0	0.0000	0
F	0.0000	0	0.0000	0
D	0.0000	0	0.0000	0
E	0.0000	0	0.0000	0
L	0.0000	0	0.0000	0
N	0.0003	0	0.0000	0
Q	0.0001	0	0.0000	0
M	0.0000	0	0.0000	0
L	0.0000	0	0.0000	0
D	0.0002	0	0.0000	0
N	0.0001	0	0.0000	0
M	0.0001	0	0.0000	0
R	0.0054	0	0.0000	0
K	0.0003	0	0.0000	0
A	0.0001	0	0.0000	0
G	0.0001	0	0.0000	0
L	0.0000	0	0.0000	0
V	0.0001	0	0.0000	0
D	0.0003	0	0.0000	0
I	0.0002	0	0.0000	0
P	0.0002	0	0.0000	0
K	0.0100	0	0.0002	0
M	0.0004	0	0.0000	0
I	0.0007	0	0.0000	0
Q	0.0013	0	0.0000	0
D	0.0021	0	0.0000	0
W	0.0004	0	0.0000	0
L	0.0001	0	0.0000	0
V	0.0012	0	0.0000	0
D	0.0006	0	0.0000	0
R	0.0006	0	0.0000	0
S	0.0006	0	0.0000	0
I	0.0001	0	0.0000	0
E	0.0014	0	0.0000	0
K	0.0239	0	0.0000	0
F	0.0020	0	0.0000	0
P	0.0120	0	0.0000	0
L	0.0005	0	0.0000	0
M	0.0002	0	0.0000	0
A	0.0000	0	0.0000	0
K	0.0001	0	0.0000	0
I	0.0000	0	0.0000	0
Y	0.0002	0	0.0000	0
S	0.0005	0	0.0000	0
W	0.0001	0	0.0000	0
S	0.0006	0	0.0000	0
F	0.0006	0	0.0000	0
H	0.0066	0	0.0001	0
V	0.0267	0	0.0001	0
G	0.0353	0	0.0000	0
F	0.1620	0	0.0002	0
R	0.1479	0	0.0001	0
K	0.0119	0	0.0000	0
Q	0.0029	0	0.0000	0
K	0.0041	0	0.0000	0
M	0.0002	0	0.0000	0
L	0.0001	0	0.0000	0
D	0.0003	0	0.0000	0
A	0.0000	0	0.0000	0
A	0.0000	0	0.0000	0
L	0.0000	0	0.0000	0
D	0.0002	0	0.0000	0
Q	0.0001	0	0.0000	0
L	0.0000	0	0.0000	0
K	0.0002	0	0.0000	0
T	0.0001	0	0.0000	0
E	0.0002	0	0.0000	0
Y	0.0012	0	0.0000	0
T	0.0012	0	0.0001	0
E	0.0004	0	0.0000	0
N	0.0002	0	0.0000	0
V	0.0001	0	0.0000	0
D	0.0003	0	0.0000	0
D	0.0002	0	0.0000	0
E	0.0002	0	0.0000	0
M	0.0000	0	0.0000	0
Y	0.0001	0	0.0000	0
R	0.0000	0	0.0000	0
E	0.0000	0	0.0000	0
Y	0.0001	0	0.0000	0
T	0.0005	0	0.0001	0
M	0.0000	0	0.0000	0
L	0.0000	0	0.0000	0
I	0.0000	0	0.0000	0
R	0.0003	0	0.0000	0
D	0.0001	0	0.0000	0
E	0.0000	0	0.0000	0
V	0.0000	0	0.0000	0
V	0.0000	0	0.0000	0
K	0.0000	0	0.0000	0
M	0.0000	0	0.0000	0
L	0.0000	0	0.0000	0
E	0.0000	0	0.0000	0
E	0.0000	0	0.0000	0
P	0.0000	0	0.0000	0
V	0.0000	0	0.0000	0
K	0.0000	0	0.0000	0
H	0.0002	0	0.0000	0
D	0.0001	0	0.0000	0
D	0.0004	0	0.0001	0
H	0.0500	0	0.0187	0
L	0.0068	0	0.0014	0
L	0.0001	0	0.0000	0
R	0.0016	0	0.0039	0
D	0.0004	0	0.0003	0
S	0.0002	0	0.0001	0
E	0.0003	0	0.0001	0
L	0.0000	0	0.0000	0
A	0.0000	0	0.0000	0
G	0.0000	0	0.0000	0
L	0.0001	0	0.0000	0
L	0.0001	0	0.0001	0
S	0.0002	0	0.0004	0
M	0.0001	0	0.0002	0
S	0.0010	0	0.0013	0
S	0.0042	0	0.0070	0
A	0.0024	0	0.0021	0
S	0.0267	0	0.0424	0
N	0.1430	0	0.0658	0
G	0.0115	0	0.0017	0
E	0.0146	0	0.0008	0
S	0.0796	0	0.0032	0
R	0.4472	1	0.0021	0
Q	0.4016	1	0.0004	0
L	0.0142	0	0.0000	0
K	0.2112	0	0.0006	0
F	0.0316	0	0.0002	0
G	0.0136	0	0.0001	0
R	0.0887	0	0.0006	0
K	0.4446	1	0.0006	0
T	0.2704	0	0.0004	0
I	0.0018	0	0.0000	0
F	0.0184	0	0.0015	0
S	0.0008	0	0.0001	0
T	0.0011	0	0.0001	0
K	0.0132	0	0.0026	0
K	0.0615	0	0.0081	0
N	0.0286	0	0.0056	0
M	0.0009	0	0.0008	0
H	0.0061	0	0.0142	0
V	0.0001	0	0.0001	0
M	0.0006	0	0.0025	0
D	0.0015	0	0.0437	0
D	0.0006	0	0.0030	0
M	0.0000	0	0.0001	0
A	0.0000	0	0.0001	0
N	0.0000	0	0.0001	0
E	0.0000	0	0.0000	0
R	0.0002	0	0.0001	0
Y	0.0013	0	0.0007	0
T	0.0004	0	0.0003	0
P	0.0002	0	0.0001	0
G	0.0001	0	0.0001	0
I	0.0000	0	0.0000	0
I	0.0000	0	0.0000	0
P	0.0000	0	0.0002	0
P	0.0001	0	0.0010	0
V	0.0002	0	0.0015	0
N	0.0005	0	0.0067	0
V	0.0002	0	0.0012	0
D	0.0034	0	0.0264	0
K	0.0151	0	0.0199	0
P	0.0032	0	0.0033	0
I	0.0055	0	0.0051	0
P	0.0384	0	0.0022	0
L	0.0524	0	0.0002	0
G	0.0627	0	0.0005	0
R	0.4629	1	0.0007	0
R	0.7337	1	0.0005	0
D	0.5173	1	0.0001	0
V	0.4783	1	0.0001	0
P	0.4024	1	0.0001	0
G	0.1643	0	0.0000	0
R	0.5337	1	0.0000	0
R	0.5249	1	0.0000	0
T	0.3449	0	0.0000	0
R	0.4457	1	0.0000	0
I	0.0230	0	0.0000	0
I	0.0030	0	0.0000	0
F	0.0105	0	0.0000	0
I	0.0010	0	0.0000	0
L	0.0006	0	0.0000	0
P	0.0009	0	0.0000	0
Y	0.0008	0	0.0000	0
E	0.0012	0	0.0000	0
Y	0.0018	0	0.0000	0
F	0.0003	0	0.0000	0
I	0.0003	0	0.0000	0
A	0.0016	0	0.0000	0
Q	0.0175	0	0.0000	0
H	0.0410	0	0.0000	0
A	0.0010	0	0.0000	0
V	0.0003	0	0.0000	0
V	0.0002	0	0.0000	0
E	0.0084	0	0.0000	0
K	0.0222	0	0.0000	0
M	0.0018	0	0.0000	0
L	0.0092	0	0.0000	0
I	0.0488	0	0.0000	0
Y	0.0464	0	0.0000	0
A	0.0023	0	0.0000	0
K	0.2447	0	0.0000	0
H	0.1511	0	0.0000	0
T	0.0976	0	0.0000	0
R	0.0630	0	0.0000	0
E	0.0101	0	0.0000	0
Y	0.0044	0	0.0000	0
A	0.0006	0	0.0000	0
E	0.0009	0	0.0000	0
F	0.0002	0	0.0000	0
Y	0.0149	0	0.0000	0
S	0.0231	0	0.0000	0
Q	0.0035	0	0.0000	0
S	0.0334	0	0.0000	0
N	0.0215	0	0.0000	0
Q	0.0047	0	0.0000	0
L	0.0007	0	0.0000	0
L	0.0003	0	0.0000	0
S	0.0090	0	0.0000	0
Y	0.0319	0	0.0000	0
G	0.0017	0	0.0000	0
D	0.0007	0	0.0000	0
V	0.0003	0	0.0000	0
T	0.0003	0	0.0000	0
R	0.0008	0	0.0000	0
F	0.0005	0	0.0000	0
L	0.0003	0	0.0000	0
S	0.0007	0	0.0000	0
N	0.0015	0	0.0000	0
N	0.0007	0	0.0000	0
T	0.0003	0	0.0000	0
M	0.0001	0	0.0000	0
V	0.0001	0	0.0000	0
L	0.0000	0	0.0000	0
Y	0.0001	0	0.0000	0
T	0.0000	0	0.0000	0
D	0.0000	0	0.0000	0
V	0.0001	0	0.0000	0
S	0.0004	0	0.0000	0
Q	0.0006	0	0.0000	0
W	0.0004	0	0.0000	0
D	0.0008	0	0.0000	0
S	0.0007	0	0.0000	0
S	0.0019	0	0.0000	0
Q	0.0028	0	0.0000	0
H	0.0099	0	0.0000	0
N	0.0108	0	0.0000	0
T	0.0063	0	0.0000	0
Q	0.0097	0	0.0000	0
P	0.0014	0	0.0000	0
F	0.0005	0	0.0000	0
R	0.0127	0	0.0000	0
K	0.0409	0	0.0000	0
G	0.0051	0	0.0000	0
I	0.0034	0	0.0000	0
I	0.0003	0	0.0000	0
M	0.0439	0	0.0000	0
G	0.0011	0	0.0000	0
L	0.0003	0	0.0000	0
D	0.0036	0	0.0000	0
I	0.0003	0	0.0000	0
L	0.0003	0	0.0000	0
A	0.0008	0	0.0000	0
N	0.0013	0	0.0000	0
M	0.0003	0	0.0000	0
T	0.0004	0	0.0000	0
N	0.0022	0	0.0000	0
D	0.0020	0	0.0000	0
A	0.0003	0	0.0000	0
K	0.0039	0	0.0000	0
V	0.0001	0	0.0000	0
L	0.0001	0	0.0000	0
Q	0.0006	0	0.0000	0
T	0.0001	0	0.0000	0
L	0.0001	0	0.0000	0
N	0.0004	0	0.0000	0
L	0.0001	0	0.0000	0
Y	0.0001	0	0.0000	0
K	0.0002	0	0.0000	0
Q	0.0002	0	0.0000	0
T	0.0002	0	0.0000	0
Q	0.0003	0	0.0000	0
I	0.0002	0	0.0000	0
N	0.0005	0	0.0000	0
L	0.0001	0	0.0000	0
M	0.0003	0	0.0000	0
D	0.0015	0	0.0000	0
S	0.0011	0	0.0000	0
Y	0.0008	0	0.0000	0
V	0.0002	0	0.0000	0
Q	0.0006	0	0.0000	0
I	0.0001	0	0.0000	0
P	0.0015	0	0.0000	0
D	0.0032	0	0.0000	0
G	0.0018	0	0.0000	0
N	0.0024	0	0.0000	0
V	0.0004	0	0.0000	0
I	0.0006	0	0.0000	0
K	0.0050	0	0.0000	0
K	0.0115	0	0.0000	0
I	0.0008	0	0.0000	0
Q	0.1135	0	0.0000	0
Y	0.0058	0	0.0000	0
G	0.0016	0	0.0000	0
A	0.0013	0	0.0000	0
V	0.0040	0	0.0000	0
A	0.1033	0	0.0000	0
S	0.5827	1	0.0000	0
G	0.7106	1	0.0000	0
E	0.7525	1	0.0000	0
K	0.7179	1	0.0000	0
Q	0.6912	1	0.0000	0
T	0.3790	1	0.0000	0
K	0.6380	1	0.0000	0
A	0.0201	0	0.0000	0
A	0.0405	0	0.0000	0
N	0.8361	1	0.0000	0
S	0.4732	1	0.0000	0
I	0.0028	0	0.0000	0
A	0.0011	0	0.0000	0
N	0.0193	0	0.0000	0
L	0.0187	0	0.0000	0
A	0.0005	0	0.0000	0
L	0.0003	0	0.0000	0
I	0.0002	0	0.0000	0
K	0.0023	0	0.0000	0
T	0.0004	0	0.0000	0
V	0.0001	0	0.0000	0
L	0.0005	0	0.0000	0
S	0.0326	0	0.0000	0
R	0.0211	0	0.0000	0
I	0.0004	0	0.0000	0
S	0.0011	0	0.0000	0
N	0.0065	0	0.0000	0
K	0.0189	0	0.0000	0
H	0.0021	0	0.0000	0
S	0.0011	0	0.0000	0
F	0.0003	0	0.0000	0
A	0.0019	0	0.0000	0
T	0.0004	0	0.0000	0
K	0.0025	0	0.0000	0
I	0.0032	0	0.0000	0
I	0.0022	0	0.0000	0
R	0.0573	0	0.0000	0
V	0.0106	0	0.0000	0
D	0.0710	0	0.0000	0
G	0.2672	0	0.0000	0
D	0.6261	1	0.0000	0
D	0.5101	1	0.0000	0
N	0.2558	0	0.0000	0
Y	0.0115	0	0.0000	0
A	0.0004	0	0.0000	0
V	0.0012	0	0.0000	0
L	0.0003	0	0.0000	0
Q	0.0025	0	0.0000	0
F	0.0006	0	0.0000	0
N	0.0037	0	0.0000	0
T	0.0016	0	0.0000	0
E	0.0016	0	0.0000	0
V	0.0005	0	0.0000	0
T	0.0025	0	0.0000	0
K	0.0010	0	0.0000	0
Q	0.0014	0	0.0000	0
M	0.0013	0	0.0000	0
I	0.0002	0	0.0000	0
Q	0.0007	0	0.0000	0
D	0.0007	0	0.0000	0
V	0.0002	0	0.0000	0
S	0.0014	0	0.0000	0
N	0.0011	0	0.0000	0
D	0.0004	0	0.0000	0
V	0.0003	0	0.0000	0
R	0.0164	0	0.0000	0
E	0.0034	0	0.0000	0
T	0.0158	0	0.0000	0
Y	0.0392	0	0.0000	0
A	0.0762	0	0.0000	0
R	0.0167	0	0.0000	0
M	0.0047	0	0.0000	0
N	0.0612	0	0.0000	0
A	0.0018	0	0.0000	0
K	0.0612	0	0.0000	0
V	0.0024	0	0.0000	0
K	0.0303	0	0.0000	0
A	0.0010	0	0.0000	0
L	0.0005	0	0.0000	0
V	0.0004	0	0.0000	0
S	0.0018	0	0.0000	0
T	0.0096	0	0.0000	0
V	0.0014	0	0.0000	0
G	0.0042	0	0.0000	0
I	0.0010	0	0.0000	0
E	0.0051	0	0.0000	0
I	0.0033	0	0.0000	0
A	0.0008	0	0.0000	0
K	0.0075	0	0.0000	0
R	0.1190	0	0.0000	0
Y	0.0544	0	0.0000	0
I	0.0011	0	0.0000	0
A	0.0029	0	0.0000	0
G	0.0243	0	0.0000	0
G	0.1636	0	0.0000	0
K	0.3846	1	0.0000	0
I	0.0034	0	0.0000	0
F	0.0302	0	0.0000	0
F	0.0024	0	0.0000	0
R	0.0115	0	0.0000	0
A	0.0008	0	0.0000	0
G	0.0006	0	0.0000	0
I	0.0004	0	0.0000	0
N	0.0023	0	0.0000	0
L	0.0005	0	0.0000	0
L	0.0005	0	0.0000	0
N	0.0043	0	0.0000	0
N	0.0172	0	0.0000	0
E	0.0073	0	0.0000	0
K	0.0124	0	0.0000	0
R	0.0210	0	0.0000	0
G	0.0046	0	0.0000	0
Q	0.0037	0	0.0000	0
S	0.0128	0	0.0000	0
T	0.0020	0	0.0000	0
Q	0.0021	0	0.0000	0
W	0.0013	0	0.0000	0
D	0.0037	0	0.0000	0
Q	0.0018	0	0.0000	0
A	0.0004	0	0.0000	0
A	0.0005	0	0.0000	0
I	0.0007	0	0.0000	0
L	0.0002	0	0.0000	0
Y	0.0054	0	0.0000	0
S	0.0008	0	0.0000	0
N	0.0020	0	0.0000	0
Y	0.0023	0	0.0000	0
I	0.0002	0	0.0000	0
V	0.0005	0	0.0000	0
N	0.1256	0	0.0000	0
R	0.0282	0	0.0000	0
L	0.0044	0	0.0000	0
R	0.2990	0	0.0000	0
G	0.0548	0	0.0000	0
F	0.0039	0	0.0000	0
E	0.0026	0	0.0000	0
T	0.0019	0	0.0000	0
D	0.0029	0	0.0000	0
R	0.0009	0	0.0000	0
E	0.0025	0	0.0000	0
F	0.0004	0	0.0000	0
I	0.0003	0	0.0000	0
L	0.0004	0	0.0000	0
T	0.0038	0	0.0000	0
K	0.0023	0	0.0000	0
I	0.0005	0	0.0000	0
M	0.0014	0	0.0000	0
Q	0.0074	0	0.0000	0
M	0.0020	0	0.0000	0
T	0.0014	0	0.0000	0
S	0.0044	0	0.0000	0
V	0.0229	0	0.0000	0
A	0.3546	1	0.0000	0
I	0.0620	0	0.0000	0
T	0.2756	0	0.0000	0
G	0.0571	0	0.0000	0
S	0.2468	0	0.0000	0
L	0.0078	0	0.0000	0
R	0.3987	1	0.0000	0
L	0.0024	0	0.0000	0
F	0.0008	0	0.0000	0
P	0.0005	0	0.0000	0
S	0.0018	0	0.0000	0
E	0.0011	0	0.0000	0
R	0.0012	0	0.0000	0
V	0.0005	0	0.0000	0
L	0.0009	0	0.0000	0
T	0.0044	0	0.0000	0
T	0.0016	0	0.0000	0
N	0.0017	0	0.0000	0
S	0.0009	0	0.0000	0
T	0.0009	0	0.0000	0
F	0.0004	0	0.0000	0
K	0.0040	0	0.0000	0
V	0.0003	0	0.0000	0
F	0.0007	0	0.0000	0
D	0.0003	0	0.0000	0
S	0.0004	0	0.0000	0
E	0.0003	0	0.0000	0
D	0.0007	0	0.0000	0
F	0.0002	0	0.0000	0
I	0.0002	0	0.0000	0
I	0.0001	0	0.0000	0
E	0.0016	0	0.0000	0
Y	0.0007	0	0.0000	0
G	0.0006	0	0.0000	0
T	0.0012	0	0.0000	0
T	0.0037	0	0.0000	0
V	0.0033	0	0.0000	0
D	0.0005	0	0.0000	0
E	0.0015	0	0.0000	0
V	0.0002	0	0.0000	0
Y	0.0004	0	0.0000	0
I	0.0001	0	0.0000	0
Q	0.0006	0	0.0000	0
R	0.0009	0	0.0000	0
A	0.0003	0	0.0000	0
F	0.0002	0	0.0000	0
M	0.0010	0	0.0000	0
S	0.0061	0	0.0000	0
L	0.0016	0	0.0000	0
S	0.0470	0	0.0000	0
S	0.0069	0	0.0000	0
Q	0.0272	0	0.0000	0
K	0.1526	0	0.0000	0
S	0.1103	0	0.0000	0
G	0.0212	0	0.0000	0
I	0.0088	0	0.0000	0
A	0.0017	0	0.0000	0
D	0.0042	0	0.0000	0
E	0.0070	0	0.0000	0
I	0.0006	0	0.0000	0
A	0.0032	0	0.0000	0
A	0.0072	0	0.0000	0
S	0.0523	0	0.0000	0
S	0.0083	0	0.0000	0
T	0.0410	0	0.0000	0
F	0.0082	0	0.0000	0
K	0.6126	1	0.0000	0
N	0.2042	0	0.0000	0
Y	0.0607	0	0.0000	0
V	0.0029	0	0.0000	0
T	0.0814	0	0.0000	0
R	0.1643	0	0.0000	0
L	0.0017	0	0.0000	0
S	0.0250	0	0.0000	0
E	0.0622	0	0.0000	0
Q	0.0354	0	0.0000	0
L	0.0010	0	0.0000	0
L	0.0039	0	0.0000	0
F	0.0135	0	0.0000	0
S	0.0757	0	0.0000	0
K	0.1416	0	0.0000	0
N	0.1763	0	0.0000	0
N	0.0086	0	0.0000	0
I	0.0006	0	0.0000	0
V	0.0011	0	0.0000	0
S	0.0122	0	0.0000	0
R	0.2708	0	0.0000	0
G	0.0060	0	0.0000	0
I	0.0077	0	0.0000	0
A	0.0147	0	0.0000	0
L	0.0174	0	0.0000	0
T	0.4350	1	0.0000	0
E	0.0204	0	0.0000	0
K	0.0657	0	0.0000	0
A	0.0051	0	0.0000	0
K	0.0052	0	0.0000	0
L	0.0012	0	0.0000	0
N	0.0017	0	0.0000	0
S	0.0074	0	0.0000	0
Y	0.1223	0	0.0000	0
A	0.0403	0	0.0000	0
P	0.3066	0	0.0000	0
I	0.0057	0	0.0000	0
S	0.0113	0	0.0000	0
L	0.0016	0	0.0000	0
E	0.0210	0	0.0000	0
K	0.0335	0	0.0000	0
R	0.0548	0	0.0000	0
R	0.1941	0	0.0000	0
A	0.0104	0	0.0000	0
Q	0.0024	0	0.0000	0
I	0.0001	0	0.0000	0
S	0.0007	0	0.0000	0
A	0.0004	0	0.0000	0
L	0.0001	0	0.0000	0
L	0.0001	0	0.0000	0
T	0.0001	0	0.0000	0
M	0.0001	0	0.0000	0
L	0.0001	0	0.0000	0
Q	0.0004	0	0.0000	0
K	0.0006	0	0.0000	0
P	0.0003	0	0.0000	0
V	0.0004	0	0.0000	0
T	0.0005	0	0.0000	0
F	0.0004	0	0.0000	0
K	0.0045	0	0.0000	0
S	0.0020	0	0.0000	0
S	0.0013	0	0.0000	0
K	0.0085	0	0.0000	0
I	0.0004	0	0.0000	0
T	0.0029	0	0.0000	0
I	0.0009	0	0.0000	0
N	0.0083	0	0.0000	0
D	0.0013	0	0.0000	0
I	0.0001	0	0.0000	0
L	0.0002	0	0.0000	0
R	0.0052	0	0.0000	0
D	0.0001	0	0.0000	0
I	0.0001	0	0.0000	0
K	0.0037	0	0.0000	0
P	0.0007	0	0.0000	0
F	0.0002	0	0.0000	0
F	0.0002	0	0.0000	0
T	0.0018	0	0.0000	0
V	0.0004	0	0.0000	0
S	0.0006	0	0.0000	0
D	0.0007	0	0.0000	0
A	0.0021	0	0.0000	0
H	0.0074	0	0.0000	0
L	0.0046	0	0.0000	0
P	0.0055	0	0.0000	0
I	0.0113	0	0.0000	0
Q	0.0048	0	0.0000	0
Y	0.0032	0	0.0000	0
Q	0.0009	0	0.0000	0
K	0.0010	0	0.0000	0
F	0.0004	0	0.0000	0
M	0.0010	0	0.0000	0
P	0.0016	0	0.0000	0
T	0.0030	0	0.0000	0
L	0.0004	0	0.0000	0
P	0.0005	0	0.0000	0
D	0.0004	0	0.0000	0
N	0.0011	0	0.0000	0
V	0.0001	0	0.0000	0
Q	0.0015	0	0.0000	0
Y	0.0028	0	0.0000	0
I	0.0003	0	0.0000	0
I	0.0002	0	0.0000	0
Q	0.0096	0	0.0000	0
C	0.0022	0	0.0000	0
I	0.0661	0	0.0000	0
G	0.0556	0	0.0000	0
S	0.0450	0	0.0000	0
R	0.6019	1	0.0000	0
T	0.4939	1	0.0000	0
Y	0.5064	1	0.0000	0
Q	0.2567	0	0.0000	0
I	0.0343	0	0.0000	0
E	0.0671	0	0.0000	0
D	0.0756	0	0.0000	0
D	0.1328	0	0.0000	0
G	0.3425	0	0.0000	0
S	0.3495	0	0.0000	0
K	0.3786	1	0.0000	0
S	0.8751	1	0.0000	0
A	0.4097	1	0.0000	0
I	0.0039	0	0.0000	0
S	0.4211	1	0.0000	0
R	0.4584	1	0.0000	0
L	0.0010	0	0.0000	0
I	0.0004	0	0.0000	0
S	0.0633	0	0.0000	0
K	0.0073	0	0.0000	0
Y	0.0007	0	0.0000	0
S	0.0005	0	0.0000	0
V	0.0008	0	0.0000	0
Y	0.0063	0	0.0000	0
K	0.0128	0	0.0000	0
P	0.0037	0	0.0000	0
S	0.0104	0	0.0000	0
I	0.0041	0	0.0000	0
E	0.0039	0	0.0000	0
E	0.0022	0	0.0000	0
L	0.0001	0	0.0000	0
Y	0.0002	0	0.0000	0
K	0.0008	0	0.0000	0
V	0.0001	0	0.0000	0
I	0.0001	0	0.0000	0
S	0.0004	0	0.0000	0
L	0.0007	0	0.0000	0
H	0.0027	0	0.0000	0
E	0.0011	0	0.0000	0
N	0.0117	0	0.0000	0
E	0.0061	0	0.0000	0
I	0.0004	0	0.0000	0
Q	0.0778	0	0.0000	0
L	0.0011	0	0.0000	0
Y	0.0004	0	0.0000	0
L	0.0003	0	0.0000	0
I	0.0002	0	0.0000	0
S	0.0004	0	0.0000	0
L	0.0002	0	0.0000	0
G	0.0003	0	0.0000	0
I	0.0004	0	0.0000	0
P	0.0016	0	0.0000	0
K	0.0084	0	0.0000	0
I	0.0012	0	0.0000	0
D	0.0040	0	0.0000	0
A	0.0014	0	0.0000	0
D	0.0100	0	0.0000	0
T	0.0017	0	0.0000	0
Y	0.0046	0	0.0000	0
V	0.0003	0	0.0000	0
G	0.0010	0	0.0000	0
S	0.0021	0	0.0000	0
K	0.0081	0	0.0000	0
I	0.0008	0	0.0000	0
Y	0.0211	0	0.0000	0
S	0.0662	0	0.0000	0
R	0.1007	0	0.0000	0
D	0.0031	0	0.0000	0
K	0.0282	0	0.0000	0
Y	0.0015	0	0.0000	0
R	0.0066	0	0.0000	0
I	0.0001	0	0.0000	0
L	0.0002	0	0.0000	0
E	0.0012	0	0.0000	0
S	0.0003	0	0.0000	0
Y	0.0002	0	0.0000	0
V	0.0001	0	0.0000	0
Y	0.0006	0	0.0000	0
N	0.0007	0	0.0000	0
L	0.0002	0	0.0000	0
L	0.0002	0	0.0000	0
S	0.0004	0	0.0000	0
I	0.0002	0	0.0000	0
N	0.0041	0	0.0000	0
Y	0.0003	0	0.0000	0
G	0.0001	0	0.0000	0
C	0.0001	0	0.0000	0
Y	0.0002	0	0.0000	0
Q	0.0004	0	0.0000	0
L	0.0001	0	0.0000	0
F	0.0001	0	0.0000	0
D	0.0002	0	0.0000	0
F	0.0001	0	0.0000	0
N	0.0005	0	0.0000	0
S	0.0007	0	0.0000	0
P	0.0011	0	0.0000	0
D	0.0145	0	0.0000	0
L	0.0007	0	0.0000	0
E	0.0087	0	0.0000	0
K	0.0157	0	0.0000	0
L	0.0005	0	0.0000	0
I	0.0002	0	0.0000	0
R	0.0261	0	0.0000	0
I	0.0013	0	0.0000	0
P	0.0059	0	0.0000	0
F	0.0075	0	0.0000	0
K	0.1519	0	0.0000	0
G	0.0909	0	0.0000	0
K	0.2292	0	0.0000	0
I	0.0103	0	0.0000	0
P	0.0093	0	0.0000	0
A	0.0163	0	0.0000	0
V	0.0016	0	0.0000	0
T	0.0009	0	0.0000	0
F	0.0019	0	0.0000	0
I	0.0021	0	0.0000	0
L	0.0006	0	0.0000	0
H	0.0763	0	0.0000	0
L	0.0014	0	0.0000	0
Y	0.0029	0	0.0000	0
A	0.0008	0	0.0000	0
K	0.1159	0	0.0000	0
L	0.0060	0	0.0000	0
E	0.0016	0	0.0000	0
V	0.0003	0	0.0000	0
I	0.0011	0	0.0000	0
N	0.0119	0	0.0000	0
Y	0.0738	0	0.0000	0
A	0.0012	0	0.0000	0
I	0.0005	0	0.0000	0
K	0.0275	0	0.0000	0
N	0.0038	0	0.0000	0
G	0.0009	0	0.0000	0
S	0.0025	0	0.0000	0
W	0.0033	0	0.0000	0
I	0.0014	0	0.0000	0
S	0.0151	0	0.0000	0
L	0.0004	0	0.0000	0
F	0.0021	0	0.0000	0
C	0.0004	0	0.0000	0
N	0.0030	0	0.0000	0
Y	0.0065	0	0.0000	0
P	0.0020	0	0.0000	0
K	0.0184	0	0.0000	0
S	0.0458	0	0.0000	0
E	0.0013	0	0.0000	0
M	0.0004	0	0.0000	0
I	0.0002	0	0.0000	0
K	0.0052	0	0.0000	0
L	0.0003	0	0.0000	0
W	0.0034	0	0.0000	0
K	0.0211	0	0.0000	0
K	0.0005	0	0.0000	0
M	0.0001	0	0.0000	0
W	0.0003	0	0.0000	0
N	0.0007	0	0.0000	0
I	0.0004	0	0.0000	0
T	0.0093	0	0.0000	0
S	0.0309	0	0.0000	0
L	0.0038	0	0.0000	0
R	0.2998	0	0.0000	0
S	0.0530	0	0.0000	0
P	0.0089	0	0.0000	0
Y	0.0443	0	0.0000	0
T	0.0980	0	0.0000	0
N	0.1070	0	0.0000	0
A	0.0183	0	0.0000	0
N	0.0636	0	0.0000	0
F	0.0204	0	0.0000	0
F	0.0042	0	0.0000	0
Q	0.0067	0	0.0000	0
D	0.0110	0	0.0000	0
</pre></body></html>