<html><head></head><body><pre style="word-wrap: break-word; white-space: pre-wrap;">&gt;B0S4P3
Amino Acid	probability_DNA	binary_DNA	probability_RNA	binary_RNA
M	0.0574	0	0.0001	0
F	0.0185	0	0.0001	0
L	0.0010	0	0.0000	0
T	0.0015	0	0.0000	0
R	0.0571	0	0.0000	0
R	0.0865	0	0.0002	0
D	0.0030	0	0.0000	0
P	0.0012	0	0.0000	0
P	0.0012	0	0.0000	0
L	0.0003	0	0.0000	0
S	0.0008	0	0.0000	0
S	0.0005	0	0.0000	0
F	0.0016	0	0.0000	0
W	0.0084	0	0.0000	0
T	0.0400	0	0.0000	0
K	0.0926	0	0.0000	0
V	0.0523	0	0.0000	0
Q	0.1689	0	0.0000	0
Y	0.0356	0	0.0000	0
Q	0.0028	0	0.0000	0
R	0.0036	0	0.0000	0
L	0.0003	0	0.0000	0
K	0.0003	0	0.0000	0
E	0.0002	0	0.0000	0
L	0.0001	0	0.0000	0
N	0.0007	0	0.0000	0
A	0.0004	0	0.0000	0
S	0.0024	0	0.0000	0
G	0.0007	0	0.0000	0
E	0.0008	0	0.0000	0
Q	0.0015	0	0.0000	0
L	0.0003	0	0.0000	0
E	0.0009	0	0.0000	0
M	0.0011	0	0.0000	0
G	0.0043	0	0.0000	0
F	0.0074	0	0.0000	0
S	0.0877	0	0.0000	0
D	0.0141	0	0.0000	0
A	0.0448	0	0.0000	0
L	0.0700	0	0.0000	0
S	0.0077	0	0.0000	0
R	0.0083	0	0.0000	0
D	0.0024	0	0.0000	0
R	0.0396	0	0.0000	0
A	0.0102	0	0.0000	0
F	0.0040	0	0.0000	0
Q	0.1432	0	0.0001	0
G	0.0050	0	0.0000	0
I	0.0121	0	0.0000	0
E	0.0019	0	0.0000	0
H	0.0053	0	0.0000	0
Q	0.0065	0	0.0000	0
L	0.0010	0	0.0000	0
M	0.0008	0	0.0000	0
S	0.0039	0	0.0000	0
Q	0.0062	0	0.0000	0
G	0.0046	0	0.0000	0
K	0.0071	0	0.0000	0
R	0.0083	0	0.0000	0
H	0.0058	0	0.0000	0
L	0.0008	0	0.0000	0
E	0.0027	0	0.0000	0
Q	0.0096	0	0.0000	0
L	0.0015	0	0.0000	0
R	0.0063	0	0.0000	0
T	0.0167	0	0.0000	0
V	0.0159	0	0.0000	0
K	0.0309	0	0.0000	0
H	0.1124	0	0.0003	0
R	0.2737	0	0.0008	0
P	0.1593	0	0.0002	0
A	0.0070	0	0.0000	0
L	0.0503	0	0.0001	0
L	0.0116	0	0.0000	0
E	0.0099	0	0.0000	0
L	0.0006	0	0.0000	0
E	0.0172	0	0.0000	0
E	0.0222	0	0.0000	0
K	0.0023	0	0.0000	0
L	0.0003	0	0.0000	0
A	0.0092	0	0.0000	0
K	0.0017	0	0.0000	0
A	0.0002	0	0.0000	0
L	0.0004	0	0.0000	0
H	0.0015	0	0.0000	0
Q	0.0016	0	0.0000	0
Q	0.0011	0	0.0000	0
G	0.0005	0	0.0000	0
F	0.0002	0	0.0000	0
V	0.0001	0	0.0000	0
Q	0.0001	0	0.0000	0
V	0.0001	0	0.0000	0
V	0.0004	0	0.0000	0
T	0.0004	0	0.0000	0
P	0.0004	0	0.0000	0
T	0.0018	0	0.0000	0
I	0.0004	0	0.0000	0
I	0.0009	0	0.0000	0
T	0.0009	0	0.0000	0
K	0.0013	0	0.0000	0
S	0.0006	0	0.0000	0
A	0.0008	0	0.0000	0
L	0.0003	0	0.0000	0
A	0.0011	0	0.0000	0
K	0.0041	0	0.0000	0
M	0.0015	0	0.0000	0
T	0.0026	0	0.0000	0
I	0.0044	0	0.0000	0
G	0.0134	0	0.0000	0
E	0.0224	0	0.0000	0
D	0.0145	0	0.0000	0
H	0.1699	0	0.0000	0
P	0.0404	0	0.0000	0
L	0.0407	0	0.0000	0
F	0.0972	0	0.0000	0
S	0.3192	0	0.0000	0
Q	0.0693	0	0.0000	0
V	0.0122	0	0.0000	0
F	0.4204	1	0.0000	0
W	0.4593	1	0.0000	0
L	0.1205	0	0.0000	0
D	0.0859	0	0.0000	0
G	0.1338	0	0.0000	0
K	0.2153	0	0.0000	0
K	0.4401	1	0.0000	0
C	0.0126	0	0.0000	0
L	0.0046	0	0.0000	0
R	0.4256	1	0.0000	0
P	0.0116	0	0.0000	0
M	0.0492	0	0.0000	0
L	0.0556	0	0.0000	0
A	0.4451	1	0.0005	0
P	0.1701	0	0.0001	0
N	0.0394	0	0.0000	0
L	0.0061	0	0.0000	0
Y	0.0033	0	0.0000	0
T	0.0355	0	0.0000	0
L	0.0024	0	0.0000	0
W	0.0011	0	0.0000	0
R	0.0241	0	0.0000	0
E	0.0027	0	0.0000	0
L	0.0012	0	0.0000	0
E	0.0042	0	0.0000	0
R	0.0189	0	0.0000	0
L	0.0019	0	0.0000	0
W	0.0084	0	0.0000	0
D	0.0019	0	0.0000	0
K	0.0069	0	0.0000	0
P	0.0086	0	0.0000	0
I	0.0009	0	0.0000	0
R	0.0388	0	0.0000	0
I	0.0048	0	0.0000	0
F	0.0020	0	0.0000	0
E	0.0022	0	0.0000	0
I	0.0043	0	0.0000	0
G	0.0049	0	0.0000	0
T	0.0030	0	0.0000	0
C	0.0124	0	0.0000	0
Y	0.3691	1	0.0024	0
R	0.5781	1	0.0012	0
K	0.2233	0	0.0004	0
E	0.5570	1	0.0009	0
S	0.2476	0	0.0007	0
Q	0.4919	1	0.0023	0
G	0.7439	1	0.0015	0
A	0.5960	1	0.0010	0
Q	0.4212	1	0.0005	0
H	0.7875	1	0.0003	0
L	0.2333	0	0.0000	0
N	0.1583	0	0.0000	0
E	0.0073	0	0.0000	0
F	0.0108	0	0.0000	0
T	0.0069	0	0.0000	0
M	0.0551	0	0.0000	0
L	0.0021	0	0.0000	0
N	0.0077	0	0.0000	0
L	0.0005	0	0.0000	0
T	0.0004	0	0.0000	0
E	0.0002	0	0.0000	0
L	0.0002	0	0.0000	0
G	0.0003	0	0.0000	0
T	0.0010	0	0.0000	0
P	0.0034	0	0.0000	0
L	0.0162	0	0.0000	0
E	0.0037	0	0.0000	0
E	0.0013	0	0.0000	0
R	0.0003	0	0.0000	0
H	0.0010	0	0.0000	0
Q	0.0013	0	0.0000	0
R	0.0002	0	0.0000	0
L	0.0002	0	0.0000	0
E	0.0001	0	0.0000	0
D	0.0000	0	0.0000	0
M	0.0000	0	0.0000	0
A	0.0000	0	0.0000	0
R	0.0001	0	0.0000	0
W	0.0000	0	0.0000	0
V	0.0000	0	0.0000	0
L	0.0001	0	0.0000	0
E	0.0001	0	0.0000	0
A	0.0001	0	0.0000	0
A	0.0000	0	0.0000	0
G	0.0001	0	0.0000	0
I	0.0002	0	0.0000	0
R	0.0012	0	0.0000	0
E	0.0011	0	0.0000	0
F	0.0005	0	0.0000	0
E	0.0015	0	0.0000	0
L	0.0002	0	0.0000	0
V	0.0101	0	0.0000	0
T	0.0804	0	0.0001	0
E	0.0516	0	0.0000	0
S	0.0098	0	0.0000	0
S	0.0087	0	0.0000	0
V	0.0263	0	0.0000	0
V	0.0093	0	0.0000	0
Y	0.0070	0	0.0000	0
G	0.0014	0	0.0000	0
D	0.0014	0	0.0000	0
T	0.0010	0	0.0000	0
V	0.0003	0	0.0000	0
D	0.0004	0	0.0000	0
V	0.0003	0	0.0000	0
M	0.0004	0	0.0000	0
K	0.0004	0	0.0000	0
G	0.0026	0	0.0000	0
D	0.0482	0	0.0002	0
L	0.0010	0	0.0000	0
E	0.0050	0	0.0000	0
L	0.0002	0	0.0000	0
A	0.0003	0	0.0000	0
S	0.0005	0	0.0000	0
G	0.0010	0	0.0000	0
A	0.0020	0	0.0000	0
M	0.0053	0	0.0000	0
G	0.3522	1	0.0001	0
P	0.1556	0	0.0000	0
H	0.0383	0	0.0000	0
F	0.0111	0	0.0000	0
L	0.0039	0	0.0000	0
D	0.0019	0	0.0000	0
E	0.0300	0	0.0000	0
K	0.0054	0	0.0000	0
W	0.0006	0	0.0000	0
E	0.0007	0	0.0000	0
I	0.0010	0	0.0000	0
F	0.0260	0	0.0001	0
D	0.0146	0	0.0001	0
P	0.0181	0	0.0000	0
W	0.0168	0	0.0000	0
V	0.0070	0	0.0000	0
G	0.1188	0	0.0003	0
L	0.0080	0	0.0000	0
G	0.0041	0	0.0000	0
F	0.0043	0	0.0000	0
G	0.0077	0	0.0000	0
L	0.0022	0	0.0000	0
E	0.0915	0	0.0000	0
R	0.3791	1	0.0002	0
L	0.0007	0	0.0000	0
L	0.0001	0	0.0000	0
M	0.0009	0	0.0000	0
I	0.0002	0	0.0000	0
R	0.0018	0	0.0000	0
E	0.0072	0	0.0000	0
G	0.0015	0	0.0000	0
T	0.0013	0	0.0000	0
Q	0.0017	0	0.0000	0
H	0.0065	0	0.0000	0
V	0.0024	0	0.0000	0
Q	0.1800	0	0.0001	0
S	0.0012	0	0.0000	0
M	0.0005	0	0.0000	0
A	0.0021	0	0.0000	0
R	0.0022	0	0.0000	0
S	0.0026	0	0.0000	0
L	0.0033	0	0.0000	0
S	0.0320	0	0.0000	0
Y	0.0445	0	0.0000	0
L	0.0240	0	0.0000	0
D	0.0507	0	0.0000	0
G	0.0146	0	0.0000	0
V	0.0051	0	0.0000	0
R	0.1817	0	0.0001	0
L	0.0903	0	0.0000	0
N	0.2764	0	0.0001	0
I	0.0258	0	0.0000	0
N	0.3877	1	0.0005	0
</pre></body></html>