<html><head></head><body><pre style="word-wrap: break-word; white-space: pre-wrap;">&gt;D3QYD6
Amino Acid	probability_DNA	binary_DNA	probability_RNA	binary_RNA
M	0.1677	0	0.0005	0
K	0.0610	0	0.0002	0
K	0.0115	0	0.0000	0
D	0.0048	0	0.0000	0
I	0.0067	0	0.0000	0
H	0.4998	1	0.0029	0
P	0.0057	0	0.0000	0
K	0.0008	0	0.0000	0
Y	0.0007	0	0.0000	0
E	0.0006	0	0.0000	0
E	0.0002	0	0.0000	0
I	0.0001	0	0.0000	0
T	0.0002	0	0.0000	0
A	0.0001	0	0.0000	0
S	0.0003	0	0.0000	0
C	0.0002	0	0.0000	0
S	0.0017	0	0.0000	0
C	0.0014	0	0.0000	0
G	0.0053	0	0.0000	0
N	0.0248	0	0.0001	0
V	0.0172	0	0.0000	0
M	0.0128	0	0.0000	0
K	0.0262	0	0.0001	0
I	0.0102	0	0.0000	0
R	0.3975	1	0.0048	0
S	0.4322	1	0.0017	0
T	0.5809	1	0.0014	0
V	0.4988	1	0.0004	0
G	0.3062	0	0.0007	0
H	0.0569	0	0.0000	0
D	0.0570	0	0.0001	0
L	0.0106	0	0.0000	0
N	0.3441	0	0.0012	0
L	0.0089	0	0.0000	0
D	0.3199	0	0.0008	0
V	0.0266	0	0.0001	0
C	0.0076	0	0.0000	0
S	0.1564	0	0.0023	0
K	0.0930	0	0.0039	0
C	0.0395	0	0.0030	0
H	0.3051	0	0.0233	0
P	0.1062	0	0.0025	0
F	0.0127	0	0.0002	0
F	0.1834	0	0.0075	0
T	0.3435	0	0.0592	0
G	0.0915	0	0.0027	0
K	0.3284	0	0.0138	0
Q	0.3550	1	0.0095	0
R	0.5888	1	0.0050	0
D	0.0222	0	0.0001	0
V	0.0046	0	0.0000	0
A	0.0233	0	0.0004	0
T	0.2209	0	0.0082	0
G	0.1624	0	0.0080	0
G	0.1489	0	0.0059	0
R	0.7641	1	0.0125	0
V	0.0161	0	0.0001	0
D	0.0956	0	0.0017	0
R	0.7971	1	0.0071	0
F	0.0293	0	0.0003	0
N	0.0485	0	0.0011	0
K	0.0098	0	0.0001	0
R	0.1973	0	0.0015	0
F	0.0150	0	0.0000	0
N	0.0026	0	0.0000	0
I	0.0017	0	0.0000	0
P	0.0014	0	0.0000	0
G	0.0017	0	0.0000	0
S	0.0035	0	0.0000	0
K	0.0243	0	0.0000	0
</pre></body></html>