<html><head></head><body><pre style="word-wrap: break-word; white-space: pre-wrap;">&gt;Q15637
Amino Acid	probability_DNA	binary_DNA	probability_RNA	binary_RNA
M	0.0000	0	0.4622	1
A	0.0000	0	0.2412	1
T	0.0000	0	0.3385	1
G	0.0000	0	0.2504	1
A	0.0000	0	0.1877	1
N	0.0000	0	0.0841	0
A	0.0000	0	0.0332	0
T	0.0000	0	0.1846	1
P	0.0000	0	0.1715	1
L	0.0000	0	0.2611	1
D	0.0000	0	0.1922	1
F	0.0001	0	0.4758	1
P	0.0001	0	0.4586	1
S	0.0000	0	0.2561	1
K	0.0001	0	0.4957	1
K	0.0000	0	0.7012	1
R	0.0000	0	0.5250	1
K	0.0000	0	0.7977	1
R	0.0000	0	0.7069	1
S	0.0000	0	0.6536	1
R	0.0000	0	0.5901	1
W	0.0000	0	0.4664	1
N	0.0000	0	0.0554	0
Q	0.0000	0	0.0789	0
D	0.0000	0	0.0106	0
T	0.0000	0	0.0031	0
M	0.0000	0	0.0043	0
E	0.0000	0	0.0037	0
Q	0.0000	0	0.0027	0
K	0.0000	0	0.0033	0
T	0.0000	0	0.0012	0
V	0.0000	0	0.0012	0
I	0.0000	0	0.0016	0
P	0.0000	0	0.0010	0
G	0.0000	0	0.0017	0
M	0.0000	0	0.0017	0
P	0.0000	0	0.0028	0
T	0.0000	0	0.0033	0
V	0.0000	0	0.0015	0
I	0.0000	0	0.0010	0
P	0.0000	0	0.0033	0
P	0.0000	0	0.0044	0
G	0.0000	0	0.0299	0
L	0.0000	0	0.0051	0
T	0.0000	0	0.0032	0
R	0.0000	0	0.0065	0
E	0.0000	0	0.0069	0
Q	0.0000	0	0.1467	0
E	0.0000	0	0.0030	0
R	0.0000	0	0.0103	0
A	0.0000	0	0.0043	0
Y	0.0000	0	0.0028	0
I	0.0000	0	0.0008	0
V	0.0000	0	0.0012	0
Q	0.0000	0	0.0181	0
L	0.0000	0	0.0008	0
Q	0.0000	0	0.0094	0
I	0.0000	0	0.0022	0
E	0.0000	0	0.0039	0
D	0.0000	0	0.0007	0
L	0.0000	0	0.0005	0
T	0.0000	0	0.0016	0
R	0.0000	0	0.0056	0
K	0.0000	0	0.0033	0
L	0.0000	0	0.0002	0
R	0.0000	0	0.0178	0
T	0.0000	0	0.0222	0
G	0.0000	0	0.0011	0
D	0.0000	0	0.0007	0
L	0.0000	0	0.0004	0
G	0.0000	0	0.0005	0
I	0.0000	0	0.0008	0
P	0.0000	0	0.0015	0
P	0.0000	0	0.0012	0
N	0.0000	0	0.0018	0
P	0.0000	0	0.0038	0
E	0.0000	0	0.0041	0
D	0.0000	0	0.0031	0
R	0.0000	0	0.2435	1
S	0.0000	0	0.2392	1
P	0.0000	0	0.1279	0
S	0.0000	0	0.2707	1
P	0.0000	0	0.2067	1
E	0.0000	0	0.0507	0
P	0.0000	0	0.0212	0
I	0.0000	0	0.0234	0
Y	0.0000	0	0.3455	1
N	0.0000	0	0.0086	0
S	0.0000	0	0.0110	0
E	0.0000	0	0.0066	0
G	0.0000	0	0.0071	0
K	0.0000	0	0.0730	0
R	0.0000	0	0.3762	1
L	0.0000	0	0.3861	1
N	0.0000	0	0.1814	1
T	0.0000	0	0.2497	1
R	0.0000	0	0.4252	1
E	0.0000	0	0.0150	0
F	0.0000	0	0.0100	0
R	0.0000	0	0.3478	1
T	0.0000	0	0.0051	0
R	0.0000	0	0.1068	0
K	0.0000	0	0.0329	0
K	0.0000	0	0.0581	0
L	0.0000	0	0.0141	0
E	0.0000	0	0.0037	0
E	0.0000	0	0.0041	0
E	0.0000	0	0.0011	0
R	0.0000	0	0.0078	0
H	0.0000	0	0.0013	0
N	0.0000	0	0.0039	0
L	0.0000	0	0.0004	0
I	0.0000	0	0.0007	0
T	0.0000	0	0.0006	0
E	0.0000	0	0.0009	0
M	0.0000	0	0.0005	0
V	0.0000	0	0.0037	0
A	0.0000	0	0.0141	0
L	0.0000	0	0.0080	0
N	0.0000	0	0.0035	0
P	0.0000	0	0.0050	0
D	0.0000	0	0.0071	0
F	0.0000	0	0.0052	0
K	0.0000	0	0.0713	0
P	0.0000	0	0.0057	0
P	0.0000	0	0.0083	0
A	0.0000	0	0.0279	0
D	0.0000	0	0.0056	0
Y	0.0000	0	0.0295	0
K	0.0000	0	0.0218	0
P	0.0000	0	0.0038	0
P	0.0000	0	0.0379	0
A	0.0000	0	0.0105	0
T	0.0000	0	0.0190	0
R	0.0000	0	0.1121	0
V	0.0000	0	0.0230	0
S	0.0000	0	0.0244	0
D	0.0000	0	0.0097	0
K	0.0000	0	0.3919	1
V	0.0000	0	0.0338	0
M	0.0000	0	0.0465	0
I	0.0000	0	0.0224	0
P	0.0000	0	0.0537	0
Q	0.0000	0	0.0449	0
D	0.0000	0	0.0437	0
E	0.0000	0	0.0478	0
Y	0.0000	0	0.1533	1
P	0.0000	0	0.1536	1
E	0.0000	0	0.1436	0
I	0.0000	0	0.3078	1
N	0.0000	0	0.8107	1
F	0.0000	0	0.0618	0
V	0.0000	0	0.0957	0
G	0.0000	0	0.8474	1
L	0.0000	0	0.8318	1
L	0.0000	0	0.0153	0
I	0.0000	0	0.3514	1
G	0.0000	0	0.8539	1
P	0.0000	0	0.8006	1
R	0.0000	0	0.7857	1
G	0.0000	0	0.2677	1
N	0.0000	0	0.0685	0
T	0.0000	0	0.0561	0
L	0.0000	0	0.0509	0
K	0.0000	0	0.8612	1
N	0.0000	0	0.5276	1
I	0.0000	0	0.0296	0
E	0.0000	0	0.0688	0
K	0.0000	0	0.3827	1
E	0.0000	0	0.0544	0
C	0.0000	0	0.0262	0
N	0.0000	0	0.0200	0
A	0.0000	0	0.0127	0
K	0.0000	0	0.7564	1
I	0.0000	0	0.0958	0
M	0.0000	0	0.8426	1
I	0.0000	0	0.1787	1
R	0.0000	0	0.8006	1
G	0.0000	0	0.0901	0
K	0.0000	0	0.9128	1
G	0.0000	0	0.3280	1
S	0.0000	0	0.9063	1
V	0.0000	0	0.8239	1
K	0.0000	0	0.8315	1
E	0.0000	0	0.1900	1
G	0.0000	0	0.4624	1
K	0.0000	0	0.3418	1
V	0.0000	0	0.2761	1
G	0.0000	0	0.0201	0
R	0.0000	0	0.1027	0
K	0.0000	0	0.0933	0
D	0.0000	0	0.0343	0
G	0.0000	0	0.0612	0
Q	0.0000	0	0.0106	0
M	0.0000	0	0.0195	0
L	0.0000	0	0.0093	0
P	0.0000	0	0.0048	0
G	0.0000	0	0.0104	0
E	0.0000	0	0.0059	0
D	0.0000	0	0.0057	0
E	0.0000	0	0.0046	0
P	0.0000	0	0.0628	0
L	0.0000	0	0.0016	0
H	0.0000	0	0.0335	0
A	0.0000	0	0.0008	0
L	0.0000	0	0.0029	0
V	0.0000	0	0.0008	0
T	0.0000	0	0.0019	0
A	0.0000	0	0.0017	0
N	0.0000	0	0.1169	0
T	0.0000	0	0.0761	0
M	0.0000	0	0.2106	1
E	0.0000	0	0.0242	0
N	0.0000	0	0.0098	0
V	0.0000	0	0.0012	0
K	0.0000	0	0.0035	0
K	0.0000	0	0.0206	0
A	0.0000	0	0.0016	0
V	0.0000	0	0.0007	0
E	0.0000	0	0.0012	0
Q	0.0000	0	0.0006	0
I	0.0000	0	0.0002	0
R	0.0000	0	0.0039	0
N	0.0000	0	0.0006	0
I	0.0000	0	0.0002	0
L	0.0000	0	0.0004	0
K	0.0000	0	0.0021	0
Q	0.0000	0	0.0002	0
G	0.0000	0	0.0001	0
I	0.0000	0	0.0002	0
E	0.0000	0	0.0005	0
T	0.0000	0	0.0010	0
P	0.0000	0	0.0074	0
E	0.0000	0	0.0059	0
D	0.0000	0	0.0112	0
Q	0.0000	0	0.0207	0
N	0.0000	0	0.0090	0
D	0.0000	0	0.0038	0
L	0.0000	0	0.0146	0
R	0.0000	0	0.1963	1
K	0.0000	0	0.0556	0
M	0.0000	0	0.0087	0
Q	0.0000	0	0.0163	0
L	0.0000	0	0.0307	0
R	0.0000	0	0.3171	1
E	0.0000	0	0.0546	0
L	0.0000	0	0.0112	0
A	0.0000	0	0.0051	0
R	0.0000	0	0.0109	0
L	0.0000	0	0.0494	0
N	0.0000	0	0.2453	1
G	0.0000	0	0.4985	1
T	0.0000	0	0.2748	1
L	0.0000	0	0.0617	0
R	0.0000	0	0.2324	1
E	0.0000	0	0.0057	0
D	0.0000	0	0.0167	0
D	0.0000	0	0.0112	0
N	0.0000	0	0.0153	0
R	0.0000	0	0.1918	1
I	0.0000	0	0.1266	0
L	0.0000	0	0.2352	1
R	0.0000	0	0.8049	1
P	0.0000	0	0.1151	0
W	0.0000	0	0.5977	1
Q	0.0000	0	0.0837	0
S	0.0000	0	0.1052	0
S	0.0000	0	0.5559	1
E	0.0000	0	0.2440	1
T	0.0000	0	0.5229	1
R	0.0000	0	0.2412	1
S	0.0000	0	0.3596	1
I	0.0000	0	0.2344	1
T	0.0000	0	0.4791	1
N	0.0000	0	0.0910	0
T	0.0000	0	0.2146	1
T	0.0000	0	0.0077	0
V	0.0000	0	0.0317	0
C	0.0000	0	0.0027	0
T	0.0000	0	0.3660	1
K	0.0000	0	0.0297	0
C	0.0000	0	0.0538	0
G	0.0000	0	0.3985	1
G	0.0000	0	0.4502	1
A	0.0000	0	0.5493	1
G	0.0000	0	0.1063	0
H	0.0000	0	0.2342	1
I	0.0000	0	0.0066	0
A	0.0000	0	0.2034	1
S	0.0000	0	0.4185	1
D	0.0000	0	0.0526	0
C	0.0000	0	0.0128	0
K	0.0000	0	0.4314	1
F	0.0000	0	0.2848	1
Q	0.0000	0	0.6723	1
R	0.0000	0	0.3088	1
P	0.0000	0	0.3434	1
G	0.0000	0	0.1224	0
D	0.0000	0	0.0482	0
P	0.0000	0	0.0828	0
Q	0.0000	0	0.1673	1
S	0.0000	0	0.1330	0
A	0.0000	0	0.1167	0
Q	0.0000	0	0.2719	1
D	0.0000	0	0.0840	0
K	0.0000	0	0.1824	1
A	0.0000	0	0.0382	0
R	0.0000	0	0.1087	0
M	0.0000	0	0.1265	0
D	0.0000	0	0.1478	0
K	0.0000	0	0.1356	0
E	0.0000	0	0.0291	0
Y	0.0000	0	0.0114	0
L	0.0000	0	0.0060	0
S	0.0000	0	0.0047	0
L	0.0000	0	0.0008	0
M	0.0000	0	0.0034	0
A	0.0000	0	0.0171	0
E	0.0000	0	0.0024	0
L	0.0000	0	0.0005	0
G	0.0000	0	0.0030	0
E	0.0000	0	0.0025	0
A	0.0000	0	0.0087	0
P	0.0000	0	0.0409	0
V	0.0000	0	0.0601	0
P	0.0000	0	0.1599	1
A	0.0000	0	0.1332	0
S	0.0000	0	0.2517	1
V	0.0000	0	0.1153	0
G	0.0000	0	0.1420	0
S	0.0000	0	0.0428	0
T	0.0000	0	0.0825	0
S	0.0000	0	0.1718	1
G	0.0000	0	0.0771	0
P	0.0000	0	0.1032	0
A	0.0000	0	0.0259	0
T	0.0000	0	0.0260	0
T	0.0000	0	0.0538	0
P	0.0000	0	0.0725	0
L	0.0000	0	0.0525	0
A	0.0000	0	0.0497	0
S	0.0000	0	0.1527	1
A	0.0000	0	0.0267	0
P	0.0000	0	0.0634	0
R	0.0000	0	0.1016	0
P	0.0000	0	0.1265	0
A	0.0000	0	0.0920	0
A	0.0000	0	0.0884	0
P	0.0000	0	0.0786	0
A	0.0000	0	0.0668	0
N	0.0000	0	0.0922	0
N	0.0000	0	0.1259	0
P	0.0000	0	0.2375	1
P	0.0000	0	0.4926	1
P	0.0000	0	0.6333	1
P	0.0000	0	0.7263	1
S	0.0000	0	0.6346	1
L	0.0000	0	0.1488	0
M	0.0000	0	0.0763	0
S	0.0000	0	0.1801	1
T	0.0000	0	0.1145	0
T	0.0000	0	0.0436	0
Q	0.0000	0	0.0796	0
S	0.0000	0	0.0962	0
R	0.0000	0	0.1137	0
P	0.0000	0	0.0175	0
P	0.0000	0	0.0690	0
W	0.0000	0	0.1372	0
M	0.0000	0	0.0292	0
N	0.0000	0	0.2873	1
S	0.0000	0	0.0589	0
G	0.0000	0	0.0364	0
P	0.0000	0	0.0716	0
S	0.0000	0	0.0359	0
E	0.0000	0	0.0156	0
S	0.0000	0	0.1109	0
R	0.0000	0	0.3204	1
P	0.0000	0	0.0784	0
Y	0.0000	0	0.1271	0
H	0.0000	0	0.1533	1
G	0.0000	0	0.0439	0
M	0.0000	0	0.0324	0
H	0.0000	0	0.1437	0
G	0.0000	0	0.1257	0
G	0.0000	0	0.1283	0
G	0.0000	0	0.0366	0
P	0.0000	0	0.0536	0
G	0.0000	0	0.2777	1
G	0.0000	0	0.1248	0
P	0.0000	0	0.0521	0
G	0.0000	0	0.0275	0
G	0.0000	0	0.0206	0
G	0.0000	0	0.0207	0
P	0.0000	0	0.0122	0
H	0.0000	0	0.0246	0
S	0.0000	0	0.0199	0
F	0.0000	0	0.0134	0
P	0.0000	0	0.0060	0
H	0.0000	0	0.0031	0
P	0.0000	0	0.0022	0
L	0.0000	0	0.0011	0
P	0.0000	0	0.0009	0
S	0.0000	0	0.0017	0
L	0.0000	0	0.0015	0
T	0.0000	0	0.0023	0
G	0.0000	0	0.0015	0
G	0.0000	0	0.0010	0
H	0.0000	0	0.0023	0
G	0.0000	0	0.0020	0
G	0.0000	0	0.0023	0
H	0.0000	0	0.0022	0
P	0.0000	0	0.0060	0
M	0.0000	0	0.0061	0
Q	0.0000	0	0.0126	0
H	0.0000	0	0.0130	0
N	0.0000	0	0.0058	0
P	0.0000	0	0.0077	0
N	0.0000	0	0.0154	0
G	0.0000	0	0.0105	0
P	0.0000	0	0.0080	0
P	0.0000	0	0.0084	0
P	0.0000	0	0.0039	0
P	0.0000	0	0.0049	0
W	0.0000	0	0.0059	0
M	0.0000	0	0.0118	0
Q	0.0000	0	0.0322	0
P	0.0000	0	0.0141	0
P	0.0000	0	0.0101	0
P	0.0000	0	0.0414	0
P	0.0000	0	0.0333	0
P	0.0000	0	0.0331	0
M	0.0000	0	0.0381	0
N	0.0000	0	0.2236	1
Q	0.0000	0	0.5641	1
G	0.0000	0	0.1068	0
P	0.0000	0	0.0538	0
H	0.0000	0	0.0655	0
P	0.0000	0	0.0338	0
P	0.0000	0	0.1912	1
G	0.0000	0	0.0498	0
H	0.0000	0	0.0572	0
H	0.0000	0	0.1253	0
G	0.0000	0	0.0215	0
P	0.0000	0	0.0062	0
P	0.0000	0	0.0029	0
P	0.0000	0	0.0022	0
M	0.0000	0	0.0029	0
D	0.0000	0	0.0018	0
Q	0.0000	0	0.0014	0
Y	0.0000	0	0.0018	0
L	0.0000	0	0.0007	0
G	0.0000	0	0.0015	0
S	0.0000	0	0.0013	0
T	0.0000	0	0.0018	0
P	0.0000	0	0.0017	0
V	0.0000	0	0.0012	0
G	0.0000	0	0.0017	0
S	0.0000	0	0.0021	0
G	0.0000	0	0.0011	0
V	0.0000	0	0.0012	0
Y	0.0000	0	0.0018	0
R	0.0000	0	0.0108	0
L	0.0000	0	0.0042	0
H	0.0000	0	0.0152	0
Q	0.0000	0	0.0213	0
G	0.0000	0	0.0019	0
K	0.0000	0	0.0140	0
G	0.0000	0	0.0221	0
M	0.0000	0	0.0144	0
M	0.0000	0	0.0227	0
P	0.0000	0	0.0185	0
P	0.0000	0	0.0251	0
P	0.0000	0	0.0138	0
P	0.0000	0	0.0267	0
M	0.0000	0	0.0041	0
G	0.0000	0	0.0022	0
M	0.0000	0	0.0023	0
M	0.0000	0	0.0019	0
P	0.0000	0	0.0019	0
P	0.0000	0	0.0039	0
P	0.0000	0	0.0083	0
P	0.0000	0	0.0064	0
P	0.0000	0	0.0084	0
P	0.0000	0	0.0173	0
P	0.0000	0	0.0112	0
S	0.0000	0	0.0179	0
G	0.0000	0	0.0093	0
Q	0.0000	0	0.0051	0
P	0.0000	0	0.0021	0
P	0.0000	0	0.0013	0
P	0.0000	0	0.0010	0
P	0.0000	0	0.0012	0
P	0.0000	0	0.0013	0
S	0.0000	0	0.0024	0
G	0.0000	0	0.0010	0
P	0.0000	0	0.0017	0
L	0.0000	0	0.0008	0
P	0.0000	0	0.0006	0
P	0.0000	0	0.0008	0
W	0.0000	0	0.0006	0
Q	0.0000	0	0.0007	0
Q	0.0000	0	0.0004	0
Q	0.0000	0	0.0002	0
Q	0.0000	0	0.0002	0
Q	0.0000	0	0.0002	0
Q	0.0000	0	0.0002	0
P	0.0000	0	0.0001	0
P	0.0000	0	0.0002	0
P	0.0000	0	0.0002	0
P	0.0000	0	0.0003	0
P	0.0000	0	0.0005	0
P	0.0000	0	0.0009	0
P	0.0000	0	0.0006	0
S	0.0000	0	0.0012	0
S	0.0000	0	0.0030	0
S	0.0000	0	0.0036	0
M	0.0000	0	0.0022	0
A	0.0000	0	0.0009	0
S	0.0000	0	0.0011	0
S	0.0000	0	0.0008	0
T	0.0000	0	0.0005	0
P	0.0000	0	0.0011	0
L	0.0000	0	0.0005	0
P	0.0000	0	0.0003	0
W	0.0000	0	0.0009	0
Q	0.0000	0	0.0011	0
Q	0.0000	0	0.0013	0
N	0.0000	0	0.0009	0
T	0.0000	0	0.0009	0
T	0.0000	0	0.0004	0
T	0.0000	0	0.0010	0
T	0.0000	0	0.0013	0
T	0.0000	0	0.0045	0
T	0.0000	0	0.0047	0
S	0.0000	0	0.0033	0
A	0.0000	0	0.0029	0
G	0.0000	0	0.0033	0
T	0.0000	0	0.0037	0
G	0.0000	0	0.0021	0
S	0.0000	0	0.0027	0
I	0.0000	0	0.0015	0
P	0.0000	0	0.0009	0
P	0.0000	0	0.0007	0
W	0.0000	0	0.0008	0
Q	0.0000	0	0.0008	0
Q	0.0000	0	0.0007	0
Q	0.0000	0	0.0003	0
Q	0.0000	0	0.0003	0
A	0.0000	0	0.0002	0
A	0.0000	0	0.0003	0
A	0.0000	0	0.0003	0
A	0.0000	0	0.0004	0
A	0.0000	0	0.0003	0
S	0.0000	0	0.0004	0
P	0.0000	0	0.0006	0
G	0.0000	0	0.0008	0
A	0.0000	0	0.0006	0
P	0.0000	0	0.0004	0
Q	0.0000	0	0.0008	0
M	0.0000	0	0.0007	0
Q	0.0000	0	0.0019	0
G	0.0000	0	0.0013	0
N	0.0000	0	0.0011	0
P	0.0000	0	0.0006	0
T	0.0000	0	0.0012	0
M	0.0000	0	0.0014	0
V	0.0000	0	0.0012	0
P	0.0000	0	0.0036	0
L	0.0000	0	0.0018	0
P	0.0000	0	0.0043	0
P	0.0000	0	0.0058	0
G	0.0000	0	0.0068	0
V	0.0000	0	0.0103	0
Q	0.0000	0	0.0080	0
P	0.0000	0	0.0047	0
P	0.0000	0	0.0043	0
L	0.0000	0	0.0023	0
P	0.0000	0	0.0032	0
P	0.0000	0	0.0115	0
G	0.0000	0	0.0205	0
A	0.0000	0	0.0096	0
P	0.0000	0	0.0061	0
P	0.0000	0	0.0057	0
P	0.0000	0	0.0050	0
P	0.0000	0	0.0054	0
P	0.0000	0	0.0046	0
P	0.0000	0	0.0052	0
P	0.0000	0	0.0094	0
P	0.0000	0	0.0107	0
P	0.0000	0	0.0140	0
G	0.0000	0	0.0238	0
S	0.0000	0	0.0091	0
A	0.0000	0	0.0136	0
G	0.0000	0	0.0093	0
M	0.0000	0	0.0044	0
M	0.0000	0	0.0036	0
Y	0.0000	0	0.0075	0
A	0.0000	0	0.0016	0
P	0.0000	0	0.0010	0
P	0.0000	0	0.0009	0
P	0.0000	0	0.0006	0
P	0.0000	0	0.0007	0
P	0.0000	0	0.0006	0
P	0.0000	0	0.0005	0
P	0.0000	0	0.0006	0
P	0.0000	0	0.0010	0
M	0.0000	0	0.0026	0
D	0.0000	0	0.0129	0
P	0.0000	0	0.0146	0
S	0.0000	0	0.0062	0
N	0.0000	0	0.0310	0
F	0.0000	0	0.0267	0
V	0.0000	0	0.0101	0
T	0.0000	0	0.0426	0
M	0.0000	0	0.0356	0
M	0.0000	0	0.0447	0
G	0.0000	0	0.0170	0
M	0.0000	0	0.0154	0
G	0.0000	0	0.0071	0
V	0.0000	0	0.0065	0
A	0.0000	0	0.0069	0
G	0.0000	0	0.0081	0
M	0.0000	0	0.0111	0
P	0.0000	0	0.0065	0
P	0.0000	0	0.0023	0
F	0.0000	0	0.0033	0
G	0.0000	0	0.0044	0
M	0.0000	0	0.0027	0
P	0.0000	0	0.0024	0
P	0.0000	0	0.0041	0
A	0.0000	0	0.0028	0
P	0.0000	0	0.0029	0
P	0.0000	0	0.0044	0
P	0.0000	0	0.0149	0
P	0.0000	0	0.0523	0
P	0.0000	0	0.1655	1
P	0.0000	0	0.4936	1
Q	0.0000	0	0.5808	1
N	0.0000	0	0.5982	1
</pre></body></html>