<html><head></head><body><pre style="word-wrap: break-word; white-space: pre-wrap;">&gt;Q8VVE2
Amino Acid	probability_DNA	binary_DNA	probability_RNA	binary_RNA
M	0.4724	1	0.0298	0
A	0.1863	0	0.0038	0
L	0.0168	0	0.0001	0
D	0.0161	0	0.0001	0
I	0.0061	0	0.0000	0
E	0.0010	0	0.0000	0
R	0.0006	0	0.0000	0
I	0.0000	0	0.0000	0
K	0.0001	0	0.0000	0
E	0.0002	0	0.0000	0
E	0.0001	0	0.0000	0
L	0.0001	0	0.0000	0
S	0.0013	0	0.0000	0
Q	0.0002	0	0.0000	0
A	0.0001	0	0.0000	0
T	0.0004	0	0.0001	0
V	0.0003	0	0.0001	0
L	0.0080	0	0.0166	0
E	0.0212	0	0.0164	0
L	0.0001	0	0.0000	0
K	0.0046	0	0.0061	0
Q	0.0005	0	0.0008	0
L	0.0000	0	0.0000	0
I	0.0016	0	0.0006	0
D	0.0110	0	0.0039	0
A	0.0003	0	0.0000	0
L	0.0001	0	0.0000	0
K	0.0020	0	0.0008	0
E	0.0008	0	0.0001	0
A	0.0028	0	0.0004	0
W	0.0005	0	0.0001	0
G	0.0030	0	0.0010	0
V	0.0016	0	0.0002	0
T	0.0254	0	0.0043	0
A	0.0066	0	0.0012	0
A	0.0038	0	0.0007	0
A	0.0006	0	0.0001	0
P	0.0007	0	0.0001	0
V	0.0005	0	0.0001	0
A	0.0037	0	0.0011	0
V	0.0005	0	0.0001	0
A	0.0010	0	0.0002	0
A	0.0011	0	0.0002	0
A	0.0021	0	0.0004	0
P	0.0007	0	0.0001	0
V	0.0005	0	0.0001	0
A	0.0003	0	0.0000	0
G	0.0002	0	0.0000	0
A	0.0002	0	0.0000	0
A	0.0002	0	0.0000	0
A	0.0002	0	0.0000	0
A	0.0002	0	0.0000	0
A	0.0003	0	0.0000	0
Q	0.0005	0	0.0000	0
E	0.0003	0	0.0000	0
E	0.0010	0	0.0000	0
K	0.0829	0	0.0018	0
T	0.0147	0	0.0003	0
E	0.0285	0	0.0007	0
F	0.0026	0	0.0001	0
D	0.0034	0	0.0002	0
V	0.0001	0	0.0000	0
V	0.0011	0	0.0001	0
L	0.0001	0	0.0000	0
K	0.0002	0	0.0000	0
S	0.0002	0	0.0000	0
F	0.0003	0	0.0000	0
G	0.0003	0	0.0000	0
Q	0.0017	0	0.0001	0
N	0.0465	0	0.0035	0
K	0.3859	1	0.0592	0
I	0.0035	0	0.0002	0
Q	0.0019	0	0.0002	0
V	0.0014	0	0.0002	0
I	0.0013	0	0.0003	0
K	0.2558	0	0.1022	0
V	0.0003	0	0.0000	0
V	0.0005	0	0.0000	0
R	0.4639	1	0.1133	0
E	0.0031	0	0.0001	0
I	0.0088	0	0.0007	0
T	0.0757	0	0.0128	0
G	0.0119	0	0.0015	0
L	0.0030	0	0.0008	0
G	0.0099	0	0.0043	0
L	0.0558	0	0.0208	0
K	0.3649	1	0.2030	1
E	0.1237	0	0.0228	0
A	0.0045	0	0.0004	0
K	0.2492	0	0.1356	0
D	0.0033	0	0.0004	0
L	0.0001	0	0.0000	0
V	0.0004	0	0.0001	0
E	0.0028	0	0.0010	0
K	0.0055	0	0.0058	0
A	0.0002	0	0.0001	0
G	0.0009	0	0.0002	0
S	0.0103	0	0.0010	0
I	0.0002	0	0.0000	0
K	0.0064	0	0.0006	0
S	0.0018	0	0.0001	0
G	0.0169	0	0.0021	0
V	0.0014	0	0.0002	0
S	0.0015	0	0.0002	0
K	0.1927	0	0.0935	0
E	0.0086	0	0.0012	0
E	0.0011	0	0.0001	0
A	0.0010	0	0.0002	0
E	0.0034	0	0.0023	0
E	0.0029	0	0.0015	0
I	0.0001	0	0.0000	0
K	0.0370	0	0.0835	0
K	0.0020	0	0.0019	0
K	0.0015	0	0.0008	0
L	0.0001	0	0.0001	0
E	0.0004	0	0.0004	0
E	0.0003	0	0.0004	0
A	0.0001	0	0.0000	0
G	0.0001	0	0.0001	0
A	0.0001	0	0.0000	0
E	0.0008	0	0.0001	0
V	0.0001	0	0.0000	0
E	0.0010	0	0.0002	0
L	0.0002	0	0.0000	0
K	0.1124	0	0.0068	0
</pre></body></html>