<html><head></head><body><pre style="word-wrap: break-word; white-space: pre-wrap;">&gt;P0ADY9
Amino Acid	probability_DNA	binary_DNA	probability_RNA	binary_RNA
M	0.0000	0	0.9273	1
L	0.0000	0	0.9050	1
Q	0.0000	0	0.6159	1
P	0.0000	0	0.3995	1
K	0.0000	0	0.7449	1
R	0.0000	0	0.7700	1
T	0.0000	0	0.6361	1
K	0.0000	0	0.8623	1
F	0.0000	0	0.5839	1
R	0.0000	0	0.8990	1
K	0.0000	0	0.9471	1
M	0.0000	0	0.7265	1
H	0.0000	0	0.9589	1
K	0.0001	0	0.9653	1
G	0.0001	0	0.7510	1
R	0.0003	0	0.9430	1
N	0.0002	0	0.5068	1
R	0.0001	0	0.8961	1
G	0.0001	0	0.5792	1
L	0.0001	0	0.5026	1
A	0.0001	0	0.4052	1
Q	0.0001	0	0.5752	1
G	0.0000	0	0.2844	1
T	0.0000	0	0.1355	0
D	0.0000	0	0.1518	1
V	0.0000	0	0.0061	0
S	0.0000	0	0.0153	0
F	0.0000	0	0.0748	0
G	0.0000	0	0.0159	0
S	0.0000	0	0.0813	0
F	0.0000	0	0.1135	0
G	0.0000	0	0.0277	0
L	0.0000	0	0.0020	0
K	0.0000	0	0.0333	0
A	0.0000	0	0.0076	0
V	0.0000	0	0.0133	0
G	0.0000	0	0.0286	0
R	0.0000	0	0.0436	0
G	0.0000	0	0.0016	0
R	0.0000	0	0.1016	0
L	0.0000	0	0.0026	0
T	0.0003	0	0.3369	1
A	0.0000	0	0.1016	0
R	0.0000	0	0.0460	0
Q	0.0000	0	0.0817	0
I	0.0000	0	0.0101	0
E	0.0000	0	0.0326	0
A	0.0000	0	0.0157	0
A	0.0000	0	0.0008	0
R	0.0000	0	0.0582	0
R	0.0001	0	0.1091	0
A	0.0000	0	0.0034	0
M	0.0000	0	0.0019	0
T	0.0006	0	0.4243	1
R	0.0019	0	0.7291	1
A	0.0003	0	0.2798	1
V	0.0000	0	0.0044	0
K	0.0001	0	0.2943	1
R	0.0001	0	0.3030	1
Q	0.0000	0	0.0190	0
G	0.0000	0	0.0164	0
K	0.0002	0	0.4451	1
I	0.0000	0	0.0132	0
W	0.0001	0	0.6595	1
I	0.0000	0	0.0303	0
R	0.0001	0	0.4569	1
V	0.0000	0	0.0950	0
F	0.0000	0	0.4363	1
P	0.0000	0	0.0400	0
D	0.0000	0	0.2499	1
K	0.0000	0	0.0939	0
P	0.0000	0	0.0925	0
I	0.0000	0	0.0407	0
T	0.0000	0	0.3527	1
E	0.0000	0	0.4633	1
K	0.0001	0	0.8493	1
P	0.0000	0	0.2867	1
L	0.0000	0	0.1533	1
A	0.0000	0	0.1731	1
V	0.0000	0	0.3500	1
R	0.0001	0	0.6800	1
M	0.0003	0	0.9119	1
G	0.0002	0	0.8000	1
K	0.0003	0	0.9075	1
G	0.0003	0	0.7944	1
K	0.0002	0	0.9231	1
G	0.0001	0	0.4905	1
N	0.0000	0	0.1692	1
V	0.0000	0	0.0189	0
E	0.0000	0	0.1582	1
Y	0.0000	0	0.0932	0
W	0.0000	0	0.1154	0
V	0.0000	0	0.0069	0
A	0.0000	0	0.0010	0
L	0.0000	0	0.0416	0
I	0.0000	0	0.0017	0
Q	0.0000	0	0.0899	0
P	0.0000	0	0.0157	0
G	0.0000	0	0.0085	0
K	0.0000	0	0.0064	0
V	0.0000	0	0.0003	0
L	0.0000	0	0.0005	0
Y	0.0000	0	0.0005	0
E	0.0000	0	0.0109	0
M	0.0000	0	0.0014	0
D	0.0000	0	0.0046	0
G	0.0000	0	0.0078	0
V	0.0000	0	0.0043	0
P	0.0000	0	0.0031	0
E	0.0000	0	0.0020	0
E	0.0000	0	0.0051	0
L	0.0000	0	0.0014	0
A	0.0000	0	0.0019	0
R	0.0000	0	0.1674	1
E	0.0000	0	0.0120	0
A	0.0000	0	0.0020	0
F	0.0000	0	0.0076	0
K	0.0000	0	0.4847	1
L	0.0000	0	0.3819	1
A	0.0000	0	0.0064	0
A	0.0000	0	0.0270	0
A	0.0002	0	0.3902	1
K	0.0021	0	0.8170	1
L	0.0006	0	0.3542	1
P	0.0004	0	0.6086	1
I	0.0002	0	0.3439	1
K	0.0003	0	0.4927	1
T	0.0000	0	0.0115	0
T	0.0000	0	0.0173	0
F	0.0000	0	0.0011	0
V	0.0000	0	0.0005	0
T	0.0000	0	0.0019	0
K	0.0000	0	0.0101	0
T	0.0000	0	0.0031	0
V	0.0000	0	0.0022	0
M	0.0000	0	0.0046	0
</pre></body></html>