<html><head></head><body><pre style="word-wrap: break-word; white-space: pre-wrap;">&gt;A7ZSJ1
Amino Acid	probability_DNA	binary_DNA	probability_RNA	binary_RNA
M	0.0009	0	0.7964	1
A	0.0002	0	0.5786	1
K	0.0001	0	0.4792	1
T	0.0002	0	0.5724	1
I	0.0000	0	0.0092	0
K	0.0001	0	0.5800	1
I	0.0000	0	0.0362	0
T	0.0008	0	0.5822	1
Q	0.0008	0	0.5836	1
T	0.0006	0	0.3967	1
R	0.0036	0	0.9649	1
S	0.0063	0	0.9339	1
A	0.0012	0	0.7013	1
I	0.0001	0	0.0911	0
G	0.0002	0	0.5300	1
R	0.0001	0	0.2323	1
L	0.0000	0	0.0524	0
P	0.0000	0	0.0777	0
K	0.0000	0	0.0263	0
H	0.0000	0	0.0183	0
K	0.0001	0	0.3157	1
A	0.0000	0	0.0286	0
T	0.0000	0	0.0864	0
L	0.0001	0	0.0827	0
L	0.0007	0	0.4045	1
G	0.0005	0	0.3506	1
L	0.0001	0	0.1315	0
G	0.0001	0	0.1055	0
L	0.0000	0	0.0269	0
R	0.0008	0	0.4489	1
R	0.0007	0	0.4620	1
I	0.0000	0	0.0104	0
G	0.0001	0	0.2701	1
H	0.0001	0	0.1716	1
T	0.0000	0	0.0041	0
V	0.0000	0	0.0040	0
E	0.0000	0	0.0037	0
R	0.0000	0	0.0429	0
E	0.0000	0	0.0668	0
D	0.0002	0	0.2673	1
T	0.0008	0	0.4256	1
P	0.0005	0	0.2251	1
A	0.0007	0	0.2894	1
I	0.0006	0	0.3037	1
R	0.0024	0	0.6064	1
G	0.0015	0	0.5028	1
M	0.0012	0	0.5798	1
I	0.0000	0	0.0072	0
N	0.0004	0	0.4307	1
A	0.0009	0	0.4275	1
V	0.0000	0	0.0027	0
S	0.0000	0	0.0089	0
F	0.0000	0	0.0030	0
M	0.0000	0	0.0007	0
V	0.0000	0	0.0008	0
K	0.0000	0	0.0192	0
V	0.0000	0	0.0038	0
E	0.0000	0	0.0292	0
E	0.0001	0	0.0494	0
</pre></body></html>