<html><head></head><body><pre style="word-wrap: break-word; white-space: pre-wrap;">&gt;E6PBU8
Amino Acid	probability_DNA	binary_DNA	probability_RNA	binary_RNA
M	0.0009	0	0.5007	1
G	0.0006	0	0.7241	1
R	0.0019	0	0.7893	1
M	0.0004	0	0.0822	0
H	0.0024	0	0.6960	1
G	0.0032	0	0.6172	1
T	0.0020	0	0.4613	1
L	0.0001	0	0.0496	0
A	0.0011	0	0.6267	1
K	0.0002	0	0.7023	1
A	0.0000	0	0.0520	0
G	0.0000	0	0.0299	0
K	0.0000	0	0.3255	1
V	0.0000	0	0.0307	0
R	0.0001	0	0.6175	1
K	0.0003	0	0.6044	1
Q	0.0028	0	0.7799	1
T	0.0016	0	0.7899	1
P	0.0004	0	0.3444	1
K	0.0014	0	0.8027	1
V	0.0004	0	0.3063	1
E	0.0004	0	0.3917	1
K	0.0003	0	0.4315	1
K	0.0001	0	0.2317	1
D	0.0000	0	0.0539	0
K	0.0000	0	0.0663	0
P	0.0001	0	0.1414	0
R	0.0002	0	0.3674	1
K	0.0001	0	0.2149	1
T	0.0001	0	0.2418	1
P	0.0002	0	0.3842	1
K	0.0008	0	0.6936	1
G	0.0005	0	0.4714	1
R	0.0020	0	0.8162	1
S	0.0002	0	0.0926	0
Y	0.0019	0	0.4188	1
K	0.0011	0	0.3104	1
R	0.0125	0	0.8405	1
I	0.0006	0	0.3610	1
L	0.0001	0	0.1143	0
Y	0.0006	0	0.3657	1
N	0.0003	0	0.3069	1
R	0.0005	0	0.3542	1
R	0.0005	0	0.4483	1
Y	0.0008	0	0.4579	1
A	0.0000	0	0.0545	0
P	0.0017	0	0.6811	1
H	0.0004	0	0.4131	1
I	0.0000	0	0.0650	0
L	0.0000	0	0.0366	0
A	0.0000	0	0.0247	0
T	0.0000	0	0.0946	0
D	0.0001	0	0.3726	1
P	0.0002	0	0.6146	1
K	0.0001	0	0.3721	1
K	0.0001	0	0.5627	1
R	0.0001	0	0.7885	1
K	0.0002	0	0.8989	1
S	0.0001	0	0.8897	1
P	0.0000	0	0.1823	1
N	0.0000	0	0.6980	1
W	0.0001	0	0.3553	1
H	0.0003	0	0.6344	1
A	0.0004	0	0.6149	1
G	0.0003	0	0.3852	1
K	0.0002	0	0.4590	1
K	0.0002	0	0.3174	1
E	0.0000	0	0.0257	0
K	0.0000	0	0.0091	0
M	0.0000	0	0.0012	0
D	0.0000	0	0.0025	0
A	0.0000	0	0.0020	0
A	0.0000	0	0.0006	0
A	0.0000	0	0.0002	0
N	0.0000	0	0.0003	0
P	0.0000	0	0.0003	0
V	0.0000	0	0.0006	0
K	0.0000	0	0.0068	0
K	0.0000	0	0.0436	0
D	0.0001	0	0.0700	0
</pre></body></html>