<html><head></head><body><pre style="word-wrap: break-word; white-space: pre-wrap;">&gt;Q9H4P4
Amino Acid	probability_DNA	binary_DNA	probability_RNA	binary_RNA
M	0.2617	0	0.1087	0
G	0.0065	0	0.0035	0
Y	0.0005	0	0.0001	0
D	0.0003	0	0.0001	0
V	0.0001	0	0.0001	0
T	0.0001	0	0.0001	0
R	0.0001	0	0.0001	0
F	0.0000	0	0.0000	0
Q	0.0001	0	0.0002	0
G	0.0005	0	0.0010	0
D	0.0003	0	0.0003	0
V	0.0004	0	0.0002	0
D	0.0004	0	0.0003	0
E	0.0008	0	0.0003	0
D	0.0034	0	0.0012	0
L	0.0001	0	0.0001	0
I	0.0000	0	0.0001	0
C	0.0000	0	0.0001	0
P	0.0001	0	0.0007	0
I	0.0000	0	0.0002	0
C	0.0000	0	0.0000	0
S	0.0000	0	0.0002	0
G	0.0000	0	0.0002	0
V	0.0000	0	0.0001	0
L	0.0000	0	0.0001	0
E	0.0000	0	0.0008	0
E	0.0000	0	0.0000	0
P	0.0000	0	0.0000	0
V	0.0000	0	0.0000	0
Q	0.0001	0	0.0002	0
A	0.0001	0	0.0001	0
P	0.0003	0	0.0002	0
H	0.0005	0	0.0016	0
C	0.0015	0	0.0036	0
E	0.0283	0	0.0773	0
H	0.1382	0	0.1545	1
A	0.0009	0	0.0004	0
F	0.0004	0	0.0002	0
C	0.0009	0	0.0001	0
N	0.0001	0	0.0000	0
A	0.0001	0	0.0000	0
C	0.0000	0	0.0000	0
I	0.0001	0	0.0000	0
T	0.0001	0	0.0000	0
Q	0.0001	0	0.0000	0
W	0.0001	0	0.0000	0
F	0.0000	0	0.0000	0
S	0.0001	0	0.0000	0
Q	0.0002	0	0.0000	0
Q	0.0003	0	0.0000	0
Q	0.0001	0	0.0000	0
T	0.0000	0	0.0000	0
C	0.0000	0	0.0000	0
P	0.0001	0	0.0000	0
V	0.0000	0	0.0000	0
D	0.0000	0	0.0000	0
R	0.0007	0	0.0002	0
S	0.0002	0	0.0000	0
V	0.0001	0	0.0000	0
V	0.0001	0	0.0000	0
T	0.0002	0	0.0000	0
V	0.0006	0	0.0001	0
A	0.0007	0	0.0001	0
H	0.0013	0	0.0001	0
L	0.0002	0	0.0000	0
R	0.0042	0	0.0007	0
P	0.0144	0	0.0025	0
V	0.0205	0	0.0038	0
P	0.0525	0	0.0080	0
R	0.1198	0	0.0116	0
I	0.0009	0	0.0001	0
M	0.0002	0	0.0000	0
R	0.0090	0	0.0020	0
N	0.0006	0	0.0004	0
M	0.0001	0	0.0000	0
L	0.0000	0	0.0000	0
S	0.0001	0	0.0000	0
K	0.0002	0	0.0001	0
L	0.0000	0	0.0000	0
Q	0.0000	0	0.0000	0
I	0.0000	0	0.0000	0
A	0.0002	0	0.0003	0
C	0.0003	0	0.0003	0
D	0.0041	0	0.0051	0
N	0.0034	0	0.0015	0
A	0.0016	0	0.0003	0
V	0.0013	0	0.0001	0
F	0.0043	0	0.0009	0
G	0.0006	0	0.0001	0
C	0.0002	0	0.0000	0
S	0.0007	0	0.0002	0
A	0.0017	0	0.0003	0
V	0.0015	0	0.0003	0
V	0.0006	0	0.0001	0
R	0.0018	0	0.0006	0
L	0.0008	0	0.0003	0
D	0.0038	0	0.0019	0
N	0.0047	0	0.0035	0
L	0.0006	0	0.0003	0
M	0.0015	0	0.0027	0
S	0.0017	0	0.0046	0
H	0.0004	0	0.0022	0
L	0.0000	0	0.0000	0
S	0.0000	0	0.0001	0
D	0.0000	0	0.0001	0
C	0.0000	0	0.0000	0
E	0.0000	0	0.0001	0
H	0.0000	0	0.0000	0
N	0.0000	0	0.0001	0
P	0.0000	0	0.0000	0
K	0.0001	0	0.0001	0
R	0.0003	0	0.0002	0
P	0.0001	0	0.0000	0
V	0.0001	0	0.0001	0
T	0.0001	0	0.0002	0
C	0.0001	0	0.0001	0
E	0.0004	0	0.0007	0
Q	0.0044	0	0.0077	0
G	0.0014	0	0.0021	0
C	0.0004	0	0.0006	0
G	0.0070	0	0.0132	0
L	0.0329	0	0.0186	0
E	0.0069	0	0.0020	0
M	0.0279	0	0.0102	0
P	0.0041	0	0.0015	0
K	0.0506	0	0.0330	0
D	0.0118	0	0.0120	0
E	0.0008	0	0.0007	0
L	0.0004	0	0.0005	0
P	0.0009	0	0.0018	0
N	0.0007	0	0.0021	0
H	0.0007	0	0.0019	0
N	0.0001	0	0.0001	0
C	0.0001	0	0.0001	0
I	0.0002	0	0.0006	0
K	0.0006	0	0.0021	0
H	0.0001	0	0.0001	0
L	0.0000	0	0.0000	0
R	0.0008	0	0.0046	0
S	0.0002	0	0.0005	0
V	0.0001	0	0.0001	0
V	0.0001	0	0.0001	0
Q	0.0002	0	0.0003	0
Q	0.0002	0	0.0002	0
Q	0.0001	0	0.0000	0
Q	0.0005	0	0.0004	0
T	0.0002	0	0.0001	0
R	0.0002	0	0.0001	0
I	0.0001	0	0.0001	0
A	0.0001	0	0.0001	0
E	0.0001	0	0.0001	0
L	0.0000	0	0.0000	0
E	0.0011	0	0.0021	0
K	0.0008	0	0.0012	0
T	0.0002	0	0.0001	0
S	0.0002	0	0.0001	0
A	0.0007	0	0.0011	0
E	0.0005	0	0.0008	0
H	0.0002	0	0.0001	0
K	0.0027	0	0.0031	0
H	0.0012	0	0.0014	0
Q	0.0018	0	0.0013	0
L	0.0002	0	0.0001	0
A	0.0006	0	0.0008	0
E	0.0005	0	0.0006	0
Q	0.0002	0	0.0001	0
K	0.0019	0	0.0023	0
R	0.0185	0	0.0247	0
D	0.0009	0	0.0004	0
I	0.0002	0	0.0001	0
Q	0.0003	0	0.0003	0
L	0.0003	0	0.0002	0
L	0.0001	0	0.0001	0
K	0.0494	0	0.0780	0
A	0.0033	0	0.0033	0
Y	0.0005	0	0.0006	0
M	0.0004	0	0.0004	0
R	0.0028	0	0.0114	0
A	0.0005	0	0.0010	0
I	0.0002	0	0.0003	0
R	0.0447	0	0.0890	0
S	0.0029	0	0.0023	0
V	0.0007	0	0.0010	0
N	0.0017	0	0.0092	0
P	0.0002	0	0.0004	0
N	0.0002	0	0.0002	0
L	0.0000	0	0.0000	0
Q	0.0005	0	0.0013	0
N	0.0001	0	0.0001	0
L	0.0000	0	0.0001	0
E	0.0004	0	0.0024	0
E	0.0003	0	0.0021	0
T	0.0010	0	0.0046	0
I	0.0006	0	0.0014	0
E	0.0014	0	0.0031	0
Y	0.0077	0	0.0187	0
N	0.0007	0	0.0012	0
E	0.0001	0	0.0001	0
I	0.0000	0	0.0001	0
L	0.0001	0	0.0006	0
E	0.0001	0	0.0006	0
W	0.0000	0	0.0001	0
V	0.0000	0	0.0001	0
N	0.0001	0	0.0006	0
S	0.0008	0	0.0079	0
L	0.0002	0	0.0011	0
Q	0.0011	0	0.0057	0
P	0.0009	0	0.0037	0
A	0.0002	0	0.0004	0
R	0.0030	0	0.0164	0
V	0.0007	0	0.0036	0
T	0.0803	0	0.2245	1
R	0.1729	0	0.3425	1
W	0.0167	0	0.0728	0
G	0.0024	0	0.0161	0
G	0.0021	0	0.0330	0
M	0.0003	0	0.0050	0
I	0.0001	0	0.0004	0
S	0.0008	0	0.0110	0
T	0.0025	0	0.0185	0
P	0.0003	0	0.0027	0
D	0.0010	0	0.0172	0
A	0.0009	0	0.0133	0
V	0.0002	0	0.0032	0
L	0.0001	0	0.0007	0
Q	0.0015	0	0.0214	0
A	0.0003	0	0.0059	0
V	0.0001	0	0.0011	0
I	0.0000	0	0.0001	0
K	0.0016	0	0.0173	0
R	0.0007	0	0.0063	0
S	0.0000	0	0.0001	0
L	0.0000	0	0.0001	0
V	0.0002	0	0.0031	0
E	0.0001	0	0.0004	0
S	0.0002	0	0.0013	0
G	0.0001	0	0.0020	0
C	0.0001	0	0.0012	0
P	0.0037	0	0.0435	0
A	0.0025	0	0.0152	0
S	0.0025	0	0.0115	0
I	0.0001	0	0.0001	0
V	0.0001	0	0.0002	0
N	0.0011	0	0.0268	0
E	0.0003	0	0.0041	0
L	0.0000	0	0.0003	0
I	0.0000	0	0.0006	0
E	0.0001	0	0.0024	0
N	0.0001	0	0.0005	0
A	0.0000	0	0.0001	0
H	0.0000	0	0.0002	0
E	0.0001	0	0.0008	0
R	0.0011	0	0.0352	0
S	0.0028	0	0.0747	0
W	0.0005	0	0.0058	0
P	0.0002	0	0.0022	0
Q	0.0010	0	0.0333	0
G	0.0002	0	0.0034	0
L	0.0002	0	0.0016	0
A	0.0006	0	0.0048	0
T	0.0060	0	0.0146	0
L	0.0008	0	0.0004	0
E	0.0008	0	0.0002	0
T	0.0005	0	0.0000	0
R	0.0023	0	0.0001	0
Q	0.0006	0	0.0000	0
M	0.0001	0	0.0000	0
N	0.0002	0	0.0000	0
R	0.0095	0	0.0021	0
R	0.0405	0	0.0047	0
Y	0.0072	0	0.0006	0
Y	0.0005	0	0.0001	0
E	0.0001	0	0.0000	0
N	0.0003	0	0.0001	0
Y	0.0001	0	0.0000	0
V	0.0000	0	0.0000	0
A	0.0000	0	0.0000	0
K	0.0002	0	0.0000	0
R	0.0001	0	0.0000	0
I	0.0001	0	0.0001	0
P	0.0002	0	0.0005	0
G	0.0002	0	0.0010	0
K	0.0003	0	0.0011	0
Q	0.0003	0	0.0008	0
A	0.0000	0	0.0000	0
V	0.0000	0	0.0000	0
V	0.0000	0	0.0000	0
V	0.0000	0	0.0000	0
M	0.0000	0	0.0000	0
A	0.0001	0	0.0001	0
C	0.0001	0	0.0002	0
E	0.0004	0	0.0004	0
N	0.0007	0	0.0008	0
Q	0.0013	0	0.0010	0
H	0.0043	0	0.0040	0
M	0.0009	0	0.0006	0
G	0.0005	0	0.0006	0
D	0.0004	0	0.0003	0
D	0.0003	0	0.0002	0
M	0.0003	0	0.0002	0
V	0.0006	0	0.0009	0
Q	0.0004	0	0.0006	0
E	0.0005	0	0.0008	0
P	0.0001	0	0.0002	0
G	0.0001	0	0.0002	0
L	0.0000	0	0.0001	0
V	0.0001	0	0.0003	0
M	0.0004	0	0.0019	0
I	0.0003	0	0.0011	0
F	0.0033	0	0.0123	0
A	0.0021	0	0.0025	0
H	0.0056	0	0.0040	0
G	0.0010	0	0.0002	0
V	0.0008	0	0.0002	0
E	0.0042	0	0.0012	0
E	0.0073	0	0.0012	0
I	0.0112	0	0.0011	0
</pre></body></html>