<html><head></head><body><pre style="word-wrap: break-word; white-space: pre-wrap;">&gt;B8Y6I0
Amino Acid	probability_DNA	binary_DNA	probability_RNA	binary_RNA
M	0.0007	0	0.0542	0
E	0.0001	0	0.0089	0
A	0.0000	0	0.0013	0
T	0.0000	0	0.0011	0
G	0.0000	0	0.0004	0
R	0.0000	0	0.0017	0
G	0.0000	0	0.0004	0
L	0.0000	0	0.0003	0
F	0.0000	0	0.0030	0
P	0.0000	0	0.0283	0
N	0.0001	0	0.0463	0
K	0.0001	0	0.0423	0
P	0.0001	0	0.0200	0
T	0.0003	0	0.0311	0
L	0.0000	0	0.0034	0
P	0.0002	0	0.0294	0
A	0.0001	0	0.0082	0
G	0.0002	0	0.0081	0
P	0.0001	0	0.0050	0
R	0.0038	0	0.1363	0
K	0.0043	0	0.1354	0
R	0.0036	0	0.0868	0
G	0.0005	0	0.0125	0
P	0.0008	0	0.0188	0
L	0.0002	0	0.0027	0
L	0.0001	0	0.0012	0
P	0.0001	0	0.0009	0
A	0.0000	0	0.0003	0
A	0.0000	0	0.0002	0
P	0.0000	0	0.0006	0
P	0.0000	0	0.0006	0
P	0.0001	0	0.0023	0
P	0.0000	0	0.0006	0
S	0.0001	0	0.0011	0
P	0.0001	0	0.0019	0
S	0.0002	0	0.0031	0
S	0.0002	0	0.0016	0
L	0.0001	0	0.0007	0
P	0.0001	0	0.0005	0
L	0.0001	0	0.0009	0
D	0.0001	0	0.0011	0
S	0.0001	0	0.0015	0
L	0.0000	0	0.0002	0
L	0.0000	0	0.0003	0
L	0.0000	0	0.0005	0
H	0.0000	0	0.0011	0
L	0.0000	0	0.0001	0
T	0.0000	0	0.0001	0
A	0.0000	0	0.0009	0
P	0.0000	0	0.0002	0
A	0.0000	0	0.0001	0
P	0.0000	0	0.0003	0
A	0.0000	0	0.0003	0
P	0.0000	0	0.0002	0
A	0.0000	0	0.0004	0
P	0.0000	0	0.0002	0
A	0.0000	0	0.0002	0
P	0.0000	0	0.0004	0
R	0.0000	0	0.0001	0
R	0.0001	0	0.0008	0
S	0.0004	0	0.0035	0
H	0.0014	0	0.0098	0
Q	0.0002	0	0.0006	0
T	0.0002	0	0.0006	0
P	0.0002	0	0.0017	0
T	0.0004	0	0.0017	0
P	0.0008	0	0.0016	0
P	0.0014	0	0.0023	0
H	0.0220	0	0.0202	0
S	0.0111	0	0.0054	0
F	0.0036	0	0.0016	0
L	0.0010	0	0.0009	0
S	0.0055	0	0.0059	0
P	0.0009	0	0.0009	0
D	0.0028	0	0.0050	0
A	0.0000	0	0.0000	0
Q	0.0000	0	0.0002	0
V	0.0000	0	0.0000	0
L	0.0000	0	0.0001	0
V	0.0000	0	0.0000	0
L	0.0000	0	0.0001	0
A	0.0000	0	0.0001	0
I	0.0000	0	0.0004	0
S	0.0007	0	0.0106	0
S	0.0004	0	0.0042	0
H	0.0004	0	0.0028	0
P	0.0001	0	0.0002	0
L	0.0000	0	0.0001	0
P	0.0000	0	0.0002	0
T	0.0000	0	0.0005	0
L	0.0000	0	0.0000	0
A	0.0000	0	0.0000	0
A	0.0000	0	0.0000	0
F	0.0000	0	0.0000	0
L	0.0000	0	0.0001	0
A	0.0000	0	0.0004	0
S	0.0001	0	0.0006	0
R	0.0000	0	0.0002	0
R	0.0001	0	0.0009	0
D	0.0001	0	0.0003	0
E	0.0001	0	0.0007	0
L	0.0001	0	0.0003	0
L	0.0002	0	0.0008	0
R	0.0037	0	0.0215	0
A	0.0055	0	0.0170	0
D	0.0022	0	0.0084	0
I	0.0011	0	0.0035	0
T	0.0196	0	0.1112	0
S	0.0006	0	0.0032	0
L	0.0000	0	0.0005	0
L	0.0000	0	0.0004	0
K	0.0004	0	0.0108	0
A	0.0000	0	0.0001	0
L	0.0000	0	0.0002	0
E	0.0000	0	0.0004	0
L	0.0003	0	0.0112	0
S	0.0000	0	0.0008	0
G	0.0000	0	0.0012	0
H	0.0000	0	0.0007	0
W	0.0000	0	0.0002	0
E	0.0000	0	0.0004	0
W	0.0000	0	0.0003	0
A	0.0000	0	0.0001	0
L	0.0000	0	0.0001	0
A	0.0000	0	0.0000	0
L	0.0000	0	0.0000	0
L	0.0000	0	0.0004	0
R	0.0001	0	0.0020	0
W	0.0003	0	0.0076	0
A	0.0000	0	0.0002	0
G	0.0000	0	0.0004	0
K	0.0000	0	0.0018	0
E	0.0000	0	0.0003	0
G	0.0000	0	0.0003	0
A	0.0001	0	0.0011	0
A	0.0008	0	0.0158	0
D	0.0471	0	0.2444	1
A	0.0020	0	0.0093	0
S	0.0023	0	0.0106	0
A	0.0001	0	0.0004	0
L	0.0005	0	0.0042	0
E	0.0059	0	0.0521	0
M	0.0001	0	0.0005	0
V	0.0000	0	0.0015	0
V	0.0000	0	0.0006	0
R	0.0021	0	0.0371	0
A	0.0000	0	0.0005	0
L	0.0000	0	0.0005	0
G	0.0001	0	0.0012	0
R	0.0062	0	0.1656	1
E	0.0001	0	0.0023	0
G	0.0006	0	0.0146	0
Q	0.0002	0	0.0067	0
H	0.0000	0	0.0003	0
D	0.0000	0	0.0016	0
A	0.0000	0	0.0004	0
V	0.0000	0	0.0002	0
C	0.0000	0	0.0001	0
A	0.0000	0	0.0000	0
L	0.0000	0	0.0000	0
L	0.0000	0	0.0001	0
D	0.0001	0	0.0091	0
E	0.0001	0	0.0105	0
T	0.0001	0	0.0018	0
P	0.0001	0	0.0028	0
L	0.0000	0	0.0014	0
P	0.0001	0	0.0038	0
P	0.0001	0	0.0018	0
G	0.0002	0	0.0045	0
S	0.0002	0	0.0031	0
R	0.0021	0	0.0468	0
L	0.0276	0	0.1990	1
D	0.2148	0	0.3500	1
V	0.0175	0	0.0655	0
R	0.0604	0	0.1723	1
A	0.0006	0	0.0025	0
Y	0.0146	0	0.1292	0
T	0.0077	0	0.1014	0
T	0.0001	0	0.0016	0
V	0.0001	0	0.0082	0
L	0.0001	0	0.0032	0
H	0.0108	0	0.2176	1
A	0.0002	0	0.0027	0
L	0.0001	0	0.0031	0
S	0.0002	0	0.0027	0
R	0.0096	0	0.3510	1
A	0.0002	0	0.0064	0
G	0.0001	0	0.0036	0
R	0.0000	0	0.0013	0
Y	0.0000	0	0.0002	0
E	0.0000	0	0.0011	0
R	0.0000	0	0.0004	0
A	0.0000	0	0.0002	0
L	0.0000	0	0.0001	0
E	0.0000	0	0.0000	0
L	0.0000	0	0.0000	0
F	0.0000	0	0.0011	0
A	0.0000	0	0.0008	0
E	0.0000	0	0.0015	0
L	0.0000	0	0.0004	0
R	0.0000	0	0.0006	0
R	0.0000	0	0.0007	0
Q	0.0000	0	0.0002	0
G	0.0000	0	0.0010	0
V	0.0000	0	0.0004	0
A	0.0001	0	0.0046	0
P	0.0006	0	0.0246	0
T	0.0257	0	0.2294	1
L	0.0047	0	0.0603	0
V	0.0035	0	0.0289	0
T	0.0004	0	0.0029	0
Y	0.0008	0	0.0117	0
N	0.0050	0	0.0563	0
V	0.0001	0	0.0018	0
V	0.0000	0	0.0010	0
L	0.0002	0	0.0065	0
D	0.0018	0	0.0610	0
V	0.0000	0	0.0008	0
Y	0.0000	0	0.0007	0
G	0.0000	0	0.0010	0
R	0.0028	0	0.0999	0
M	0.0001	0	0.0016	0
G	0.0001	0	0.0038	0
R	0.0002	0	0.0063	0
S	0.0000	0	0.0002	0
W	0.0000	0	0.0007	0
P	0.0000	0	0.0005	0
R	0.0000	0	0.0002	0
I	0.0000	0	0.0001	0
V	0.0000	0	0.0001	0
A	0.0000	0	0.0000	0
L	0.0000	0	0.0000	0
L	0.0000	0	0.0011	0
D	0.0000	0	0.0004	0
E	0.0000	0	0.0005	0
M	0.0000	0	0.0003	0
R	0.0000	0	0.0007	0
A	0.0000	0	0.0006	0
A	0.0000	0	0.0002	0
G	0.0000	0	0.0008	0
V	0.0000	0	0.0005	0
E	0.0002	0	0.0113	0
P	0.0061	0	0.1344	0
D	0.1271	0	0.3698	1
G	0.0053	0	0.0386	0
F	0.0132	0	0.0690	0
T	0.0006	0	0.0030	0
A	0.0003	0	0.0025	0
S	0.0017	0	0.0245	0
T	0.0001	0	0.0009	0
V	0.0001	0	0.0034	0
I	0.0001	0	0.0031	0
A	0.0005	0	0.0193	0
A	0.0000	0	0.0005	0
C	0.0000	0	0.0008	0
S	0.0001	0	0.0026	0
R	0.0010	0	0.0773	0
D	0.0001	0	0.0015	0
G	0.0000	0	0.0009	0
L	0.0000	0	0.0006	0
V	0.0000	0	0.0001	0
D	0.0000	0	0.0004	0
E	0.0000	0	0.0005	0
A	0.0000	0	0.0001	0
V	0.0000	0	0.0000	0
A	0.0000	0	0.0000	0
F	0.0000	0	0.0000	0
F	0.0000	0	0.0005	0
E	0.0000	0	0.0004	0
D	0.0000	0	0.0007	0
L	0.0000	0	0.0003	0
K	0.0000	0	0.0004	0
A	0.0000	0	0.0002	0
R	0.0000	0	0.0002	0
G	0.0000	0	0.0002	0
H	0.0000	0	0.0002	0
A	0.0000	0	0.0017	0
P	0.0006	0	0.0183	0
S	0.0141	0	0.1559	1
V	0.0015	0	0.0193	0
V	0.0010	0	0.0097	0
T	0.0001	0	0.0008	0
Y	0.0004	0	0.0047	0
N	0.0010	0	0.0159	0
A	0.0000	0	0.0004	0
L	0.0000	0	0.0007	0
L	0.0001	0	0.0047	0
Q	0.0010	0	0.0450	0
V	0.0000	0	0.0005	0
F	0.0000	0	0.0012	0
G	0.0001	0	0.0012	0
K	0.0013	0	0.0857	0
A	0.0001	0	0.0021	0
G	0.0001	0	0.0020	0
N	0.0000	0	0.0012	0
Y	0.0000	0	0.0005	0
T	0.0000	0	0.0004	0
E	0.0000	0	0.0003	0
A	0.0000	0	0.0001	0
L	0.0000	0	0.0000	0
R	0.0000	0	0.0000	0
V	0.0000	0	0.0000	0
L	0.0000	0	0.0003	0
G	0.0000	0	0.0005	0
E	0.0000	0	0.0007	0
M	0.0000	0	0.0004	0
E	0.0000	0	0.0002	0
Q	0.0000	0	0.0001	0
N	0.0000	0	0.0001	0
G	0.0000	0	0.0002	0
C	0.0000	0	0.0002	0
Q	0.0001	0	0.0039	0
P	0.0009	0	0.0263	0
D	0.0278	0	0.1690	1
A	0.0013	0	0.0074	0
V	0.0085	0	0.0337	0
T	0.0006	0	0.0018	0
Y	0.0022	0	0.0160	0
N	0.0017	0	0.0143	0
E	0.0001	0	0.0005	0
L	0.0001	0	0.0025	0
A	0.0002	0	0.0043	0
G	0.0026	0	0.0818	0
T	0.0001	0	0.0020	0
Y	0.0004	0	0.0145	0
A	0.0007	0	0.0082	0
R	0.0360	0	0.4127	1
A	0.0051	0	0.0659	0
G	0.0024	0	0.0242	0
F	0.0007	0	0.0102	0
F	0.0001	0	0.0003	0
E	0.0000	0	0.0005	0
E	0.0000	0	0.0003	0
A	0.0000	0	0.0001	0
A	0.0000	0	0.0000	0
R	0.0000	0	0.0000	0
C	0.0000	0	0.0000	0
L	0.0000	0	0.0005	0
D	0.0000	0	0.0002	0
T	0.0000	0	0.0003	0
M	0.0000	0	0.0002	0
A	0.0000	0	0.0002	0
S	0.0000	0	0.0002	0
K	0.0000	0	0.0001	0
G	0.0000	0	0.0002	0
L	0.0000	0	0.0002	0
L	0.0000	0	0.0011	0
P	0.0002	0	0.0056	0
N	0.0092	0	0.0984	0
A	0.0010	0	0.0088	0
F	0.0040	0	0.0234	0
T	0.0004	0	0.0018	0
Y	0.0010	0	0.0093	0
N	0.0059	0	0.0535	0
T	0.0001	0	0.0006	0
V	0.0001	0	0.0043	0
M	0.0001	0	0.0027	0
T	0.0019	0	0.1668	1
A	0.0001	0	0.0030	0
Y	0.0002	0	0.0118	0
G	0.0004	0	0.0065	0
N	0.0081	0	0.3084	1
V	0.0006	0	0.0177	0
G	0.0003	0	0.0070	0
K	0.0001	0	0.0047	0
V	0.0000	0	0.0005	0
D	0.0000	0	0.0009	0
E	0.0000	0	0.0014	0
A	0.0000	0	0.0003	0
L	0.0000	0	0.0001	0
A	0.0000	0	0.0001	0
L	0.0000	0	0.0001	0
F	0.0000	0	0.0036	0
D	0.0000	0	0.0009	0
Q	0.0000	0	0.0019	0
M	0.0000	0	0.0004	0
K	0.0000	0	0.0002	0
K	0.0000	0	0.0001	0
T	0.0000	0	0.0001	0
G	0.0000	0	0.0001	0
F	0.0000	0	0.0001	0
V	0.0000	0	0.0005	0
P	0.0001	0	0.0011	0
N	0.0036	0	0.0283	0
V	0.0006	0	0.0028	0
N	0.0014	0	0.0047	0
T	0.0004	0	0.0009	0
Y	0.0005	0	0.0027	0
N	0.0021	0	0.0098	0
L	0.0001	0	0.0003	0
V	0.0000	0	0.0008	0
L	0.0001	0	0.0023	0
G	0.0003	0	0.0094	0
M	0.0000	0	0.0007	0
L	0.0000	0	0.0012	0
G	0.0001	0	0.0013	0
K	0.0177	0	0.2490	1
K	0.0042	0	0.0321	0
S	0.0020	0	0.0106	0
R	0.0004	0	0.0038	0
F	0.0001	0	0.0005	0
T	0.0000	0	0.0006	0
V	0.0000	0	0.0004	0
M	0.0000	0	0.0001	0
L	0.0000	0	0.0000	0
E	0.0000	0	0.0000	0
M	0.0000	0	0.0000	0
L	0.0000	0	0.0004	0
G	0.0000	0	0.0004	0
E	0.0000	0	0.0002	0
M	0.0000	0	0.0002	0
S	0.0000	0	0.0002	0
R	0.0000	0	0.0002	0
S	0.0000	0	0.0001	0
G	0.0000	0	0.0002	0
C	0.0000	0	0.0002	0
T	0.0000	0	0.0016	0
P	0.0002	0	0.0063	0
N	0.0019	0	0.0270	0
R	0.0002	0	0.0009	0
V	0.0005	0	0.0025	0
T	0.0001	0	0.0002	0
W	0.0002	0	0.0011	0
N	0.0007	0	0.0047	0
T	0.0000	0	0.0002	0
M	0.0000	0	0.0013	0
L	0.0001	0	0.0023	0
A	0.0002	0	0.0067	0
V	0.0000	0	0.0007	0
S	0.0001	0	0.0022	0
G	0.0000	0	0.0008	0
K	0.0008	0	0.0284	0
R	0.0001	0	0.0016	0
G	0.0001	0	0.0011	0
M	0.0000	0	0.0006	0
E	0.0000	0	0.0003	0
D	0.0000	0	0.0004	0
Y	0.0000	0	0.0002	0
V	0.0000	0	0.0001	0
T	0.0000	0	0.0000	0
R	0.0000	0	0.0000	0
V	0.0000	0	0.0000	0
L	0.0000	0	0.0008	0
E	0.0000	0	0.0006	0
G	0.0000	0	0.0004	0
M	0.0000	0	0.0003	0
R	0.0000	0	0.0002	0
S	0.0000	0	0.0004	0
S	0.0000	0	0.0002	0
G	0.0000	0	0.0002	0
V	0.0000	0	0.0002	0
E	0.0001	0	0.0021	0
L	0.0003	0	0.0095	0
S	0.0025	0	0.0341	0
R	0.0007	0	0.0042	0
D	0.0014	0	0.0059	0
T	0.0007	0	0.0024	0
Y	0.0010	0	0.0047	0
N	0.0168	0	0.0704	0
T	0.0001	0	0.0003	0
L	0.0000	0	0.0016	0
I	0.0001	0	0.0015	0
A	0.0004	0	0.0181	0
A	0.0001	0	0.0018	0
Y	0.0001	0	0.0045	0
G	0.0001	0	0.0017	0
R	0.0010	0	0.0664	0
C	0.0001	0	0.0013	0
G	0.0001	0	0.0014	0
S	0.0000	0	0.0010	0
R	0.0000	0	0.0002	0
T	0.0000	0	0.0008	0
N	0.0001	0	0.0024	0
A	0.0000	0	0.0002	0
F	0.0000	0	0.0000	0
K	0.0000	0	0.0000	0
M	0.0000	0	0.0000	0
Y	0.0000	0	0.0015	0
N	0.0000	0	0.0002	0
E	0.0000	0	0.0001	0
M	0.0000	0	0.0002	0
T	0.0000	0	0.0001	0
S	0.0000	0	0.0001	0
A	0.0000	0	0.0001	0
G	0.0000	0	0.0001	0
F	0.0000	0	0.0001	0
T	0.0001	0	0.0006	0
P	0.0003	0	0.0018	0
C	0.0085	0	0.0257	0
I	0.0012	0	0.0026	0
T	0.0054	0	0.0094	0
T	0.0008	0	0.0012	0
Y	0.0011	0	0.0041	0
N	0.0077	0	0.0207	0
A	0.0002	0	0.0004	0
L	0.0000	0	0.0013	0
L	0.0001	0	0.0010	0
N	0.0004	0	0.0125	0
V	0.0001	0	0.0015	0
L	0.0002	0	0.0054	0
S	0.0002	0	0.0030	0
R	0.0146	0	0.3691	1
Q	0.0022	0	0.0538	0
G	0.0005	0	0.0094	0
D	0.0001	0	0.0035	0
W	0.0000	0	0.0004	0
S	0.0000	0	0.0006	0
T	0.0000	0	0.0007	0
A	0.0000	0	0.0001	0
Q	0.0000	0	0.0000	0
S	0.0000	0	0.0000	0
I	0.0000	0	0.0000	0
V	0.0000	0	0.0003	0
S	0.0000	0	0.0002	0
K	0.0000	0	0.0001	0
M	0.0000	0	0.0001	0
R	0.0000	0	0.0001	0
T	0.0000	0	0.0001	0
K	0.0000	0	0.0001	0
G	0.0000	0	0.0001	0
F	0.0000	0	0.0002	0
K	0.0000	0	0.0014	0
P	0.0002	0	0.0061	0
N	0.0033	0	0.0500	0
E	0.0005	0	0.0033	0
Q	0.0052	0	0.0213	0
S	0.0070	0	0.0181	0
Y	0.0011	0	0.0049	0
S	0.0039	0	0.0229	0
L	0.0001	0	0.0005	0
L	0.0000	0	0.0009	0
L	0.0000	0	0.0021	0
Q	0.0005	0	0.0224	0
C	0.0001	0	0.0021	0
Y	0.0000	0	0.0012	0
A	0.0000	0	0.0012	0
K	0.0015	0	0.0956	0
G	0.0002	0	0.0078	0
G	0.0001	0	0.0027	0
N	0.0000	0	0.0015	0
V	0.0000	0	0.0003	0
A	0.0000	0	0.0005	0
G	0.0000	0	0.0003	0
I	0.0000	0	0.0001	0
A	0.0000	0	0.0000	0
A	0.0000	0	0.0000	0
I	0.0000	0	0.0000	0
E	0.0000	0	0.0002	0
N	0.0000	0	0.0014	0
E	0.0000	0	0.0007	0
V	0.0000	0	0.0003	0
Y	0.0000	0	0.0008	0
G	0.0000	0	0.0008	0
S	0.0000	0	0.0007	0
G	0.0000	0	0.0005	0
A	0.0000	0	0.0005	0
V	0.0001	0	0.0006	0
F	0.0009	0	0.0131	0
P	0.0013	0	0.0135	0
S	0.0073	0	0.0503	0
W	0.0018	0	0.0110	0
V	0.0039	0	0.0164	0
I	0.0004	0	0.0024	0
L	0.0008	0	0.0070	0
R	0.0127	0	0.0989	0
T	0.0001	0	0.0007	0
L	0.0000	0	0.0007	0
V	0.0002	0	0.0024	0
I	0.0008	0	0.0192	0
A	0.0001	0	0.0005	0
N	0.0002	0	0.0030	0
F	0.0001	0	0.0005	0
K	0.0054	0	0.1674	1
C	0.0001	0	0.0017	0
R	0.0002	0	0.0030	0
R	0.0000	0	0.0010	0
L	0.0000	0	0.0002	0
D	0.0000	0	0.0003	0
G	0.0000	0	0.0004	0
M	0.0000	0	0.0001	0
E	0.0000	0	0.0000	0
T	0.0000	0	0.0000	0
A	0.0000	0	0.0000	0
F	0.0000	0	0.0002	0
Q	0.0000	0	0.0002	0
E	0.0000	0	0.0002	0
V	0.0000	0	0.0001	0
K	0.0000	0	0.0001	0
A	0.0000	0	0.0001	0
R	0.0000	0	0.0002	0
G	0.0000	0	0.0001	0
Y	0.0000	0	0.0001	0
N	0.0002	0	0.0018	0
P	0.0016	0	0.0087	0
D	0.0392	0	0.0659	0
L	0.0034	0	0.0044	0
V	0.0044	0	0.0076	0
I	0.0003	0	0.0006	0
F	0.0003	0	0.0010	0
N	0.0012	0	0.0041	0
S	0.0000	0	0.0001	0
M	0.0000	0	0.0007	0
L	0.0000	0	0.0003	0
S	0.0001	0	0.0025	0
I	0.0000	0	0.0003	0
Y	0.0001	0	0.0019	0
A	0.0001	0	0.0007	0
K	0.0074	0	0.1208	0
N	0.0003	0	0.0052	0
G	0.0001	0	0.0006	0
M	0.0000	0	0.0002	0
Y	0.0000	0	0.0000	0
S	0.0000	0	0.0001	0
K	0.0000	0	0.0001	0
A	0.0000	0	0.0000	0
T	0.0000	0	0.0000	0
E	0.0000	0	0.0000	0
V	0.0000	0	0.0000	0
F	0.0000	0	0.0002	0
D	0.0000	0	0.0001	0
S	0.0000	0	0.0001	0
I	0.0000	0	0.0001	0
K	0.0000	0	0.0001	0
R	0.0000	0	0.0001	0
S	0.0000	0	0.0000	0
G	0.0000	0	0.0001	0
L	0.0000	0	0.0000	0
S	0.0000	0	0.0001	0
P	0.0000	0	0.0002	0
D	0.0001	0	0.0015	0
L	0.0000	0	0.0003	0
I	0.0001	0	0.0003	0
T	0.0001	0	0.0002	0
Y	0.0001	0	0.0004	0
N	0.0017	0	0.0124	0
S	0.0000	0	0.0001	0
L	0.0000	0	0.0011	0
M	0.0000	0	0.0006	0
D	0.0002	0	0.0145	0
M	0.0000	0	0.0008	0
Y	0.0000	0	0.0005	0
A	0.0000	0	0.0008	0
K	0.0020	0	0.1457	0
C	0.0001	0	0.0030	0
S	0.0001	0	0.0057	0
E	0.0000	0	0.0021	0
S	0.0000	0	0.0005	0
W	0.0000	0	0.0027	0
E	0.0001	0	0.0086	0
A	0.0000	0	0.0002	0
E	0.0000	0	0.0001	0
K	0.0000	0	0.0001	0
I	0.0000	0	0.0000	0
L	0.0000	0	0.0005	0
N	0.0000	0	0.0007	0
Q	0.0000	0	0.0015	0
L	0.0000	0	0.0005	0
K	0.0000	0	0.0024	0
C	0.0000	0	0.0005	0
S	0.0000	0	0.0006	0
Q	0.0000	0	0.0003	0
T	0.0000	0	0.0003	0
M	0.0000	0	0.0001	0
K	0.0000	0	0.0013	0
P	0.0000	0	0.0027	0
D	0.0002	0	0.0101	0
V	0.0005	0	0.0116	0
V	0.0001	0	0.0022	0
S	0.0001	0	0.0026	0
Y	0.0002	0	0.0072	0
N	0.0001	0	0.0031	0
T	0.0000	0	0.0001	0
V	0.0000	0	0.0002	0
I	0.0000	0	0.0009	0
N	0.0000	0	0.0042	0
G	0.0000	0	0.0007	0
F	0.0000	0	0.0088	0
C	0.0001	0	0.0038	0
K	0.0017	0	0.1799	1
Q	0.0001	0	0.0070	0
G	0.0001	0	0.0065	0
L	0.0001	0	0.0085	0
V	0.0000	0	0.0005	0
K	0.0000	0	0.0016	0
E	0.0000	0	0.0014	0
A	0.0000	0	0.0002	0
Q	0.0000	0	0.0001	0
R	0.0000	0	0.0001	0
V	0.0000	0	0.0000	0
L	0.0000	0	0.0001	0
S	0.0000	0	0.0003	0
E	0.0000	0	0.0008	0
M	0.0000	0	0.0002	0
V	0.0000	0	0.0001	0
A	0.0000	0	0.0000	0
D	0.0000	0	0.0000	0
G	0.0000	0	0.0000	0
M	0.0000	0	0.0000	0
A	0.0000	0	0.0003	0
P	0.0001	0	0.0032	0
C	0.0011	0	0.0120	0
A	0.0001	0	0.0005	0
V	0.0000	0	0.0002	0
T	0.0000	0	0.0003	0
Y	0.0003	0	0.0036	0
H	0.0019	0	0.0175	0
T	0.0000	0	0.0003	0
L	0.0000	0	0.0014	0
V	0.0001	0	0.0030	0
G	0.0011	0	0.1096	0
G	0.0001	0	0.0059	0
Y	0.0001	0	0.0059	0
S	0.0001	0	0.0073	0
S	0.0022	0	0.2296	1
L	0.0002	0	0.0231	0
E	0.0001	0	0.0065	0
M	0.0000	0	0.0039	0
F	0.0000	0	0.0004	0
S	0.0000	0	0.0007	0
E	0.0000	0	0.0029	0
A	0.0000	0	0.0002	0
R	0.0000	0	0.0000	0
E	0.0000	0	0.0000	0
V	0.0000	0	0.0000	0
I	0.0000	0	0.0001	0
G	0.0000	0	0.0002	0
Y	0.0000	0	0.0003	0
M	0.0000	0	0.0001	0
V	0.0000	0	0.0001	0
Q	0.0000	0	0.0001	0
H	0.0000	0	0.0001	0
G	0.0000	0	0.0001	0
L	0.0000	0	0.0001	0
K	0.0000	0	0.0003	0
P	0.0000	0	0.0007	0
M	0.0003	0	0.0029	0
E	0.0004	0	0.0025	0
L	0.0004	0	0.0020	0
T	0.0017	0	0.0087	0
Y	0.0004	0	0.0043	0
R	0.0005	0	0.0041	0
R	0.0000	0	0.0001	0
V	0.0000	0	0.0005	0
V	0.0000	0	0.0012	0
E	0.0012	0	0.0440	0
S	0.0001	0	0.0017	0
Y	0.0001	0	0.0031	0
C	0.0008	0	0.0078	0
R	0.0081	0	0.1862	1
A	0.0001	0	0.0020	0
K	0.0001	0	0.0025	0
R	0.0001	0	0.0028	0
F	0.0000	0	0.0006	0
E	0.0001	0	0.0024	0
E	0.0001	0	0.0016	0
A	0.0000	0	0.0001	0
R	0.0000	0	0.0000	0
G	0.0000	0	0.0000	0
F	0.0000	0	0.0000	0
L	0.0000	0	0.0001	0
S	0.0000	0	0.0001	0
E	0.0000	0	0.0000	0
V	0.0000	0	0.0001	0
S	0.0000	0	0.0001	0
E	0.0000	0	0.0000	0
T	0.0000	0	0.0001	0
D	0.0000	0	0.0002	0
L	0.0000	0	0.0002	0
D	0.0001	0	0.0034	0
F	0.0004	0	0.0043	0
D	0.0017	0	0.0231	0
K	0.0017	0	0.0210	0
K	0.0002	0	0.0020	0
A	0.0001	0	0.0027	0
L	0.0001	0	0.0018	0
E	0.0004	0	0.0331	0
A	0.0000	0	0.0035	0
Y	0.0001	0	0.0100	0
I	0.0000	0	0.0016	0
E	0.0001	0	0.0372	0
D	0.0002	0	0.0163	0
A	0.0001	0	0.0009	0
Q	0.0007	0	0.0041	0
F	0.0112	0	0.0443	0
G	0.0628	0	0.1381	0
R	0.1501	0	0.1575	1
</pre></body></html>