<html><head></head><body><pre style="word-wrap: break-word; white-space: pre-wrap;">&gt;P30771
Amino Acid	probability_DNA	binary_DNA	probability_RNA	binary_RNA
M	0.0698	0	0.0000	0
V	0.0082	0	0.0000	0
G	0.0066	0	0.0000	0
S	0.0714	0	0.0000	0
G	0.0357	0	0.0000	0
S	0.0606	0	0.0000	0
H	0.1161	0	0.0000	0
T	0.2512	0	0.0000	0
P	0.0055	0	0.0000	0
Y	0.0069	0	0.0000	0
D	0.0023	0	0.0000	0
I	0.0043	0	0.0000	0
S	0.0167	0	0.0000	0
N	0.0193	0	0.0000	0
S	0.0268	0	0.0000	0
P	0.0032	0	0.0000	0
S	0.0067	0	0.0000	0
D	0.0020	0	0.0000	0
V	0.0016	0	0.0000	0
N	0.0021	0	0.0000	0
V	0.0004	0	0.0000	0
Q	0.0004	0	0.0000	0
P	0.0005	0	0.0000	0
A	0.0004	0	0.0000	0
T	0.0004	0	0.0000	0
Q	0.0004	0	0.0000	0
L	0.0002	0	0.0000	0
N	0.0003	0	0.0000	0
S	0.0002	0	0.0000	0
T	0.0002	0	0.0000	0
L	0.0002	0	0.0000	0
V	0.0003	0	0.0000	0
E	0.0004	0	0.0000	0
D	0.0007	0	0.0000	0
D	0.0010	0	0.0000	0
D	0.0014	0	0.0000	0
V	0.0010	0	0.0000	0
D	0.0016	0	0.0000	0
N	0.0011	0	0.0000	0
Q	0.0006	0	0.0000	0
L	0.0003	0	0.0000	0
F	0.0001	0	0.0000	0
E	0.0001	0	0.0000	0
E	0.0002	0	0.0000	0
A	0.0002	0	0.0000	0
Q	0.0002	0	0.0000	0
V	0.0002	0	0.0000	0
T	0.0003	0	0.0000	0
E	0.0004	0	0.0000	0
T	0.0007	0	0.0000	0
G	0.0012	0	0.0000	0
F	0.0019	0	0.0000	0
R	0.0047	0	0.0000	0
S	0.0035	0	0.0000	0
P	0.0081	0	0.0000	0
S	0.0054	0	0.0000	0
A	0.0009	0	0.0000	0
S	0.0010	0	0.0000	0
D	0.0007	0	0.0000	0
N	0.0066	0	0.0000	0
S	0.0029	0	0.0000	0
C	0.0002	0	0.0000	0
A	0.0003	0	0.0000	0
Y	0.0005	0	0.0000	0
C	0.0001	0	0.0000	0
G	0.0002	0	0.0000	0
I	0.0001	0	0.0000	0
D	0.0002	0	0.0000	0
S	0.0003	0	0.0000	0
A	0.0001	0	0.0000	0
K	0.0002	0	0.0000	0
C	0.0001	0	0.0000	0
V	0.0002	0	0.0000	0
I	0.0002	0	0.0000	0
K	0.0064	0	0.0000	0
C	0.0004	0	0.0000	0
N	0.0072	0	0.0000	0
S	0.0250	0	0.0000	0
C	0.0043	0	0.0000	0
K	0.6250	1	0.0000	0
K	0.5554	1	0.0000	0
W	0.2079	0	0.0000	0
F	0.2572	0	0.0000	0
C	0.1445	0	0.0000	0
N	0.9527	1	0.0000	0
T	0.2049	0	0.0000	0
K	0.7324	1	0.0000	0
N	0.3232	0	0.0000	0
G	0.4322	1	0.0000	0
T	0.6115	1	0.0000	0
S	0.4873	1	0.0000	0
S	0.2148	0	0.0000	0
S	0.2628	0	0.0000	0
H	0.7654	1	0.0000	0
I	0.0062	0	0.0000	0
V	0.0034	0	0.0000	0
N	0.2279	0	0.0000	0
H	0.4692	1	0.0000	0
L	0.0013	0	0.0000	0
V	0.0101	0	0.0000	0
L	0.5057	1	0.0000	0
S	0.0109	0	0.0000	0
H	0.4578	1	0.0000	0
H	0.0378	0	0.0000	0
N	0.0523	0	0.0000	0
V	0.0245	0	0.0000	0
V	0.0008	0	0.0000	0
S	0.0057	0	0.0000	0
L	0.0005	0	0.0000	0
H	0.0026	0	0.0000	0
P	0.0013	0	0.0000	0
D	0.0005	0	0.0000	0
S	0.0003	0	0.0000	0
D	0.0002	0	0.0000	0
L	0.0002	0	0.0000	0
G	0.0002	0	0.0000	0
D	0.0003	0	0.0000	0
T	0.0002	0	0.0000	0
V	0.0003	0	0.0000	0
L	0.0001	0	0.0000	0
E	0.0002	0	0.0000	0
C	0.0001	0	0.0000	0
Y	0.0007	0	0.0000	0
N	0.0015	0	0.0000	0
C	0.0011	0	0.0000	0
G	0.0370	0	0.0000	0
R	0.3370	0	0.0000	0
K	0.7720	1	0.0000	0
N	0.7214	1	0.0000	0
V	0.0469	0	0.0000	0
F	0.1231	0	0.0000	0
L	0.0610	0	0.0000	0
L	0.0035	0	0.0000	0
G	0.0027	0	0.0000	0
F	0.0109	0	0.0000	0
V	0.0010	0	0.0000	0
S	0.0011	0	0.0000	0
A	0.0008	0	0.0000	0
K	0.0128	0	0.0000	0
S	0.0037	0	0.0000	0
E	0.0008	0	0.0000	0
A	0.0005	0	0.0000	0
V	0.0003	0	0.0000	0
V	0.0001	0	0.0000	0
V	0.0002	0	0.0000	0
L	0.0003	0	0.0000	0
L	0.0002	0	0.0000	0
C	0.0006	0	0.0000	0
R	0.1696	0	0.0000	0
I	0.0319	0	0.0000	0
P	0.0011	0	0.0000	0
C	0.0005	0	0.0000	0
A	0.0004	0	0.0000	0
Q	0.0005	0	0.0000	0
T	0.0004	0	0.0000	0
K	0.0012	0	0.0000	0
N	0.0007	0	0.0000	0
A	0.0003	0	0.0000	0
N	0.0006	0	0.0000	0
W	0.0002	0	0.0000	0
D	0.0002	0	0.0000	0
T	0.0003	0	0.0000	0
D	0.0002	0	0.0000	0
Q	0.0002	0	0.0000	0
W	0.0002	0	0.0000	0
Q	0.0005	0	0.0000	0
P	0.0004	0	0.0000	0
L	0.0002	0	0.0000	0
I	0.0001	0	0.0000	0
E	0.0006	0	0.0000	0
D	0.0033	0	0.0000	0
R	0.0249	0	0.0000	0
Q	0.0081	0	0.0000	0
L	0.0044	0	0.0000	0
L	0.0012	0	0.0000	0
S	0.0005	0	0.0000	0
W	0.0004	0	0.0000	0
V	0.0001	0	0.0000	0
A	0.0002	0	0.0000	0
E	0.0010	0	0.0000	0
Q	0.0003	0	0.0000	0
P	0.0003	0	0.0000	0
T	0.0014	0	0.0000	0
E	0.0008	0	0.0000	0
E	0.0006	0	0.0000	0
E	0.0008	0	0.0000	0
K	0.0011	0	0.0000	0
L	0.0014	0	0.0000	0
K	0.0465	0	0.0000	0
A	0.0142	0	0.0000	0
R	0.3734	1	0.0000	0
L	0.1644	0	0.0000	0
I	0.0331	0	0.0000	0
T	0.4410	1	0.0000	0
P	0.2497	0	0.0000	0
S	0.0462	0	0.0000	0
Q	0.0145	0	0.0000	0
I	0.0022	0	0.0000	0
S	0.0257	0	0.0000	0
K	0.0661	0	0.0000	0
L	0.0010	0	0.0000	0
E	0.0007	0	0.0000	0
A	0.0003	0	0.0000	0
K	0.0006	0	0.0000	0
W	0.0006	0	0.0000	0
R	0.0101	0	0.0000	0
S	0.0003	0	0.0000	0
N	0.0007	0	0.0000	0
K	0.0006	0	0.0000	0
D	0.0007	0	0.0000	0
A	0.0004	0	0.0000	0
T	0.0007	0	0.0000	0
I	0.0004	0	0.0000	0
N	0.0003	0	0.0000	0
D	0.0008	0	0.0000	0
I	0.0003	0	0.0000	0
D	0.0009	0	0.0000	0
A	0.0017	0	0.0000	0
P	0.0005	0	0.0000	0
E	0.0004	0	0.0000	0
E	0.0004	0	0.0000	0
Q	0.0003	0	0.0000	0
E	0.0002	0	0.0000	0
A	0.0002	0	0.0000	0
I	0.0001	0	0.0000	0
P	0.0005	0	0.0000	0
P	0.0025	0	0.0000	0
L	0.0025	0	0.0000	0
L	0.0267	0	0.0000	0
L	0.0114	0	0.0000	0
R	0.0868	0	0.0000	0
Y	0.0071	0	0.0000	0
Q	0.0009	0	0.0000	0
D	0.0002	0	0.0000	0
A	0.0002	0	0.0000	0
Y	0.0004	0	0.0000	0
E	0.0004	0	0.0000	0
Y	0.0042	0	0.0000	0
Q	0.0002	0	0.0000	0
R	0.0002	0	0.0000	0
S	0.0002	0	0.0000	0
Y	0.0001	0	0.0000	0
G	0.0001	0	0.0000	0
P	0.0000	0	0.0000	0
L	0.0001	0	0.0000	0
I	0.0000	0	0.0000	0
K	0.0000	0	0.0000	0
L	0.0001	0	0.0000	0
E	0.0003	0	0.0000	0
A	0.0001	0	0.0000	0
D	0.0003	0	0.0000	0
Y	0.0002	0	0.0000	0
D	0.0003	0	0.0000	0
K	0.0001	0	0.0000	0
Q	0.0001	0	0.0000	0
L	0.0001	0	0.0000	0
K	0.0006	0	0.0000	0
E	0.0002	0	0.0000	0
S	0.0009	0	0.0000	0
Q	0.0007	0	0.0000	0
A	0.0007	0	0.0000	0
L	0.0005	0	0.0000	0
E	0.0035	0	0.0000	0
H	0.0092	0	0.0000	0
I	0.0035	0	0.0000	0
S	0.0169	0	0.0000	0
V	0.0014	0	0.0000	0
S	0.0435	0	0.0000	0
W	0.0126	0	0.0000	0
S	0.0805	0	0.0000	0
L	0.0171	0	0.0000	0
A	0.0261	0	0.0000	0
L	0.0080	0	0.0000	0
N	0.2513	0	0.0000	0
N	0.1312	0	0.0000	0
R	0.0365	0	0.0000	0
H	0.0701	0	0.0000	0
L	0.0320	0	0.0000	0
A	0.0007	0	0.0000	0
S	0.0050	0	0.0000	0
F	0.0002	0	0.0000	0
T	0.0003	0	0.0000	0
L	0.0001	0	0.0000	0
S	0.0003	0	0.0000	0
T	0.0021	0	0.0000	0
F	0.0008	0	0.0000	0
E	0.0004	0	0.0000	0
S	0.0006	0	0.0000	0
N	0.0040	0	0.0000	0
E	0.0022	0	0.0000	0
L	0.0003	0	0.0000	0
K	0.0115	0	0.0000	0
V	0.0010	0	0.0000	0
A	0.0097	0	0.0000	0
I	0.0341	0	0.0000	0
G	0.4086	1	0.0001	0
D	0.1216	0	0.0000	0
E	0.0280	0	0.0000	0
M	0.0010	0	0.0000	0
I	0.0034	0	0.0000	0
L	0.0003	0	0.0000	0
W	0.0012	0	0.0000	0
Y	0.0013	0	0.0000	0
S	0.0071	0	0.0000	0
G	0.0023	0	0.0000	0
M	0.0009	0	0.0000	0
Q	0.0007	0	0.0000	0
H	0.0025	0	0.0000	0
P	0.0016	0	0.0000	0
D	0.0022	0	0.0000	0
W	0.0028	0	0.0000	0
E	0.0014	0	0.0000	0
G	0.0011	0	0.0000	0
R	0.0045	0	0.0000	0
G	0.0005	0	0.0000	0
Y	0.0006	0	0.0000	0
I	0.0004	0	0.0000	0
V	0.0004	0	0.0000	0
R	0.0086	0	0.0000	0
L	0.0007	0	0.0000	0
P	0.0017	0	0.0000	0
N	0.0014	0	0.0000	0
S	0.0025	0	0.0000	0
F	0.0011	0	0.0000	0
Q	0.0007	0	0.0000	0
D	0.0002	0	0.0000	0
T	0.0007	0	0.0000	0
F	0.0001	0	0.0000	0
T	0.0006	0	0.0000	0
L	0.0001	0	0.0000	0
E	0.0005	0	0.0000	0
L	0.0001	0	0.0000	0
K	0.0028	0	0.0000	0
P	0.0012	0	0.0000	0
S	0.0013	0	0.0000	0
K	0.0045	0	0.0000	0
T	0.0016	0	0.0000	0
P	0.0006	0	0.0000	0
P	0.0019	0	0.0000	0
P	0.0017	0	0.0000	0
T	0.0054	0	0.0000	0
H	0.0072	0	0.0000	0
L	0.0021	0	0.0000	0
T	0.0220	0	0.0000	0
T	0.0146	0	0.0000	0
G	0.0046	0	0.0000	0
F	0.0039	0	0.0000	0
T	0.0376	0	0.0000	0
A	0.0017	0	0.0000	0
E	0.0587	0	0.0000	0
F	0.0107	0	0.0000	0
I	0.0029	0	0.0000	0
W	0.0099	0	0.0000	0
K	0.6185	1	0.0002	0
G	0.3853	1	0.0001	0
T	0.1567	0	0.0000	0
S	0.4890	1	0.0001	0
Y	0.1053	0	0.0000	0
D	0.1021	0	0.0000	0
R	0.7516	1	0.0004	0
M	0.0193	0	0.0000	0
Q	0.0082	0	0.0000	0
D	0.0026	0	0.0000	0
A	0.0008	0	0.0000	0
L	0.0001	0	0.0000	0
K	0.0011	0	0.0000	0
K	0.0015	0	0.0000	0
F	0.0002	0	0.0000	0
A	0.0003	0	0.0000	0
I	0.0007	0	0.0000	0
D	0.0002	0	0.0000	0
K	0.0004	0	0.0000	0
K	0.0002	0	0.0000	0
S	0.0004	0	0.0000	0
I	0.0004	0	0.0000	0
S	0.0086	0	0.0000	0
G	0.0126	0	0.0000	0
Y	0.0039	0	0.0000	0
L	0.0002	0	0.0000	0
Y	0.0015	0	0.0000	0
Y	0.0032	0	0.0000	0
K	0.0015	0	0.0000	0
I	0.0001	0	0.0000	0
L	0.0002	0	0.0000	0
G	0.0011	0	0.0000	0
H	0.0024	0	0.0000	0
Q	0.0038	0	0.0000	0
V	0.0019	0	0.0000	0
V	0.0027	0	0.0000	0
D	0.0043	0	0.0000	0
I	0.0024	0	0.0000	0
S	0.0043	0	0.0000	0
F	0.0011	0	0.0000	0
D	0.0011	0	0.0000	0
V	0.0010	0	0.0000	0
P	0.0015	0	0.0000	0
L	0.0012	0	0.0000	0
P	0.0009	0	0.0000	0
K	0.0028	0	0.0000	0
E	0.0010	0	0.0000	0
F	0.0006	0	0.0000	0
S	0.0009	0	0.0000	0
I	0.0002	0	0.0000	0
P	0.0002	0	0.0000	0
N	0.0003	0	0.0000	0
F	0.0002	0	0.0000	0
A	0.0003	0	0.0000	0
Q	0.0004	0	0.0000	0
L	0.0002	0	0.0000	0
N	0.0004	0	0.0000	0
S	0.0003	0	0.0000	0
S	0.0004	0	0.0000	0
Q	0.0023	0	0.0000	0
S	0.0003	0	0.0000	0
N	0.0000	0	0.0000	0
A	0.0000	0	0.0000	0
V	0.0000	0	0.0000	0
S	0.0000	0	0.0000	0
H	0.0000	0	0.0000	0
V	0.0000	0	0.0000	0
L	0.0000	0	0.0000	0
Q	0.0000	0	0.0000	0
R	0.0000	0	0.0000	0
P	0.0001	0	0.0000	0
L	0.0000	0	0.0000	0
S	0.0000	0	0.0000	0
L	0.0000	0	0.0000	0
I	0.0001	0	0.0000	0
Q	0.0001	0	0.0000	0
G	0.0001	0	0.0000	0
P	0.0003	0	0.0000	0
P	0.0003	0	0.0000	0
G	0.0003	0	0.0000	0
T	0.0003	0	0.0000	0
G	0.0004	0	0.0000	0
K	0.0067	0	0.0000	0
T	0.0003	0	0.0000	0
V	0.0002	0	0.0000	0
T	0.0000	0	0.0000	0
S	0.0000	0	0.0000	0
A	0.0000	0	0.0000	0
T	0.0000	0	0.0000	0
I	0.0000	0	0.0000	0
V	0.0000	0	0.0000	0
Y	0.0000	0	0.0000	0
H	0.0000	0	0.0000	0
L	0.0000	0	0.0000	0
S	0.0001	0	0.0000	0
K	0.0010	0	0.0000	0
I	0.0002	0	0.0000	0
H	0.0008	0	0.0000	0
K	0.0009	0	0.0000	0
D	0.0004	0	0.0000	0
R	0.0017	0	0.0000	0
I	0.0001	0	0.0000	0
L	0.0004	0	0.0000	0
V	0.0001	0	0.0000	0
C	0.0005	0	0.0000	0
A	0.0050	0	0.0000	0
P	0.1834	0	0.0001	0
S	0.8428	1	0.0006	0
N	0.5968	1	0.0003	0
V	0.0110	0	0.0000	0
A	0.0010	0	0.0000	0
V	0.0005	0	0.0000	0
D	0.0003	0	0.0000	0
H	0.0002	0	0.0000	0
L	0.0001	0	0.0000	0
A	0.0001	0	0.0000	0
A	0.0001	0	0.0000	0
K	0.0004	0	0.0000	0
L	0.0000	0	0.0000	0
R	0.0001	0	0.0000	0
D	0.0001	0	0.0000	0
L	0.0001	0	0.0000	0
G	0.0003	0	0.0000	0
L	0.0002	0	0.0000	0
K	0.0013	0	0.0000	0
V	0.0003	0	0.0000	0
V	0.0003	0	0.0000	0
R	0.0150	0	0.0000	0
L	0.0017	0	0.0000	0
T	0.0165	0	0.0000	0
A	0.2970	0	0.0001	0
K	0.1539	0	0.0000	0
S	0.0565	0	0.0000	0
R	0.1901	0	0.0000	0
E	0.0057	0	0.0000	0
D	0.0030	0	0.0000	0
V	0.0010	0	0.0000	0
E	0.0016	0	0.0000	0
S	0.0021	0	0.0000	0
S	0.0053	0	0.0000	0
V	0.0020	0	0.0000	0
S	0.0064	0	0.0000	0
N	0.0462	0	0.0000	0
L	0.0015	0	0.0000	0
A	0.0033	0	0.0000	0
L	0.0057	0	0.0000	0
H	0.0019	0	0.0000	0
N	0.0016	0	0.0000	0
L	0.0005	0	0.0000	0
V	0.0004	0	0.0000	0
G	0.0020	0	0.0000	0
R	0.0022	0	0.0000	0
G	0.0024	0	0.0000	0
A	0.0028	0	0.0000	0
K	0.0201	0	0.0000	0
G	0.0043	0	0.0000	0
E	0.0007	0	0.0000	0
L	0.0004	0	0.0000	0
K	0.0121	0	0.0000	0
N	0.0022	0	0.0000	0
L	0.0005	0	0.0000	0
L	0.0018	0	0.0000	0
K	0.0232	0	0.0000	0
L	0.0004	0	0.0000	0
K	0.0022	0	0.0000	0
D	0.0009	0	0.0000	0
E	0.0006	0	0.0000	0
V	0.0001	0	0.0000	0
G	0.0003	0	0.0000	0
E	0.0004	0	0.0000	0
L	0.0003	0	0.0000	0
S	0.0012	0	0.0000	0
A	0.0048	0	0.0000	0
S	0.0021	0	0.0000	0
D	0.0009	0	0.0000	0
T	0.0020	0	0.0000	0
K	0.0042	0	0.0000	0
R	0.0030	0	0.0000	0
F	0.0002	0	0.0000	0
V	0.0037	0	0.0000	0
K	0.0053	0	0.0000	0
L	0.0002	0	0.0000	0
V	0.0003	0	0.0000	0
R	0.0013	0	0.0000	0
K	0.0009	0	0.0000	0
T	0.0002	0	0.0000	0
E	0.0012	0	0.0000	0
A	0.0030	0	0.0000	0
E	0.0003	0	0.0000	0
I	0.0001	0	0.0000	0
L	0.0001	0	0.0000	0
N	0.0014	0	0.0000	0
K	0.0004	0	0.0000	0
A	0.0001	0	0.0000	0
D	0.0002	0	0.0000	0
V	0.0001	0	0.0000	0
V	0.0005	0	0.0000	0
C	0.0001	0	0.0000	0
C	0.0007	0	0.0000	0
T	0.0060	0	0.0000	0
C	0.0080	0	0.0000	0
V	0.0515	0	0.0002	0
G	0.0369	0	0.0001	0
A	0.0046	0	0.0000	0
G	0.0075	0	0.0000	0
D	0.0314	0	0.0001	0
K	0.0059	0	0.0000	0
R	0.0140	0	0.0000	0
L	0.0011	0	0.0000	0
D	0.0010	0	0.0000	0
T	0.0010	0	0.0000	0
K	0.0007	0	0.0000	0
F	0.0002	0	0.0000	0
R	0.0003	0	0.0000	0
T	0.0001	0	0.0000	0
V	0.0001	0	0.0000	0
L	0.0001	0	0.0000	0
I	0.0001	0	0.0000	0
D	0.0008	0	0.0000	0
E	0.0057	0	0.0000	0
S	0.0031	0	0.0000	0
T	0.0050	0	0.0000	0
Q	0.0152	0	0.0000	0
A	0.0011	0	0.0000	0
S	0.0038	0	0.0000	0
E	0.0051	0	0.0000	0
P	0.0004	0	0.0000	0
E	0.0003	0	0.0000	0
C	0.0001	0	0.0000	0
L	0.0001	0	0.0000	0
I	0.0001	0	0.0000	0
P	0.0000	0	0.0000	0
I	0.0000	0	0.0000	0
V	0.0000	0	0.0000	0
K	0.0000	0	0.0000	0
G	0.0001	0	0.0000	0
A	0.0001	0	0.0000	0
K	0.0003	0	0.0000	0
Q	0.0012	0	0.0000	0
V	0.0000	0	0.0000	0
I	0.0000	0	0.0000	0
L	0.0000	0	0.0000	0
V	0.0001	0	0.0000	0
G	0.0003	0	0.0000	0
D	0.0008	0	0.0000	0
H	0.0182	0	0.0000	0
Q	0.0671	0	0.0000	0
Q	0.0570	0	0.0000	0
L	0.0009	0	0.0000	0
G	0.0008	0	0.0000	0
P	0.0006	0	0.0000	0
V	0.0008	0	0.0000	0
I	0.0004	0	0.0000	0
L	0.0473	0	0.0000	0
E	0.0126	0	0.0000	0
R	0.0431	0	0.0000	0
K	0.0066	0	0.0000	0
A	0.0009	0	0.0000	0
A	0.0018	0	0.0000	0
D	0.0008	0	0.0000	0
A	0.0005	0	0.0000	0
G	0.0019	0	0.0000	0
L	0.0008	0	0.0000	0
K	0.0173	0	0.0000	0
Q	0.0214	0	0.0000	0
S	0.0379	0	0.0000	0
L	0.0148	0	0.0000	0
F	0.0077	0	0.0000	0
E	0.0087	0	0.0000	0
R	0.0119	0	0.0000	0
L	0.0002	0	0.0000	0
I	0.0002	0	0.0000	0
S	0.0004	0	0.0000	0
L	0.0003	0	0.0000	0
G	0.0001	0	0.0000	0
H	0.0002	0	0.0000	0
V	0.0003	0	0.0000	0
P	0.0031	0	0.0000	0
I	0.0002	0	0.0000	0
R	0.0007	0	0.0000	0
L	0.0002	0	0.0000	0
E	0.0019	0	0.0000	0
V	0.0045	0	0.0000	0
Q	0.0171	0	0.0000	0
Y	0.1233	0	0.0001	0
R	0.0190	0	0.0000	0
M	0.0009	0	0.0000	0
N	0.0012	0	0.0000	0
P	0.0005	0	0.0000	0
Y	0.0006	0	0.0000	0
L	0.0006	0	0.0000	0
S	0.0007	0	0.0000	0
E	0.0010	0	0.0000	0
F	0.0001	0	0.0000	0
P	0.0001	0	0.0000	0
S	0.0070	0	0.0000	0
N	0.0014	0	0.0000	0
M	0.0001	0	0.0000	0
F	0.0001	0	0.0000	0
Y	0.0056	0	0.0000	0
E	0.0005	0	0.0000	0
G	0.0003	0	0.0000	0
S	0.0004	0	0.0000	0
L	0.0003	0	0.0000	0
Q	0.0030	0	0.0000	0
N	0.0022	0	0.0000	0
G	0.0007	0	0.0000	0
V	0.0009	0	0.0000	0
T	0.0011	0	0.0000	0
I	0.0004	0	0.0000	0
E	0.0017	0	0.0000	0
Q	0.0013	0	0.0000	0
R	0.0049	0	0.0000	0
T	0.0017	0	0.0000	0
V	0.0009	0	0.0000	0
P	0.0010	0	0.0000	0
N	0.0011	0	0.0000	0
S	0.0023	0	0.0000	0
K	0.0027	0	0.0000	0
F	0.0009	0	0.0000	0
P	0.0007	0	0.0000	0
W	0.0006	0	0.0000	0
P	0.0002	0	0.0000	0
I	0.0003	0	0.0000	0
R	0.0004	0	0.0000	0
G	0.0003	0	0.0000	0
I	0.0001	0	0.0000	0
P	0.0003	0	0.0000	0
M	0.0001	0	0.0000	0
M	0.0001	0	0.0000	0
F	0.0002	0	0.0000	0
W	0.0005	0	0.0000	0
A	0.0001	0	0.0000	0
N	0.0002	0	0.0000	0
Y	0.0004	0	0.0000	0
G	0.0003	0	0.0000	0
R	0.0003	0	0.0000	0
E	0.0001	0	0.0000	0
E	0.0002	0	0.0000	0
I	0.0003	0	0.0000	0
S	0.0003	0	0.0000	0
A	0.0004	0	0.0000	0
N	0.0006	0	0.0000	0
G	0.0010	0	0.0000	0
T	0.0012	0	0.0000	0
S	0.0043	0	0.0000	0
F	0.0032	0	0.0000	0
L	0.0005	0	0.0000	0
N	0.0071	0	0.0000	0
R	0.0027	0	0.0000	0
I	0.0003	0	0.0000	0
E	0.0073	0	0.0000	0
A	0.0001	0	0.0000	0
M	0.0001	0	0.0000	0
N	0.0001	0	0.0000	0
C	0.0000	0	0.0000	0
E	0.0001	0	0.0000	0
R	0.0001	0	0.0000	0
I	0.0000	0	0.0000	0
I	0.0000	0	0.0000	0
T	0.0002	0	0.0000	0
K	0.0002	0	0.0000	0
L	0.0001	0	0.0000	0
F	0.0002	0	0.0000	0
R	0.0004	0	0.0000	0
D	0.0002	0	0.0000	0
G	0.0003	0	0.0000	0
V	0.0002	0	0.0000	0
K	0.0008	0	0.0000	0
P	0.0016	0	0.0000	0
E	0.0004	0	0.0000	0
Q	0.0022	0	0.0000	0
I	0.0001	0	0.0000	0
G	0.0001	0	0.0000	0
V	0.0001	0	0.0000	0
I	0.0002	0	0.0000	0
T	0.0006	0	0.0000	0
P	0.0007	0	0.0000	0
Y	0.0353	0	0.0000	0
E	0.0083	0	0.0000	0
G	0.0019	0	0.0000	0
Q	0.0011	0	0.0000	0
R	0.0003	0	0.0000	0
A	0.0001	0	0.0000	0
Y	0.0001	0	0.0000	0
I	0.0000	0	0.0000	0
L	0.0001	0	0.0000	0
Q	0.0000	0	0.0000	0
Y	0.0000	0	0.0000	0
M	0.0000	0	0.0000	0
Q	0.0001	0	0.0000	0
M	0.0000	0	0.0000	0
N	0.0001	0	0.0000	0
G	0.0000	0	0.0000	0
S	0.0001	0	0.0000	0
L	0.0000	0	0.0000	0
D	0.0001	0	0.0000	0
K	0.0001	0	0.0000	0
D	0.0001	0	0.0000	0
L	0.0001	0	0.0000	0
Y	0.0000	0	0.0000	0
I	0.0000	0	0.0000	0
K	0.0000	0	0.0000	0
V	0.0000	0	0.0000	0
E	0.0002	0	0.0000	0
V	0.0001	0	0.0000	0
A	0.0014	0	0.0000	0
S	0.0341	0	0.0000	0
V	0.0043	0	0.0000	0
D	0.2302	0	0.0003	0
A	0.4626	1	0.0003	0
F	0.7023	1	0.0001	0
Q	0.7745	1	0.0001	0
G	0.1162	0	0.0000	0
R	0.1244	0	0.0000	0
E	0.4171	1	0.0000	0
K	0.1763	0	0.0000	0
D	0.0187	0	0.0000	0
Y	0.0008	0	0.0000	0
I	0.0002	0	0.0000	0
I	0.0004	0	0.0000	0
L	0.0002	0	0.0000	0
S	0.0019	0	0.0000	0
C	0.0030	0	0.0000	0
V	0.0219	0	0.0000	0
R	0.1179	0	0.0000	0
A	0.0067	0	0.0000	0
N	0.0236	0	0.0000	0
E	0.0170	0	0.0000	0
Q	0.0180	0	0.0000	0
Q	0.0275	0	0.0000	0
A	0.0110	0	0.0000	0
I	0.0010	0	0.0000	0
G	0.0006	0	0.0000	0
F	0.0006	0	0.0000	0
L	0.0003	0	0.0000	0
R	0.0116	0	0.0000	0
D	0.0035	0	0.0000	0
P	0.0027	0	0.0000	0
R	0.1521	0	0.0000	0
R	0.0471	0	0.0000	0
L	0.0003	0	0.0000	0
N	0.0239	0	0.0000	0
V	0.0079	0	0.0000	0
G	0.0025	0	0.0000	0
L	0.0038	0	0.0000	0
T	0.2837	0	0.0000	0
R	0.4255	1	0.0000	0
A	0.0063	0	0.0000	0
K	0.3486	0	0.0000	0
Y	0.0022	0	0.0000	0
G	0.0010	0	0.0000	0
L	0.0002	0	0.0000	0
V	0.0001	0	0.0000	0
I	0.0002	0	0.0000	0
L	0.0010	0	0.0000	0
G	0.0040	0	0.0000	0
N	0.5618	1	0.0009	0
P	0.2543	0	0.0002	0
R	0.4147	1	0.0002	0
S	0.1657	0	0.0000	0
L	0.0230	0	0.0000	0
A	0.5394	1	0.0002	0
R	0.4254	1	0.0001	0
N	0.1646	0	0.0000	0
T	0.0295	0	0.0000	0
L	0.0018	0	0.0000	0
W	0.0047	0	0.0000	0
N	0.0167	0	0.0000	0
H	0.0097	0	0.0000	0
L	0.0001	0	0.0000	0
L	0.0003	0	0.0000	0
I	0.0003	0	0.0000	0
H	0.0001	0	0.0000	0
F	0.0001	0	0.0000	0
R	0.0002	0	0.0000	0
E	0.0003	0	0.0000	0
K	0.0007	0	0.0000	0
G	0.0001	0	0.0000	0
C	0.0000	0	0.0000	0
L	0.0000	0	0.0000	0
V	0.0000	0	0.0000	0
E	0.0001	0	0.0000	0
G	0.0000	0	0.0000	0
T	0.0001	0	0.0000	0
L	0.0001	0	0.0000	0
D	0.0001	0	0.0000	0
N	0.0001	0	0.0000	0
L	0.0001	0	0.0000	0
Q	0.0019	0	0.0000	0
L	0.0003	0	0.0000	0
C	0.0006	0	0.0000	0
T	0.0008	0	0.0000	0
V	0.0007	0	0.0000	0
Q	0.0024	0	0.0000	0
L	0.0020	0	0.0000	0
V	0.0028	0	0.0000	0
R	0.0073	0	0.0000	0
P	0.0053	0	0.0000	0
Q	0.0298	0	0.0000	0
P	0.0124	0	0.0000	0
R	0.0197	0	0.0000	0
K	0.0832	0	0.0000	0
T	0.0900	0	0.0000	0
E	0.0285	0	0.0000	0
R	0.0299	0	0.0000	0
P	0.0185	0	0.0000	0
M	0.0139	0	0.0000	0
N	0.0027	0	0.0000	0
A	0.0013	0	0.0000	0
Q	0.0009	0	0.0000	0
F	0.0014	0	0.0000	0
N	0.0004	0	0.0000	0
V	0.0002	0	0.0000	0
E	0.0001	0	0.0000	0
S	0.0001	0	0.0000	0
E	0.0001	0	0.0000	0
M	0.0001	0	0.0000	0
G	0.0002	0	0.0000	0
D	0.0001	0	0.0000	0
F	0.0001	0	0.0000	0
P	0.0001	0	0.0000	0
K	0.0001	0	0.0000	0
F	0.0001	0	0.0000	0
Q	0.0003	0	0.0000	0
D	0.0002	0	0.0000	0
F	0.0003	0	0.0000	0
D	0.0002	0	0.0000	0
A	0.0002	0	0.0000	0
Q	0.0002	0	0.0000	0
S	0.0003	0	0.0000	0
M	0.0007	0	0.0000	0
V	0.0006	0	0.0000	0
S	0.0040	0	0.0000	0
F	0.0132	0	0.0000	0
S	0.0145	0	0.0000	0
G	0.0310	0	0.0000	0
Q	0.0029	0	0.0000	0
I	0.0057	0	0.0000	0
G	0.0059	0	0.0000	0
D	0.0049	0	0.0000	0
F	0.0036	0	0.0000	0
G	0.0049	0	0.0000	0
N	0.0042	0	0.0000	0
A	0.0014	0	0.0000	0
F	0.0036	0	0.0000	0
V	0.0009	0	0.0000	0
D	0.0006	0	0.0000	0
N	0.0004	0	0.0000	0
T	0.0002	0	0.0000	0
E	0.0002	0	0.0000	0
L	0.0003	0	0.0000	0
S	0.0002	0	0.0000	0
S	0.0004	0	0.0000	0
Y	0.0004	0	0.0000	0
I	0.0004	0	0.0000	0
N	0.0006	0	0.0000	0
N	0.0004	0	0.0000	0
E	0.0008	0	0.0000	0
Y	0.0006	0	0.0000	0
W	0.0005	0	0.0000	0
N	0.0004	0	0.0000	0
F	0.0004	0	0.0000	0
E	0.0002	0	0.0000	0
N	0.0002	0	0.0000	0
F	0.0002	0	0.0000	0
K	0.0011	0	0.0000	0
S	0.0007	0	0.0000	0
A	0.0006	0	0.0000	0
F	0.0001	0	0.0000	0
S	0.0001	0	0.0000	0
Q	0.0001	0	0.0000	0
K	0.0002	0	0.0000	0
Q	0.0002	0	0.0000	0
N	0.0002	0	0.0000	0
R	0.0004	0	0.0000	0
N	0.0004	0	0.0000	0
E	0.0003	0	0.0000	0
I	0.0001	0	0.0000	0
D	0.0001	0	0.0000	0
D	0.0001	0	0.0000	0
R	0.0003	0	0.0000	0
N	0.0003	0	0.0000	0
L	0.0001	0	0.0000	0
Y	0.0001	0	0.0000	0
Q	0.0002	0	0.0000	0
E	0.0001	0	0.0000	0
E	0.0003	0	0.0000	0
A	0.0002	0	0.0000	0
S	0.0009	0	0.0000	0
H	0.0039	0	0.0000	0
L	0.0015	0	0.0000	0
N	0.0116	0	0.0000	0
S	0.0047	0	0.0000	0
N	0.0146	0	0.0000	0
F	0.0040	0	0.0000	0
A	0.0005	0	0.0000	0
R	0.0041	0	0.0000	0
E	0.0011	0	0.0000	0
L	0.0003	0	0.0000	0
Q	0.0008	0	0.0000	0
R	0.0015	0	0.0000	0
E	0.0007	0	0.0000	0
E	0.0009	0	0.0000	0
Q	0.0017	0	0.0000	0
K	0.0044	0	0.0000	0
H	0.0142	0	0.0000	0
E	0.0040	0	0.0000	0
L	0.0007	0	0.0000	0
S	0.0035	0	0.0000	0
K	0.0026	0	0.0000	0
D	0.0014	0	0.0000	0
F	0.0007	0	0.0000	0
S	0.0022	0	0.0000	0
N	0.0033	0	0.0000	0
L	0.0004	0	0.0000	0
G	0.0014	0	0.0000	0
I	0.0049	0	0.0000	0
</pre></body></html>