<html><head></head><body><pre style="word-wrap: break-word; white-space: pre-wrap;">&gt;Q9S166
Amino Acid	probability_DNA	binary_DNA	probability_RNA	binary_RNA
M	0.1973	0	0.0000	0
S	0.0691	0	0.0000	0
Q	0.0364	0	0.0000	0
D	0.0132	0	0.0000	0
S	0.0048	0	0.0000	0
A	0.0074	0	0.0000	0
A	0.0038	0	0.0000	0
A	0.0096	0	0.0000	0
T	0.0185	0	0.0000	0
E	0.0227	0	0.0000	0
A	0.0197	0	0.0000	0
A	0.0190	0	0.0000	0
R	0.0382	0	0.0000	0
K	0.0633	0	0.0000	0
L	0.0201	0	0.0000	0
T	0.0202	0	0.0000	0
G	0.0281	0	0.0000	0
R	0.0505	0	0.0000	0
R	0.2093	0	0.0001	0
R	0.1929	0	0.0001	0
R	0.1506	0	0.0000	0
E	0.0335	0	0.0000	0
V	0.1704	0	0.0000	0
V	0.0024	0	0.0000	0
A	0.0016	0	0.0000	0
V	0.0006	0	0.0000	0
L	0.0008	0	0.0000	0
L	0.0002	0	0.0000	0
F	0.0006	0	0.0000	0
S	0.0033	0	0.0000	0
G	0.0063	0	0.0000	0
G	0.0017	0	0.0000	0
P	0.0013	0	0.0000	0
I	0.0008	0	0.0000	0
F	0.0003	0	0.0000	0
E	0.0002	0	0.0000	0
S	0.0002	0	0.0000	0
S	0.0004	0	0.0000	0
I	0.0002	0	0.0000	0
P	0.0002	0	0.0000	0
L	0.0002	0	0.0000	0
S	0.0004	0	0.0000	0
V	0.0002	0	0.0000	0
F	0.0002	0	0.0000	0
G	0.0030	0	0.0000	0
I	0.0003	0	0.0000	0
D	0.0002	0	0.0000	0
R	0.0025	0	0.0000	0
Q	0.0014	0	0.0000	0
D	0.0006	0	0.0000	0
A	0.0007	0	0.0000	0
G	0.0008	0	0.0000	0
V	0.0020	0	0.0000	0
P	0.0021	0	0.0000	0
R	0.0009	0	0.0000	0
Y	0.0003	0	0.0000	0
R	0.0043	0	0.0000	0
L	0.0005	0	0.0000	0
L	0.0035	0	0.0000	0
V	0.0047	0	0.0000	0
C	0.0004	0	0.0000	0
G	0.0062	0	0.0000	0
G	0.0039	0	0.0000	0
E	0.0136	0	0.0000	0
E	0.0048	0	0.0000	0
G	0.0011	0	0.0000	0
P	0.0009	0	0.0000	0
L	0.0005	0	0.0000	0
R	0.0205	0	0.0000	0
T	0.0044	0	0.0000	0
T	0.0031	0	0.0000	0
G	0.0004	0	0.0000	0
G	0.0005	0	0.0000	0
L	0.0001	0	0.0000	0
E	0.0031	0	0.0000	0
L	0.0004	0	0.0000	0
T	0.0006	0	0.0000	0
A	0.0002	0	0.0000	0
P	0.0023	0	0.0000	0
Y	0.0019	0	0.0000	0
G	0.0013	0	0.0000	0
L	0.0003	0	0.0000	0
E	0.0008	0	0.0000	0
A	0.0006	0	0.0000	0
I	0.0002	0	0.0000	0
S	0.0006	0	0.0000	0
R	0.0025	0	0.0000	0
A	0.0004	0	0.0000	0
G	0.0031	0	0.0000	0
T	0.0003	0	0.0000	0
V	0.0017	0	0.0000	0
V	0.0013	0	0.0000	0
V	0.0051	0	0.0000	0
P	0.0217	0	0.0000	0
A	0.1957	0	0.0001	0
W	0.3648	1	0.0005	0
R	0.3788	1	0.0004	0
S	0.2170	0	0.0001	0
I	0.1983	0	0.0000	0
T	0.2165	0	0.0000	0
S	0.1937	0	0.0000	0
P	0.2043	0	0.0000	0
P	0.0804	0	0.0000	0
P	0.0332	0	0.0000	0
A	0.0717	0	0.0000	0
E	0.0400	0	0.0000	0
A	0.0121	0	0.0000	0
L	0.0015	0	0.0000	0
D	0.0009	0	0.0000	0
A	0.0004	0	0.0000	0
L	0.0002	0	0.0000	0
R	0.0032	0	0.0000	0
R	0.0003	0	0.0000	0
A	0.0002	0	0.0000	0
H	0.0002	0	0.0000	0
E	0.0005	0	0.0000	0
E	0.0004	0	0.0000	0
G	0.0003	0	0.0000	0
A	0.0002	0	0.0000	0
R	0.0004	0	0.0000	0
I	0.0006	0	0.0000	0
V	0.0003	0	0.0000	0
G	0.0011	0	0.0000	0
L	0.0005	0	0.0000	0
C	0.0013	0	0.0000	0
T	0.0181	0	0.0000	0
G	0.0280	0	0.0000	0
A	0.0016	0	0.0000	0
F	0.0011	0	0.0000	0
V	0.0003	0	0.0000	0
L	0.0003	0	0.0000	0
A	0.0003	0	0.0000	0
A	0.0014	0	0.0000	0
A	0.0005	0	0.0000	0
G	0.0008	0	0.0000	0
L	0.0017	0	0.0000	0
L	0.0052	0	0.0000	0
D	0.1345	0	0.0000	0
G	0.5079	1	0.0000	0
R	0.6227	1	0.0000	0
P	0.5545	1	0.0000	0
A	0.1368	0	0.0000	0
T	0.5214	1	0.0000	0
T	0.4915	1	0.0000	0
H	0.8035	1	0.0000	0
W	0.0917	0	0.0000	0
M	0.0098	0	0.0000	0
Y	0.0016	0	0.0000	0
A	0.0017	0	0.0000	0
P	0.0008	0	0.0000	0
T	0.0012	0	0.0000	0
L	0.0002	0	0.0000	0
A	0.0061	0	0.0000	0
K	0.0007	0	0.0000	0
R	0.0016	0	0.0000	0
Y	0.0004	0	0.0000	0
P	0.0005	0	0.0000	0
S	0.0013	0	0.0000	0
V	0.0004	0	0.0000	0
H	0.0014	0	0.0000	0
V	0.0007	0	0.0000	0
D	0.0017	0	0.0000	0
P	0.0018	0	0.0000	0
R	0.0027	0	0.0000	0
E	0.0012	0	0.0000	0
L	0.0005	0	0.0000	0
F	0.0007	0	0.0000	0
V	0.0007	0	0.0000	0
D	0.0035	0	0.0000	0
D	0.0036	0	0.0000	0
G	0.0129	0	0.0000	0
D	0.0370	0	0.0000	0
V	0.0104	0	0.0000	0
L	0.0420	0	0.0000	0
T	0.1266	0	0.0000	0
S	0.0083	0	0.0000	0
A	0.0355	0	0.0000	0
G	0.0138	0	0.0000	0
T	0.0039	0	0.0000	0
A	0.0079	0	0.0000	0
A	0.0277	0	0.0000	0
G	0.0108	0	0.0000	0
I	0.0007	0	0.0000	0
D	0.0114	0	0.0000	0
L	0.0009	0	0.0000	0
C	0.0004	0	0.0000	0
L	0.0003	0	0.0000	0
H	0.0018	0	0.0000	0
I	0.0002	0	0.0000	0
V	0.0004	0	0.0000	0
R	0.0005	0	0.0000	0
T	0.0029	0	0.0000	0
D	0.0004	0	0.0000	0
H	0.0008	0	0.0000	0
G	0.0042	0	0.0000	0
T	0.0308	0	0.0000	0
E	0.0093	0	0.0000	0
A	0.0035	0	0.0000	0
A	0.0013	0	0.0000	0
G	0.0087	0	0.0000	0
A	0.0042	0	0.0000	0
L	0.0008	0	0.0000	0
A	0.0009	0	0.0000	0
R	0.0632	0	0.0000	0
R	0.0108	0	0.0000	0
L	0.0035	0	0.0000	0
V	0.0013	0	0.0000	0
V	0.0022	0	0.0000	0
P	0.0019	0	0.0000	0
P	0.0070	0	0.0000	0
R	0.0101	0	0.0000	0
R	0.1285	0	0.0000	0
S	0.0639	0	0.0000	0
G	0.3187	0	0.0000	0
G	0.2003	0	0.0000	0
Q	0.1005	0	0.0000	0
E	0.0702	0	0.0000	0
R	0.0401	0	0.0000	0
Y	0.0132	0	0.0000	0
L	0.0056	0	0.0000	0
D	0.0085	0	0.0000	0
R	0.0086	0	0.0000	0
S	0.0157	0	0.0000	0
L	0.0155	0	0.0000	0
P	0.0229	0	0.0000	0
E	0.0104	0	0.0000	0
E	0.0096	0	0.0000	0
I	0.0146	0	0.0000	0
G	0.0327	0	0.0000	0
S	0.0259	0	0.0000	0
D	0.0073	0	0.0000	0
P	0.0205	0	0.0000	0
L	0.0005	0	0.0000	0
A	0.0015	0	0.0000	0
E	0.0041	0	0.0000	0
V	0.0005	0	0.0000	0
V	0.0003	0	0.0000	0
A	0.0004	0	0.0000	0
W	0.0013	0	0.0000	0
A	0.0001	0	0.0000	0
L	0.0001	0	0.0000	0
E	0.0004	0	0.0000	0
H	0.0012	0	0.0000	0
L	0.0005	0	0.0000	0
H	0.0004	0	0.0000	0
E	0.0032	0	0.0000	0
Q	0.0140	0	0.0000	0
F	0.0017	0	0.0000	0
D	0.0353	0	0.0000	0
V	0.0409	0	0.0000	0
E	0.0930	0	0.0000	0
T	0.0027	0	0.0000	0
L	0.0005	0	0.0000	0
A	0.0006	0	0.0000	0
A	0.0015	0	0.0000	0
R	0.0010	0	0.0000	0
A	0.0008	0	0.0000	0
Y	0.1380	0	0.0000	0
M	0.2465	0	0.0000	0
S	0.9825	1	0.0000	0
R	0.5510	1	0.0000	0
R	0.9772	1	0.0000	0
T	0.9691	1	0.0000	0
F	0.0030	0	0.0000	0
D	0.6993	1	0.0000	0
R	0.9677	1	0.0000	0
R	0.0851	0	0.0000	0
F	0.0043	0	0.0000	0
R	0.6596	1	0.0000	0
S	0.0311	0	0.0000	0
L	0.0006	0	0.0000	0
T	0.0003	0	0.0000	0
G	0.0033	0	0.0000	0
S	0.0024	0	0.0000	0
A	0.1952	0	0.0000	0
P	0.0509	0	0.0000	0
L	0.5942	1	0.0000	0
Q	0.6794	1	0.0000	0
W	0.0040	0	0.0000	0
L	0.0009	0	0.0000	0
I	0.0011	0	0.0000	0
T	0.0013	0	0.0000	0
Q	0.0002	0	0.0000	0
R	0.1806	0	0.0000	0
V	0.0018	0	0.0000	0
L	0.0011	0	0.0000	0
Q	0.0147	0	0.0000	0
A	0.0034	0	0.0000	0
Q	0.0238	0	0.0000	0
R	0.0005	0	0.0000	0
L	0.0007	0	0.0000	0
L	0.0009	0	0.0000	0
E	0.0016	0	0.0000	0
T	0.0081	0	0.0000	0
S	0.0065	0	0.0000	0
D	0.0032	0	0.0000	0
Y	0.0132	0	0.0000	0
S	0.6683	1	0.0000	0
V	0.1966	0	0.0000	0
D	0.0847	0	0.0000	0
E	0.0017	0	0.0000	0
V	0.0003	0	0.0000	0
A	0.0006	0	0.0000	0
G	0.0003	0	0.0000	0
R	0.0009	0	0.0000	0
C	0.0006	0	0.0000	0
G	0.0019	0	0.0000	0
F	0.0072	0	0.0000	0
R	0.0195	0	0.0000	0
S	0.4043	1	0.0000	0
P	0.4385	1	0.0000	0
V	0.8507	1	0.0000	0
A	0.6746	1	0.0000	0
L	0.0031	0	0.0000	0
R	0.5659	1	0.0000	0
G	0.8029	1	0.0000	0
H	0.0240	0	0.0000	0
F	0.0120	0	0.0000	0
R	0.6094	1	0.0000	0
R	0.0638	0	0.0000	0
Q	0.0007	0	0.0000	0
L	0.0005	0	0.0000	0
G	0.0011	0	0.0000	0
S	0.0018	0	0.0000	0
S	0.4322	1	0.0000	0
P	0.3345	0	0.0000	0
A	0.5247	1	0.0000	0
A	0.2206	0	0.0000	0
Y	0.0104	0	0.0000	0
R	0.7479	1	0.0000	0
A	0.0402	0	0.0000	0
A	0.0470	0	0.0000	0
Y	0.0993	0	0.0000	0
R	0.7085	1	0.0000	0
A	0.0869	0	0.0000	0
R	0.2282	0	0.0000	0
R	0.1168	0	0.0000	0
P	0.0710	0	0.0000	0
Q	0.2276	0	0.0000	0
G	0.0359	0	0.0000	0
V	0.0089	0	0.0000	0
A	0.0023	0	0.0000	0
E	0.0044	0	0.0000	0
S	0.0041	0	0.0000	0
A	0.0065	0	0.0000	0
A	0.0043	0	0.0000	0
T	0.0021	0	0.0000	0
V	0.0029	0	0.0000	0
V	0.0033	0	0.0000	0
E	0.0033	0	0.0000	0
T	0.0030	0	0.0000	0
M	0.0005	0	0.0000	0
V	0.0009	0	0.0000	0
P	0.0112	0	0.0000	0
S	0.0067	0	0.0000	0
Q	0.0180	0	0.0000	0
G	0.0030	0	0.0000	0
P	0.0012	0	0.0000	0
P	0.0023	0	0.0000	0
S	0.0025	0	0.0000	0
G	0.0117	0	0.0000	0
R	0.0555	0	0.0000	0
R	0.0654	0	0.0000	0
G	0.1407	0	0.0000	0
S	0.2863	0	0.0000	0
T	0.0693	0	0.0000	0
L	0.1106	0	0.0000	0
S	0.1583	0	0.0000	0
S	0.1457	0	0.0000	0
A	0.0133	0	0.0000	0
A	0.0032	0	0.0000	0
V	0.0006	0	0.0000	0
A	0.0005	0	0.0000	0
V	0.0004	0	0.0000	0
A	0.0030	0	0.0000	0
A	0.0004	0	0.0000	0
S	0.0003	0	0.0000	0
V	0.0007	0	0.0000	0
G	0.0009	0	0.0000	0
S	0.0031	0	0.0000	0
G	0.0031	0	0.0000	0
E	0.0046	0	0.0000	0
L	0.0017	0	0.0000	0
S	0.0065	0	0.0000	0
L	0.0189	0	0.0000	0
P	0.0331	0	0.0000	0
G	0.0082	0	0.0000	0
P	0.0103	0	0.0000	0
D	0.0073	0	0.0000	0
A	0.0110	0	0.0000	0
Y	0.0549	0	0.0000	0
V	0.0034	0	0.0000	0
P	0.0036	0	0.0000	0
G	0.0041	0	0.0000	0
R	0.0034	0	0.0000	0
P	0.0022	0	0.0000	0
A	0.0045	0	0.0000	0
L	0.0032	0	0.0000	0
P	0.0163	0	0.0000	0
G	0.1079	0	0.0000	0
Q	0.3210	0	0.0000	0
R	0.4816	1	0.0000	0
S	0.3083	0	0.0000	0
A	0.1217	0	0.0000	0
P	0.1238	0	0.0000	0
</pre></body></html>