<html><head></head><body><pre style="word-wrap: break-word; white-space: pre-wrap;">&gt;Q8U4M2
Amino Acid	probability_DNA	binary_DNA	probability_RNA	binary_RNA
M	0.0135	0	0.0005	0
V	0.0009	0	0.0000	0
E	0.0004	0	0.0000	0
V	0.0001	0	0.0000	0
K	0.0011	0	0.0000	0
K	0.0134	0	0.0000	0
H	0.0463	0	0.0001	0
K	0.1704	0	0.0011	0
F	0.0635	0	0.0006	0
P	0.0026	0	0.0000	0
G	0.0015	0	0.0000	0
V	0.0003	0	0.0000	0
Y	0.0025	0	0.0001	0
V	0.0005	0	0.0000	0
V	0.0002	0	0.0000	0
I	0.0017	0	0.0001	0
D	0.0009	0	0.0000	0
D	0.0067	0	0.0002	0
D	0.0025	0	0.0000	0
G	0.0097	0	0.0003	0
S	0.0104	0	0.0002	0
E	0.0176	0	0.0002	0
K	0.0189	0	0.0002	0
I	0.0005	0	0.0000	0
A	0.0009	0	0.0000	0
T	0.0607	0	0.0003	0
K	0.1009	0	0.0006	0
N	0.0124	0	0.0000	0
L	0.0012	0	0.0000	0
V	0.0040	0	0.0000	0
P	0.0161	0	0.0000	0
G	0.0109	0	0.0000	0
Q	0.0207	0	0.0000	0
R	0.0200	0	0.0000	0
V	0.0033	0	0.0000	0
Y	0.2015	0	0.0009	0
G	0.0036	0	0.0000	0
E	0.0042	0	0.0000	0
R	0.0065	0	0.0000	0
V	0.0095	0	0.0000	0
I	0.0083	0	0.0000	0
K	0.0120	0	0.0001	0
W	0.0110	0	0.0001	0
E	0.0014	0	0.0000	0
G	0.0057	0	0.0001	0
E	0.0015	0	0.0001	0
E	0.0014	0	0.0001	0
Y	0.0032	0	0.0003	0
R	0.0055	0	0.0006	0
I	0.0003	0	0.0001	0
W	0.0082	0	0.0020	0
N	0.0018	0	0.0005	0
P	0.0008	0	0.0001	0
H	0.1064	0	0.0334	0
R	0.4715	1	0.1750	1
S	0.1100	0	0.0388	0
K	0.1796	0	0.0974	0
L	0.0015	0	0.0003	0
G	0.0001	0	0.0000	0
A	0.0001	0	0.0000	0
A	0.0001	0	0.0000	0
I	0.0000	0	0.0000	0
V	0.0002	0	0.0000	0
N	0.0004	0	0.0001	0
G	0.0007	0	0.0003	0
L	0.0004	0	0.0002	0
K	0.0016	0	0.0008	0
N	0.0010	0	0.0004	0
F	0.0002	0	0.0000	0
P	0.0003	0	0.0000	0
I	0.0004	0	0.0000	0
K	0.0076	0	0.0010	0
P	0.0132	0	0.0012	0
G	0.0075	0	0.0007	0
K	0.0007	0	0.0000	0
S	0.0009	0	0.0000	0
V	0.0003	0	0.0000	0
L	0.0002	0	0.0000	0
Y	0.0012	0	0.0001	0
L	0.0012	0	0.0001	0
G	0.0024	0	0.0002	0
I	0.0024	0	0.0001	0
A	0.0178	0	0.0009	0
S	0.0161	0	0.0006	0
G	0.0036	0	0.0001	0
T	0.0163	0	0.0003	0
T	0.0024	0	0.0000	0
A	0.0002	0	0.0000	0
S	0.0001	0	0.0000	0
H	0.0001	0	0.0000	0
V	0.0000	0	0.0000	0
S	0.0003	0	0.0000	0
D	0.0002	0	0.0000	0
I	0.0001	0	0.0000	0
V	0.0001	0	0.0000	0
G	0.0002	0	0.0000	0
W	0.0003	0	0.0000	0
E	0.0002	0	0.0000	0
G	0.0001	0	0.0000	0
K	0.0001	0	0.0000	0
I	0.0001	0	0.0000	0
Y	0.0003	0	0.0000	0
G	0.0006	0	0.0000	0
I	0.0011	0	0.0000	0
E	0.0839	0	0.0026	0
F	0.4686	1	0.0091	0
S	0.0587	0	0.0006	0
P	0.0215	0	0.0001	0
R	0.0270	0	0.0001	0
V	0.0005	0	0.0000	0
L	0.0002	0	0.0000	0
R	0.0009	0	0.0000	0
E	0.0001	0	0.0000	0
L	0.0001	0	0.0000	0
V	0.0004	0	0.0000	0
P	0.0001	0	0.0000	0
I	0.0003	0	0.0000	0
V	0.0002	0	0.0000	0
E	0.0009	0	0.0000	0
E	0.0005	0	0.0000	0
R	0.0017	0	0.0000	0
R	0.0004	0	0.0000	0
N	0.0012	0	0.0000	0
I	0.0001	0	0.0000	0
I	0.0001	0	0.0000	0
P	0.0001	0	0.0000	0
I	0.0001	0	0.0000	0
L	0.0001	0	0.0000	0
G	0.0003	0	0.0001	0
D	0.0029	0	0.0011	0
A	0.0009	0	0.0002	0
T	0.0055	0	0.0031	0
K	0.0050	0	0.0011	0
P	0.0019	0	0.0003	0
E	0.0013	0	0.0003	0
E	0.0015	0	0.0002	0
Y	0.0022	0	0.0002	0
R	0.0013	0	0.0001	0
A	0.0002	0	0.0000	0
L	0.0001	0	0.0000	0
V	0.0001	0	0.0000	0
T	0.0002	0	0.0000	0
K	0.0010	0	0.0002	0
V	0.0002	0	0.0000	0
D	0.0036	0	0.0009	0
V	0.0003	0	0.0001	0
I	0.0002	0	0.0000	0
F	0.0002	0	0.0000	0
E	0.0003	0	0.0000	0
D	0.0014	0	0.0002	0
V	0.0045	0	0.0005	0
A	0.0155	0	0.0013	0
Q	0.0521	0	0.0009	0
P	0.0604	0	0.0009	0
T	0.0062	0	0.0001	0
Q	0.0156	0	0.0004	0
A	0.0006	0	0.0000	0
K	0.0026	0	0.0002	0
I	0.0003	0	0.0000	0
L	0.0012	0	0.0000	0
I	0.0003	0	0.0000	0
D	0.0035	0	0.0001	0
N	0.0182	0	0.0008	0
A	0.0008	0	0.0000	0
K	0.0044	0	0.0001	0
A	0.0005	0	0.0000	0
Y	0.0002	0	0.0000	0
L	0.0002	0	0.0000	0
K	0.0016	0	0.0001	0
R	0.0013	0	0.0001	0
G	0.0020	0	0.0001	0
G	0.0008	0	0.0000	0
Y	0.0075	0	0.0005	0
G	0.0011	0	0.0001	0
M	0.0094	0	0.0014	0
I	0.0010	0	0.0000	0
A	0.0036	0	0.0001	0
V	0.0025	0	0.0000	0
K	0.1598	0	0.0027	0
S	0.0155	0	0.0000	0
R	0.0600	0	0.0002	0
S	0.0024	0	0.0000	0
I	0.0013	0	0.0000	0
D	0.0027	0	0.0000	0
V	0.0103	0	0.0000	0
T	0.0433	0	0.0001	0
K	0.0046	0	0.0000	0
E	0.0024	0	0.0000	0
P	0.0008	0	0.0000	0
E	0.0018	0	0.0000	0
Q	0.0002	0	0.0000	0
V	0.0001	0	0.0000	0
F	0.0001	0	0.0000	0
K	0.0008	0	0.0000	0
E	0.0001	0	0.0000	0
V	0.0001	0	0.0000	0
E	0.0006	0	0.0000	0
R	0.0006	0	0.0000	0
E	0.0002	0	0.0000	0
L	0.0001	0	0.0000	0
S	0.0005	0	0.0000	0
E	0.0002	0	0.0000	0
Y	0.0001	0	0.0000	0
F	0.0001	0	0.0000	0
E	0.0009	0	0.0000	0
V	0.0003	0	0.0000	0
I	0.0021	0	0.0001	0
E	0.0014	0	0.0000	0
R	0.0140	0	0.0005	0
L	0.0012	0	0.0000	0
N	0.0014	0	0.0000	0
L	0.0006	0	0.0000	0
E	0.0014	0	0.0001	0
P	0.0091	0	0.0004	0
Y	0.0104	0	0.0010	0
E	0.0014	0	0.0001	0
K	0.0173	0	0.0039	0
D	0.0062	0	0.0006	0
H	0.0024	0	0.0002	0
A	0.0001	0	0.0000	0
L	0.0001	0	0.0000	0
F	0.0001	0	0.0000	0
V	0.0002	0	0.0000	0
V	0.0004	0	0.0000	0
R	0.2311	0	0.0020	0
K	0.2998	0	0.0022	0
P	0.3258	0	0.0037	0
</pre></body></html>