<html><head></head><body><pre style="word-wrap: break-word; white-space: pre-wrap;">&gt;A8C927
Amino Acid	probability_DNA	binary_DNA	probability_RNA	binary_RNA
M	0.0278	0	0.0073	0
L	0.0925	0	0.0156	0
I	0.0243	0	0.0009	0
L	0.0022	0	0.0000	0
K	0.0967	0	0.0006	0
G	0.0418	0	0.0001	0
T	0.3628	1	0.0005	0
K	0.4372	1	0.0004	0
T	0.2549	0	0.0003	0
V	0.0225	0	0.0000	0
D	0.0038	0	0.0000	0
L	0.0007	0	0.0000	0
S	0.0010	0	0.0000	0
K	0.0062	0	0.0000	0
D	0.0010	0	0.0000	0
E	0.0004	0	0.0000	0
L	0.0002	0	0.0000	0
T	0.0007	0	0.0000	0
E	0.0001	0	0.0000	0
I	0.0000	0	0.0000	0
I	0.0001	0	0.0000	0
G	0.0001	0	0.0000	0
Q	0.0001	0	0.0000	0
F	0.0001	0	0.0000	0
D	0.0003	0	0.0000	0
R	0.0064	0	0.0001	0
V	0.0004	0	0.0000	0
H	0.0026	0	0.0000	0
I	0.0003	0	0.0000	0
D	0.0031	0	0.0001	0
L	0.0017	0	0.0000	0
G	0.0331	0	0.0024	0
T	0.0388	0	0.0046	0
G	0.2519	0	0.0467	0
D	0.1199	0	0.0100	0
G	0.0412	0	0.0026	0
R	0.1593	0	0.0050	0
N	0.0289	0	0.0002	0
I	0.0003	0	0.0000	0
Y	0.0009	0	0.0000	0
K	0.0012	0	0.0000	0
L	0.0001	0	0.0000	0
A	0.0001	0	0.0000	0
I	0.0008	0	0.0000	0
N	0.0008	0	0.0000	0
D	0.0010	0	0.0000	0
Q	0.0022	0	0.0000	0
N	0.0011	0	0.0000	0
T	0.0003	0	0.0000	0
F	0.0002	0	0.0000	0
Y	0.0006	0	0.0000	0
I	0.0001	0	0.0000	0
G	0.0002	0	0.0000	0
I	0.0003	0	0.0000	0
D	0.0005	0	0.0000	0
P	0.0034	0	0.0001	0
V	0.0006	0	0.0000	0
K	0.0009	0	0.0000	0
E	0.0002	0	0.0000	0
N	0.0001	0	0.0000	0
L	0.0000	0	0.0000	0
F	0.0000	0	0.0000	0
D	0.0000	0	0.0000	0
I	0.0000	0	0.0000	0
S	0.0001	0	0.0000	0
K	0.0010	0	0.0000	0
K	0.0014	0	0.0000	0
I	0.0002	0	0.0000	0
I	0.0012	0	0.0000	0
K	0.0023	0	0.0000	0
K	0.0261	0	0.0001	0
P	0.0140	0	0.0000	0
S	0.0687	0	0.0001	0
K	0.0859	0	0.0001	0
G	0.0063	0	0.0000	0
G	0.0017	0	0.0000	0
L	0.0046	0	0.0000	0
S	0.0168	0	0.0001	0
N	0.0570	0	0.0002	0
V	0.0010	0	0.0000	0
V	0.0008	0	0.0000	0
F	0.0003	0	0.0000	0
V	0.0003	0	0.0000	0
I	0.0002	0	0.0000	0
A	0.0001	0	0.0000	0
A	0.0001	0	0.0000	0
A	0.0002	0	0.0000	0
E	0.0004	0	0.0000	0
S	0.0024	0	0.0000	0
L	0.0003	0	0.0000	0
P	0.0007	0	0.0000	0
F	0.0018	0	0.0000	0
E	0.0004	0	0.0000	0
L	0.0001	0	0.0000	0
K	0.0001	0	0.0000	0
N	0.0000	0	0.0000	0
I	0.0000	0	0.0000	0
A	0.0001	0	0.0000	0
D	0.0005	0	0.0000	0
S	0.0016	0	0.0000	0
I	0.0003	0	0.0000	0
S	0.0020	0	0.0000	0
I	0.0002	0	0.0000	0
L	0.0011	0	0.0000	0
F	0.0182	0	0.0006	0
P	0.0557	0	0.0040	0
W	0.5500	1	0.0392	0
G	0.0192	0	0.0007	0
T	0.0259	0	0.0008	0
L	0.0008	0	0.0000	0
L	0.0002	0	0.0000	0
E	0.0079	0	0.0000	0
Y	0.0013	0	0.0000	0
V	0.0002	0	0.0000	0
I	0.0002	0	0.0000	0
K	0.0024	0	0.0000	0
P	0.0056	0	0.0000	0
N	0.0367	0	0.0000	0
R	0.1859	0	0.0001	0
D	0.0094	0	0.0000	0
I	0.0007	0	0.0000	0
L	0.0008	0	0.0000	0
S	0.0018	0	0.0000	0
N	0.0013	0	0.0000	0
V	0.0004	0	0.0000	0
A	0.0002	0	0.0000	0
D	0.0001	0	0.0000	0
L	0.0001	0	0.0000	0
A	0.0001	0	0.0000	0
K	0.0027	0	0.0000	0
K	0.0004	0	0.0000	0
E	0.0005	0	0.0000	0
A	0.0003	0	0.0000	0
H	0.0008	0	0.0000	0
F	0.0004	0	0.0000	0
E	0.0006	0	0.0000	0
F	0.0004	0	0.0000	0
V	0.0016	0	0.0000	0
T	0.0007	0	0.0000	0
T	0.0012	0	0.0000	0
Y	0.0111	0	0.0000	0
S	0.0295	0	0.0000	0
D	0.1138	0	0.0000	0
S	0.2343	0	0.0000	0
Y	0.2300	0	0.0000	0
E	0.0078	0	0.0000	0
E	0.0039	0	0.0000	0
A	0.0061	0	0.0000	0
E	0.0033	0	0.0000	0
I	0.0006	0	0.0000	0
K	0.0253	0	0.0000	0
K	0.0285	0	0.0000	0
R	0.3772	1	0.0000	0
G	0.1160	0	0.0000	0
L	0.0334	0	0.0000	0
P	0.0472	0	0.0000	0
L	0.2409	0	0.0001	0
L	0.0194	0	0.0000	0
S	0.0435	0	0.0000	0
K	0.1185	0	0.0001	0
A	0.0093	0	0.0000	0
Y	0.0010	0	0.0000	0
F	0.0004	0	0.0000	0
L	0.0006	0	0.0000	0
S	0.0003	0	0.0000	0
E	0.0002	0	0.0000	0
Q	0.0018	0	0.0000	0
Y	0.0006	0	0.0000	0
K	0.0029	0	0.0000	0
A	0.0005	0	0.0000	0
E	0.0002	0	0.0000	0
L	0.0002	0	0.0000	0
S	0.0014	0	0.0000	0
N	0.0016	0	0.0000	0
S	0.0004	0	0.0000	0
G	0.0005	0	0.0000	0
F	0.0003	0	0.0000	0
R	0.0013	0	0.0000	0
I	0.0005	0	0.0000	0
D	0.0005	0	0.0000	0
D	0.0030	0	0.0000	0
V	0.0003	0	0.0000	0
K	0.0010	0	0.0000	0
E	0.0004	0	0.0000	0
L	0.0007	0	0.0000	0
D	0.0005	0	0.0000	0
N	0.0005	0	0.0000	0
E	0.0006	0	0.0000	0
Y	0.0003	0	0.0000	0
V	0.0010	0	0.0000	0
K	0.0015	0	0.0000	0
Q	0.0026	0	0.0000	0
F	0.0013	0	0.0000	0
N	0.0133	0	0.0001	0
S	0.0786	0	0.0013	0
L	0.1275	0	0.0032	0
W	0.7434	1	0.0336	0
A	0.1759	0	0.0056	0
K	0.4258	1	0.0184	0
R	0.6447	1	0.0071	0
L	0.0047	0	0.0000	0
A	0.0094	0	0.0000	0
F	0.1331	0	0.0020	0
G	0.0482	0	0.0006	0
R	0.1755	0	0.0032	0
K	0.0370	0	0.0003	0
R	0.0167	0	0.0001	0
S	0.0030	0	0.0000	0
F	0.0003	0	0.0000	0
F	0.0010	0	0.0000	0
R	0.0060	0	0.0001	0
V	0.0003	0	0.0000	0
S	0.0034	0	0.0000	0
G	0.0007	0	0.0000	0
H	0.0196	0	0.0002	0
V	0.0046	0	0.0000	0
S	0.0125	0	0.0001	0
K	0.0971	0	0.0008	0
H	0.3079	0	0.0044	0
</pre></body></html>