<html><head></head><body><pre style="word-wrap: break-word; white-space: pre-wrap;">&gt;Q9X220
Amino Acid	probability_DNA	binary_DNA	probability_RNA	binary_RNA
M	0.0884	0	0.0020	0
E	0.0328	0	0.0012	0
E	0.0309	0	0.0028	0
L	0.0104	0	0.0016	0
R	0.0145	0	0.0039	0
V	0.0026	0	0.0008	0
Y	0.0022	0	0.0005	0
I	0.0030	0	0.0004	0
V	0.0014	0	0.0001	0
R	0.1188	0	0.0118	0
Y	0.0701	0	0.0046	0
S	0.1253	0	0.0059	0
E	0.1240	0	0.0019	0
I	0.0171	0	0.0002	0
G	0.1496	0	0.0010	0
L	0.0109	0	0.0000	0
K	0.5535	1	0.0044	0
G	0.2894	0	0.0006	0
K	0.6380	1	0.0005	0
N	0.4632	1	0.0003	0
R	0.8324	1	0.0001	0
K	0.3554	1	0.0000	0
D	0.0867	0	0.0000	0
F	0.1527	0	0.0000	0
E	0.0054	0	0.0000	0
E	0.2760	0	0.0005	0
A	0.1157	0	0.0000	0
L	0.0002	0	0.0000	0
R	0.0005	0	0.0000	0
R	0.0127	0	0.0000	0
N	0.0007	0	0.0000	0
I	0.0001	0	0.0000	0
E	0.0022	0	0.0000	0
R	0.0014	0	0.0000	0
V	0.0002	0	0.0000	0
T	0.0001	0	0.0000	0
G	0.0002	0	0.0000	0
M	0.0001	0	0.0000	0
K	0.0002	0	0.0000	0
V	0.0001	0	0.0000	0
K	0.0019	0	0.0000	0
R	0.0029	0	0.0000	0
Q	0.0689	0	0.0002	0
W	0.0219	0	0.0000	0
G	0.0025	0	0.0000	0
R	0.0458	0	0.0001	0
F	0.0003	0	0.0000	0
L	0.0008	0	0.0000	0
I	0.0001	0	0.0000	0
P	0.0003	0	0.0000	0
I	0.0002	0	0.0000	0
D	0.0009	0	0.0000	0
E	0.0005	0	0.0000	0
N	0.0007	0	0.0000	0
V	0.0003	0	0.0000	0
T	0.0002	0	0.0000	0
L	0.0001	0	0.0000	0
D	0.0002	0	0.0000	0
D	0.0004	0	0.0000	0
K	0.0028	0	0.0000	0
L	0.0002	0	0.0000	0
K	0.0070	0	0.0000	0
K	0.0017	0	0.0000	0
I	0.0008	0	0.0000	0
F	0.0082	0	0.0001	0
G	0.0041	0	0.0000	0
I	0.0017	0	0.0000	0
Q	0.0744	0	0.0001	0
N	0.0624	0	0.0000	0
F	0.0004	0	0.0000	0
S	0.0005	0	0.0000	0
K	0.0003	0	0.0000	0
G	0.0001	0	0.0000	0
F	0.0001	0	0.0000	0
L	0.0003	0	0.0000	0
V	0.0001	0	0.0000	0
S	0.0015	0	0.0000	0
H	0.0026	0	0.0000	0
D	0.0011	0	0.0000	0
F	0.0004	0	0.0000	0
E	0.0002	0	0.0000	0
E	0.0002	0	0.0000	0
V	0.0001	0	0.0000	0
K	0.0001	0	0.0000	0
K	0.0001	0	0.0000	0
Y	0.0001	0	0.0000	0
S	0.0000	0	0.0000	0
L	0.0001	0	0.0000	0
I	0.0001	0	0.0000	0
A	0.0001	0	0.0000	0
V	0.0001	0	0.0000	0
K	0.0032	0	0.0000	0
E	0.0002	0	0.0000	0
K	0.0001	0	0.0000	0
L	0.0001	0	0.0000	0
E	0.0003	0	0.0000	0
K	0.0001	0	0.0000	0
G	0.0002	0	0.0000	0
N	0.0005	0	0.0000	0
Y	0.0007	0	0.0000	0
R	0.0022	0	0.0000	0
T	0.0014	0	0.0000	0
F	0.0028	0	0.0000	0
K	0.0061	0	0.0000	0
V	0.0035	0	0.0000	0
Q	0.3852	1	0.0001	0
A	0.0057	0	0.0000	0
K	0.5413	1	0.0004	0
K	0.8742	1	0.0007	0
A	0.2883	0	0.0004	0
Y	0.3746	1	0.0010	0
K	0.4231	1	0.0036	0
E	0.0753	0	0.0001	0
Y	0.0302	0	0.0000	0
K	0.0107	0	0.0000	0
K	0.0147	0	0.0001	0
G	0.3123	0	0.0073	0
V	0.4602	1	0.0105	0
Y	0.3334	0	0.0060	0
E	0.0254	0	0.0003	0
I	0.0004	0	0.0000	0
N	0.0058	0	0.0003	0
S	0.0068	0	0.0007	0
E	0.0001	0	0.0000	0
L	0.0001	0	0.0000	0
G	0.0012	0	0.0000	0
A	0.0001	0	0.0000	0
L	0.0001	0	0.0000	0
I	0.0000	0	0.0000	0
L	0.0004	0	0.0000	0
K	0.0002	0	0.0000	0
N	0.0001	0	0.0000	0
F	0.0000	0	0.0000	0
K	0.0000	0	0.0000	0
E	0.0000	0	0.0000	0
L	0.0000	0	0.0000	0
S	0.0015	0	0.0001	0
V	0.0040	0	0.0003	0
D	0.0046	0	0.0003	0
V	0.0034	0	0.0001	0
R	0.0036	0	0.0002	0
N	0.0020	0	0.0000	0
P	0.0011	0	0.0001	0
D	0.0062	0	0.0004	0
F	0.0010	0	0.0001	0
V	0.0011	0	0.0002	0
L	0.0002	0	0.0000	0
G	0.0002	0	0.0000	0
V	0.0001	0	0.0000	0
E	0.0002	0	0.0000	0
V	0.0001	0	0.0000	0
R	0.0016	0	0.0004	0
P	0.0016	0	0.0007	0
E	0.0006	0	0.0001	0
G	0.0002	0	0.0000	0
V	0.0001	0	0.0000	0
L	0.0002	0	0.0000	0
I	0.0001	0	0.0000	0
F	0.0023	0	0.0008	0
T	0.0007	0	0.0002	0
D	0.0024	0	0.0008	0
R	0.0156	0	0.0057	0
V	0.0443	0	0.0281	0
E	0.0144	0	0.0043	0
C	0.0028	0	0.0003	0
Y	0.0103	0	0.0015	0
G	0.0022	0	0.0002	0
G	0.0005	0	0.0001	0
L	0.0001	0	0.0000	0
P	0.0002	0	0.0000	0
V	0.0001	0	0.0000	0
G	0.0003	0	0.0000	0
T	0.0002	0	0.0000	0
G	0.0002	0	0.0000	0
G	0.0001	0	0.0000	0
K	0.0003	0	0.0000	0
A	0.0000	0	0.0000	0
V	0.0001	0	0.0000	0
L	0.0000	0	0.0000	0
L	0.0001	0	0.0000	0
L	0.0002	0	0.0000	0
S	0.0324	0	0.0162	0
G	0.0202	0	0.0078	0
G	0.0034	0	0.0013	0
I	0.0011	0	0.0003	0
D	0.0103	0	0.0019	0
S	0.1075	0	0.0104	0
P	0.0042	0	0.0002	0
V	0.0001	0	0.0000	0
A	0.0004	0	0.0000	0
G	0.0001	0	0.0000	0
W	0.0002	0	0.0000	0
Y	0.0001	0	0.0000	0
A	0.0000	0	0.0000	0
L	0.0002	0	0.0000	0
K	0.0001	0	0.0000	0
R	0.0000	0	0.0000	0
G	0.0000	0	0.0000	0
V	0.0000	0	0.0000	0
L	0.0003	0	0.0000	0
I	0.0001	0	0.0000	0
E	0.0002	0	0.0000	0
S	0.0001	0	0.0000	0
V	0.0001	0	0.0000	0
T	0.0011	0	0.0001	0
F	0.0003	0	0.0000	0
V	0.0017	0	0.0001	0
S	0.0023	0	0.0001	0
P	0.0030	0	0.0001	0
P	0.0051	0	0.0001	0
F	0.0039	0	0.0000	0
T	0.0011	0	0.0000	0
S	0.0005	0	0.0000	0
E	0.0006	0	0.0000	0
G	0.0003	0	0.0000	0
A	0.0001	0	0.0000	0
V	0.0001	0	0.0000	0
E	0.0002	0	0.0000	0
K	0.0001	0	0.0000	0
V	0.0000	0	0.0000	0
R	0.0002	0	0.0000	0
D	0.0001	0	0.0000	0
I	0.0000	0	0.0000	0
L	0.0000	0	0.0000	0
R	0.0002	0	0.0000	0
V	0.0001	0	0.0000	0
L	0.0001	0	0.0000	0
R	0.0005	0	0.0000	0
E	0.0004	0	0.0000	0
F	0.0002	0	0.0000	0
S	0.0001	0	0.0000	0
G	0.0001	0	0.0000	0
G	0.0001	0	0.0000	0
H	0.0001	0	0.0000	0
P	0.0003	0	0.0000	0
L	0.0001	0	0.0000	0
R	0.0004	0	0.0000	0
L	0.0001	0	0.0000	0
H	0.0001	0	0.0000	0
I	0.0000	0	0.0000	0
V	0.0000	0	0.0000	0
N	0.0001	0	0.0000	0
L	0.0001	0	0.0000	0
T	0.0001	0	0.0000	0
K	0.0001	0	0.0000	0
L	0.0001	0	0.0000	0
Q	0.0001	0	0.0000	0
L	0.0002	0	0.0000	0
E	0.0001	0	0.0000	0
V	0.0000	0	0.0000	0
K	0.0001	0	0.0000	0
K	0.0002	0	0.0000	0
R	0.0002	0	0.0000	0
V	0.0002	0	0.0000	0
P	0.0017	0	0.0000	0
D	0.0025	0	0.0000	0
K	0.0043	0	0.0000	0
Y	0.0023	0	0.0000	0
S	0.0013	0	0.0000	0
L	0.0007	0	0.0000	0
I	0.0012	0	0.0000	0
M	0.0002	0	0.0000	0
Y	0.0002	0	0.0000	0
R	0.0301	0	0.0008	0
R	0.0130	0	0.0001	0
S	0.0004	0	0.0000	0
M	0.0015	0	0.0000	0
F	0.0211	0	0.0003	0
R	0.0015	0	0.0000	0
I	0.0002	0	0.0000	0
A	0.0001	0	0.0000	0
E	0.0001	0	0.0000	0
K	0.0004	0	0.0000	0
I	0.0001	0	0.0000	0
A	0.0002	0	0.0000	0
E	0.0005	0	0.0000	0
E	0.0003	0	0.0000	0
T	0.0001	0	0.0000	0
G	0.0002	0	0.0000	0
A	0.0000	0	0.0000	0
V	0.0001	0	0.0000	0
A	0.0001	0	0.0000	0
F	0.0001	0	0.0000	0
Y	0.0001	0	0.0000	0
T	0.0005	0	0.0000	0
G	0.0006	0	0.0000	0
E	0.0009	0	0.0000	0
N	0.0017	0	0.0000	0
I	0.0045	0	0.0000	0
G	0.0017	0	0.0000	0
Q	0.0041	0	0.0000	0
V	0.0012	0	0.0000	0
A	0.0017	0	0.0000	0
S	0.0075	0	0.0000	0
Q	0.0025	0	0.0000	0
T	0.0006	0	0.0000	0
L	0.0001	0	0.0000	0
E	0.0001	0	0.0000	0
N	0.0002	0	0.0000	0
L	0.0000	0	0.0000	0
W	0.0001	0	0.0000	0
S	0.0000	0	0.0000	0
I	0.0000	0	0.0000	0
E	0.0000	0	0.0000	0
S	0.0000	0	0.0000	0
V	0.0000	0	0.0000	0
T	0.0000	0	0.0000	0
T	0.0000	0	0.0000	0
R	0.0000	0	0.0000	0
P	0.0000	0	0.0000	0
V	0.0001	0	0.0000	0
I	0.0000	0	0.0000	0
R	0.0005	0	0.0000	0
P	0.0001	0	0.0000	0
L	0.0001	0	0.0000	0
S	0.0001	0	0.0000	0
G	0.0001	0	0.0000	0
F	0.0002	0	0.0000	0
D	0.0002	0	0.0000	0
K	0.0050	0	0.0003	0
T	0.0007	0	0.0000	0
E	0.0010	0	0.0000	0
I	0.0003	0	0.0000	0
V	0.0006	0	0.0001	0
E	0.0001	0	0.0000	0
K	0.0001	0	0.0000	0
A	0.0001	0	0.0000	0
K	0.0023	0	0.0010	0
E	0.0005	0	0.0001	0
I	0.0007	0	0.0001	0
G	0.0016	0	0.0004	0
T	0.0008	0	0.0002	0
Y	0.0022	0	0.0005	0
E	0.0094	0	0.0025	0
I	0.0021	0	0.0002	0
S	0.0009	0	0.0001	0
I	0.0004	0	0.0001	0
K	0.0026	0	0.0003	0
P	0.0018	0	0.0002	0
Y	0.0011	0	0.0001	0
Q	0.0003	0	0.0000	0
D	0.0003	0	0.0000	0
S	0.0006	0	0.0002	0
C	0.0007	0	0.0002	0
V	0.0025	0	0.0007	0
F	0.0014	0	0.0002	0
F	0.0003	0	0.0000	0
A	0.0009	0	0.0001	0
P	0.0020	0	0.0001	0
K	0.0111	0	0.0011	0
N	0.0041	0	0.0001	0
P	0.0013	0	0.0001	0
A	0.0012	0	0.0000	0
T	0.0040	0	0.0001	0
R	0.0231	0	0.0010	0
S	0.0015	0	0.0001	0
H	0.0119	0	0.0008	0
P	0.0024	0	0.0002	0
S	0.0012	0	0.0002	0
I	0.0008	0	0.0001	0
L	0.0000	0	0.0000	0
E	0.0003	0	0.0000	0
K	0.0002	0	0.0000	0
L	0.0001	0	0.0000	0
E	0.0002	0	0.0000	0
Q	0.0012	0	0.0002	0
Q	0.0008	0	0.0000	0
V	0.0001	0	0.0000	0
P	0.0003	0	0.0000	0
D	0.0003	0	0.0000	0
L	0.0002	0	0.0000	0
P	0.0004	0	0.0001	0
V	0.0006	0	0.0001	0
L	0.0001	0	0.0000	0
E	0.0001	0	0.0000	0
E	0.0001	0	0.0000	0
E	0.0005	0	0.0000	0
A	0.0001	0	0.0000	0
F	0.0001	0	0.0000	0
T	0.0004	0	0.0000	0
S	0.0004	0	0.0000	0
R	0.0003	0	0.0000	0
K	0.0005	0	0.0000	0
V	0.0004	0	0.0000	0
E	0.0004	0	0.0000	0
V	0.0008	0	0.0000	0
I	0.0012	0	0.0000	0
E	0.0092	0	0.0005	0
</pre></body></html>