<html><head></head><body><pre style="word-wrap: break-word; white-space: pre-wrap;">&gt;P68831
Amino Acid	probability_DNA	binary_DNA	probability_RNA	binary_RNA
M	0.0818	0	0.0046	0
P	0.0410	0	0.0025	0
S	0.0037	0	0.0004	0
K	0.0047	0	0.0010	0
L	0.0001	0	0.0000	0
A	0.0000	0	0.0000	0
L	0.0000	0	0.0000	0
I	0.0000	0	0.0000	0
Q	0.0001	0	0.0001	0
E	0.0002	0	0.0001	0
L	0.0000	0	0.0000	0
P	0.0003	0	0.0009	0
D	0.0004	0	0.0014	0
R	0.0006	0	0.0014	0
I	0.0000	0	0.0000	0
Q	0.0002	0	0.0005	0
T	0.0001	0	0.0009	0
A	0.0000	0	0.0000	0
V	0.0000	0	0.0000	0
E	0.0001	0	0.0001	0
A	0.0000	0	0.0000	0
A	0.0000	0	0.0000	0
M	0.0000	0	0.0001	0
G	0.0011	0	0.0042	0
M	0.0002	0	0.0002	0
S	0.0008	0	0.0005	0
Y	0.0019	0	0.0007	0
Q	0.0075	0	0.0040	0
D	0.0027	0	0.0011	0
A	0.0002	0	0.0001	0
P	0.0029	0	0.0013	0
N	0.0388	0	0.0134	0
N	0.3695	1	0.1077	0
V	0.0074	0	0.0006	0
R	0.4302	1	0.1359	0
R	0.6435	1	0.2225	1
D	0.0595	0	0.0011	0
L	0.0048	0	0.0002	0
D	0.1043	0	0.0300	0
N	0.2540	0	0.0917	0
L	0.0026	0	0.0003	0
H	0.0044	0	0.0009	0
A	0.0007	0	0.0002	0
C	0.0002	0	0.0000	0
L	0.0003	0	0.0002	0
N	0.0046	0	0.0052	0
K	0.0453	0	0.0409	0
A	0.0011	0	0.0003	0
K	0.0044	0	0.0061	0
L	0.0158	0	0.0153	0
T	0.2894	0	0.1934	1
V	0.0070	0	0.0005	0
S	0.4028	1	0.0716	0
R	0.4760	1	0.1261	0
M	0.0008	0	0.0000	0
V	0.0007	0	0.0001	0
T	0.0207	0	0.0138	0
S	0.0429	0	0.0192	0
L	0.0005	0	0.0001	0
L	0.0027	0	0.0012	0
E	0.0609	0	0.0358	0
K	0.3748	1	0.1004	0
P	0.0295	0	0.0019	0
S	0.0515	0	0.0056	0
V	0.0030	0	0.0003	0
V	0.0003	0	0.0001	0
A	0.0009	0	0.0003	0
Y	0.0003	0	0.0001	0
L	0.0000	0	0.0000	0
E	0.0003	0	0.0000	0
G	0.0002	0	0.0000	0
K	0.0002	0	0.0000	0
A	0.0001	0	0.0000	0
P	0.0001	0	0.0000	0
E	0.0001	0	0.0000	0
E	0.0001	0	0.0000	0
A	0.0001	0	0.0000	0
K	0.0003	0	0.0000	0
P	0.0003	0	0.0000	0
T	0.0003	0	0.0000	0
L	0.0004	0	0.0000	0
E	0.0007	0	0.0000	0
E	0.0003	0	0.0000	0
R	0.0069	0	0.0001	0
L	0.0001	0	0.0000	0
R	0.0007	0	0.0001	0
K	0.0029	0	0.0001	0
L	0.0002	0	0.0000	0
E	0.0004	0	0.0000	0
L	0.0002	0	0.0000	0
S	0.0010	0	0.0001	0
H	0.0010	0	0.0001	0
S	0.0004	0	0.0001	0
L	0.0002	0	0.0000	0
P	0.0002	0	0.0002	0
T	0.0002	0	0.0001	0
T	0.0005	0	0.0002	0
G	0.0019	0	0.0012	0
S	0.0025	0	0.0019	0
D	0.0016	0	0.0007	0
P	0.0006	0	0.0004	0
P	0.0005	0	0.0003	0
P	0.0007	0	0.0004	0
A	0.0017	0	0.0008	0
K	0.0088	0	0.0026	0
L	0.0206	0	0.0069	0
</pre></body></html>