<html><head></head><body><pre style="word-wrap: break-word; white-space: pre-wrap;">&gt;P74909
Amino Acid	probability_DNA	binary_DNA	probability_RNA	binary_RNA
M	0.0415	0	0.6020	1
P	0.0146	0	0.3251	1
R	0.0188	0	0.3672	1
L	0.0001	0	0.0024	0
K	0.0065	0	0.2338	1
V	0.0007	0	0.0313	0
K	0.0466	0	0.4686	1
L	0.0051	0	0.1133	0
V	0.0437	0	0.6330	1
K	0.0558	0	0.8597	1
S	0.0635	0	0.8363	1
P	0.0083	0	0.4918	1
I	0.0033	0	0.4634	1
G	0.0020	0	0.5754	1
Y	0.0016	0	0.2564	1
P	0.0021	0	0.2895	1
K	0.0014	0	0.2969	1
D	0.0001	0	0.0365	0
Q	0.0001	0	0.0182	0
K	0.0036	0	0.3433	1
A	0.0001	0	0.0098	0
A	0.0000	0	0.0082	0
L	0.0000	0	0.0091	0
K	0.0030	0	0.4127	1
A	0.0041	0	0.4310	1
L	0.0007	0	0.1492	0
G	0.0028	0	0.3794	1
L	0.0003	0	0.0845	0
R	0.0078	0	0.5919	1
R	0.0068	0	0.7796	1
L	0.0016	0	0.4204	1
Q	0.0009	0	0.3777	1
Q	0.0013	0	0.3678	1
E	0.0002	0	0.0654	0
R	0.0003	0	0.1166	0
V	0.0000	0	0.0132	0
L	0.0001	0	0.0410	0
E	0.0001	0	0.0882	0
D	0.0004	0	0.3800	1
T	0.0014	0	0.5772	1
P	0.0026	0	0.4153	1
A	0.0039	0	0.4405	1
I	0.0032	0	0.3857	1
R	0.0069	0	0.5525	1
G	0.0043	0	0.7127	1
N	0.0083	0	0.8343	1
V	0.0001	0	0.0098	0
E	0.0010	0	0.3355	1
K	0.0028	0	0.3574	1
V	0.0000	0	0.0022	0
A	0.0002	0	0.0329	0
H	0.0002	0	0.0360	0
L	0.0000	0	0.0019	0
V	0.0000	0	0.0010	0
R	0.0001	0	0.0367	0
V	0.0001	0	0.0090	0
E	0.0002	0	0.0174	0
V	0.0001	0	0.0100	0
V	0.0001	0	0.0109	0
E	0.0003	0	0.0470	0
</pre></body></html>