<html><head></head><body><pre style="word-wrap: break-word; white-space: pre-wrap;">&gt;Q03195
Amino Acid	probability_DNA	binary_DNA	probability_RNA	binary_RNA
M	0.4650	1	0.0001	0
S	0.1615	0	0.0000	0
D	0.0396	0	0.0000	0
K	0.1481	0	0.0000	0
N	0.0519	0	0.0000	0
S	0.0056	0	0.0000	0
R	0.2424	0	0.0000	0
I	0.0026	0	0.0000	0
A	0.0006	0	0.0000	0
I	0.0042	0	0.0000	0
V	0.0016	0	0.0000	0
S	0.0088	0	0.0000	0
A	0.0578	0	0.0000	0
D	0.0494	0	0.0000	0
K	0.3492	0	0.0002	0
C	0.0021	0	0.0000	0
K	0.0256	0	0.0000	0
P	0.0120	0	0.0000	0
K	0.0282	0	0.0000	0
K	0.0491	0	0.0000	0
C	0.0122	0	0.0000	0
R	0.1744	0	0.0001	0
Q	0.4326	1	0.0001	0
E	0.0105	0	0.0000	0
C	0.0048	0	0.0000	0
K	0.1652	0	0.0001	0
R	0.1116	0	0.0000	0
S	0.0028	0	0.0000	0
C	0.0013	0	0.0000	0
P	0.0051	0	0.0000	0
V	0.0323	0	0.0000	0
V	0.0026	0	0.0000	0
K	0.0234	0	0.0000	0
T	0.0031	0	0.0000	0
G	0.0015	0	0.0000	0
K	0.0041	0	0.0000	0
L	0.0012	0	0.0000	0
C	0.0008	0	0.0000	0
I	0.0004	0	0.0000	0
E	0.0040	0	0.0000	0
V	0.0008	0	0.0000	0
T	0.0097	0	0.0000	0
P	0.0043	0	0.0000	0
T	0.0275	0	0.0000	0
S	0.0148	0	0.0000	0
K	0.0347	0	0.0000	0
I	0.0524	0	0.0000	0
A	0.0043	0	0.0000	0
F	0.0167	0	0.0000	0
I	0.0034	0	0.0000	0
S	0.1079	0	0.0000	0
E	0.0078	0	0.0000	0
I	0.0115	0	0.0000	0
L	0.0031	0	0.0000	0
C	0.0035	0	0.0000	0
I	0.5077	1	0.0013	0
G	0.2280	0	0.0008	0
C	0.0103	0	0.0000	0
G	0.4447	1	0.0015	0
I	0.0413	0	0.0001	0
C	0.0043	0	0.0000	0
V	0.1796	0	0.0003	0
K	0.3343	0	0.0005	0
K	0.0178	0	0.0000	0
C	0.0011	0	0.0000	0
P	0.0025	0	0.0000	0
F	0.0026	0	0.0000	0
D	0.0006	0	0.0000	0
A	0.0005	0	0.0000	0
I	0.0003	0	0.0000	0
Q	0.0014	0	0.0000	0
I	0.0011	0	0.0000	0
I	0.0039	0	0.0000	0
N	0.0059	0	0.0000	0
L	0.0050	0	0.0000	0
P	0.0384	0	0.0000	0
T	0.0118	0	0.0000	0
N	0.0024	0	0.0000	0
L	0.0019	0	0.0000	0
E	0.0011	0	0.0000	0
A	0.0057	0	0.0000	0
H	0.1451	0	0.0000	0
V	0.0022	0	0.0000	0
T	0.0527	0	0.0000	0
H	0.0685	0	0.0000	0
R	0.2631	0	0.0000	0
Y	0.6275	1	0.0000	0
S	0.1087	0	0.0000	0
A	0.0472	0	0.0000	0
N	0.0276	0	0.0000	0
S	0.0423	0	0.0000	0
F	0.0036	0	0.0000	0
K	0.0895	0	0.0000	0
L	0.0058	0	0.0000	0
H	0.0304	0	0.0000	0
R	0.0166	0	0.0000	0
L	0.0118	0	0.0000	0
P	0.0008	0	0.0000	0
T	0.0020	0	0.0000	0
P	0.0006	0	0.0000	0
R	0.0009	0	0.0000	0
P	0.0005	0	0.0000	0
G	0.0006	0	0.0000	0
Q	0.0006	0	0.0000	0
V	0.0004	0	0.0000	0
L	0.0003	0	0.0000	0
G	0.0001	0	0.0000	0
L	0.0003	0	0.0000	0
V	0.0003	0	0.0000	0
G	0.0010	0	0.0000	0
T	0.0024	0	0.0000	0
N	0.0052	0	0.0000	0
G	0.0033	0	0.0000	0
I	0.0061	0	0.0000	0
G	0.0061	0	0.0000	0
K	0.0734	0	0.0000	0
S	0.0089	0	0.0000	0
T	0.0072	0	0.0000	0
A	0.0007	0	0.0000	0
L	0.0003	0	0.0000	0
K	0.0031	0	0.0000	0
I	0.0004	0	0.0000	0
L	0.0001	0	0.0000	0
A	0.0004	0	0.0000	0
G	0.0005	0	0.0000	0
K	0.0003	0	0.0000	0
Q	0.0012	0	0.0000	0
K	0.0053	0	0.0000	0
P	0.0030	0	0.0000	0
N	0.0022	0	0.0000	0
L	0.0008	0	0.0000	0
G	0.0009	0	0.0000	0
R	0.0064	0	0.0000	0
F	0.0024	0	0.0000	0
D	0.0093	0	0.0000	0
D	0.0033	0	0.0000	0
P	0.0022	0	0.0000	0
P	0.0018	0	0.0000	0
E	0.0076	0	0.0000	0
W	0.0024	0	0.0000	0
Q	0.0301	0	0.0000	0
E	0.0036	0	0.0000	0
I	0.0008	0	0.0000	0
I	0.0004	0	0.0000	0
K	0.0022	0	0.0000	0
Y	0.0029	0	0.0000	0
F	0.0028	0	0.0000	0
R	0.0529	0	0.0000	0
G	0.0172	0	0.0000	0
S	0.0439	0	0.0000	0
E	0.0127	0	0.0000	0
L	0.0010	0	0.0000	0
Q	0.0264	0	0.0000	0
N	0.0052	0	0.0000	0
Y	0.0020	0	0.0000	0
F	0.0006	0	0.0000	0
T	0.0043	0	0.0000	0
K	0.0039	0	0.0000	0
M	0.0009	0	0.0000	0
L	0.0008	0	0.0000	0
E	0.0015	0	0.0000	0
D	0.0036	0	0.0000	0
D	0.0024	0	0.0000	0
I	0.0006	0	0.0000	0
K	0.0007	0	0.0000	0
A	0.0005	0	0.0000	0
I	0.0006	0	0.0000	0
I	0.0013	0	0.0000	0
K	0.0093	0	0.0000	0
P	0.0083	0	0.0000	0
Q	0.0140	0	0.0000	0
Y	0.0377	0	0.0000	0
V	0.0042	0	0.0000	0
D	0.0045	0	0.0000	0
N	0.0101	0	0.0000	0
I	0.0011	0	0.0000	0
P	0.0013	0	0.0000	0
R	0.0334	0	0.0000	0
A	0.0038	0	0.0000	0
I	0.0017	0	0.0000	0
K	0.0146	0	0.0000	0
G	0.0059	0	0.0000	0
P	0.0039	0	0.0000	0
V	0.0015	0	0.0000	0
Q	0.0013	0	0.0000	0
K	0.0012	0	0.0000	0
V	0.0009	0	0.0000	0
G	0.0010	0	0.0000	0
E	0.0016	0	0.0000	0
L	0.0007	0	0.0000	0
L	0.0007	0	0.0000	0
K	0.0057	0	0.0000	0
L	0.0084	0	0.0000	0
R	0.0041	0	0.0000	0
M	0.0085	0	0.0000	0
E	0.0017	0	0.0000	0
K	0.0023	0	0.0000	0
S	0.0008	0	0.0000	0
P	0.0003	0	0.0000	0
E	0.0002	0	0.0000	0
D	0.0012	0	0.0000	0
V	0.0002	0	0.0000	0
K	0.0003	0	0.0000	0
R	0.0001	0	0.0000	0
Y	0.0001	0	0.0000	0
I	0.0001	0	0.0000	0
K	0.0001	0	0.0000	0
I	0.0001	0	0.0000	0
L	0.0001	0	0.0000	0
Q	0.0001	0	0.0000	0
L	0.0001	0	0.0000	0
E	0.0006	0	0.0000	0
N	0.0015	0	0.0000	0
V	0.0012	0	0.0000	0
L	0.0004	0	0.0000	0
K	0.0013	0	0.0000	0
R	0.0016	0	0.0000	0
D	0.0005	0	0.0000	0
I	0.0003	0	0.0000	0
E	0.0008	0	0.0000	0
K	0.0028	0	0.0000	0
L	0.0025	0	0.0000	0
S	0.5983	1	0.0029	0
G	0.8670	1	0.0015	0
G	0.6729	1	0.0010	0
E	0.1606	0	0.0001	0
L	0.2513	0	0.0001	0
Q	0.4249	1	0.0000	0
R	0.1445	0	0.0000	0
F	0.0009	0	0.0000	0
A	0.0005	0	0.0000	0
I	0.0026	0	0.0000	0
G	0.0003	0	0.0000	0
M	0.0017	0	0.0000	0
S	0.0002	0	0.0000	0
C	0.0001	0	0.0000	0
V	0.0002	0	0.0000	0
Q	0.0005	0	0.0000	0
E	0.0006	0	0.0000	0
A	0.0001	0	0.0000	0
D	0.0004	0	0.0000	0
V	0.0002	0	0.0000	0
Y	0.0002	0	0.0000	0
M	0.0005	0	0.0000	0
F	0.0017	0	0.0000	0
D	0.2765	0	0.0003	0
E	0.4124	1	0.0014	0
P	0.1675	0	0.0003	0
S	0.0364	0	0.0000	0
S	0.3067	0	0.0001	0
Y	0.2680	0	0.0001	0
L	0.0044	0	0.0000	0
D	0.0115	0	0.0000	0
V	0.0050	0	0.0000	0
K	0.0080	0	0.0000	0
Q	0.0007	0	0.0000	0
R	0.0013	0	0.0000	0
L	0.0006	0	0.0000	0
N	0.0003	0	0.0000	0
A	0.0001	0	0.0000	0
A	0.0003	0	0.0000	0
Q	0.0002	0	0.0000	0
I	0.0001	0	0.0000	0
I	0.0001	0	0.0000	0
R	0.0008	0	0.0000	0
S	0.0002	0	0.0000	0
L	0.0002	0	0.0000	0
L	0.0052	0	0.0000	0
A	0.0005	0	0.0000	0
P	0.0005	0	0.0000	0
T	0.0005	0	0.0000	0
K	0.0002	0	0.0000	0
Y	0.0004	0	0.0000	0
V	0.0001	0	0.0000	0
I	0.0001	0	0.0000	0
C	0.0002	0	0.0000	0
V	0.0006	0	0.0000	0
E	0.0336	0	0.0000	0
H	0.4394	1	0.0049	0
D	0.1365	0	0.0005	0
L	0.0183	0	0.0001	0
S	0.0044	0	0.0000	0
V	0.0003	0	0.0000	0
L	0.0001	0	0.0000	0
D	0.0001	0	0.0000	0
Y	0.0004	0	0.0000	0
L	0.0001	0	0.0000	0
S	0.0001	0	0.0000	0
D	0.0021	0	0.0000	0
F	0.0124	0	0.0000	0
V	0.0004	0	0.0000	0
C	0.0002	0	0.0000	0
I	0.0005	0	0.0000	0
I	0.0007	0	0.0000	0
Y	0.0402	0	0.0001	0
G	0.0463	0	0.0001	0
V	0.0436	0	0.0000	0
P	0.0257	0	0.0000	0
S	0.0103	0	0.0000	0
V	0.0047	0	0.0000	0
Y	0.0070	0	0.0000	0
G	0.0250	0	0.0000	0
V	0.0226	0	0.0000	0
V	0.0102	0	0.0000	0
T	0.0487	0	0.0002	0
L	0.0177	0	0.0000	0
P	0.0101	0	0.0000	0
A	0.0055	0	0.0000	0
S	0.0100	0	0.0000	0
V	0.0057	0	0.0000	0
R	0.0653	0	0.0004	0
E	0.0364	0	0.0001	0
G	0.0019	0	0.0000	0
I	0.0085	0	0.0000	0
N	0.0377	0	0.0002	0
I	0.0011	0	0.0000	0
F	0.0006	0	0.0000	0
L	0.0003	0	0.0000	0
D	0.0005	0	0.0000	0
G	0.0006	0	0.0000	0
H	0.0004	0	0.0000	0
I	0.0004	0	0.0000	0
P	0.0015	0	0.0000	0
A	0.0017	0	0.0000	0
E	0.0021	0	0.0000	0
N	0.0034	0	0.0000	0
L	0.0011	0	0.0000	0
R	0.0079	0	0.0000	0
F	0.0021	0	0.0000	0
R	0.0175	0	0.0001	0
T	0.0070	0	0.0000	0
E	0.0092	0	0.0000	0
A	0.0150	0	0.0000	0
L	0.0031	0	0.0000	0
Q	0.0097	0	0.0000	0
F	0.0091	0	0.0000	0
R	0.0195	0	0.0000	0
I	0.0190	0	0.0000	0
A	0.0159	0	0.0000	0
D	0.0157	0	0.0000	0
A	0.0061	0	0.0000	0
T	0.0114	0	0.0000	0
E	0.0086	0	0.0000	0
D	0.0115	0	0.0000	0
L	0.0078	0	0.0000	0
Q	0.0091	0	0.0000	0
N	0.0101	0	0.0000	0
D	0.0094	0	0.0000	0
S	0.0089	0	0.0000	0
A	0.0069	0	0.0000	0
S	0.0057	0	0.0000	0
R	0.0032	0	0.0000	0
A	0.0041	0	0.0000	0
F	0.0024	0	0.0000	0
S	0.0055	0	0.0000	0
Y	0.0060	0	0.0000	0
P	0.0028	0	0.0000	0
S	0.0045	0	0.0000	0
L	0.0014	0	0.0000	0
K	0.0076	0	0.0000	0
K	0.0160	0	0.0000	0
T	0.0038	0	0.0000	0
Q	0.0081	0	0.0000	0
G	0.0023	0	0.0000	0
D	0.0020	0	0.0000	0
F	0.0007	0	0.0000	0
V	0.0006	0	0.0000	0
L	0.0003	0	0.0000	0
N	0.0010	0	0.0000	0
V	0.0005	0	0.0000	0
E	0.0003	0	0.0000	0
E	0.0010	0	0.0000	0
G	0.0003	0	0.0000	0
E	0.0012	0	0.0000	0
F	0.0006	0	0.0000	0
S	0.0057	0	0.0000	0
D	0.0030	0	0.0000	0
S	0.0029	0	0.0000	0
E	0.0044	0	0.0000	0
I	0.0020	0	0.0000	0
L	0.0005	0	0.0000	0
V	0.0004	0	0.0000	0
M	0.0005	0	0.0000	0
M	0.0004	0	0.0000	0
G	0.0011	0	0.0000	0
E	0.0021	0	0.0000	0
N	0.0054	0	0.0000	0
G	0.0070	0	0.0000	0
T	0.0079	0	0.0000	0
G	0.0085	0	0.0000	0
K	0.0724	0	0.0000	0
T	0.0069	0	0.0000	0
T	0.0037	0	0.0000	0
L	0.0004	0	0.0000	0
I	0.0002	0	0.0000	0
K	0.0023	0	0.0000	0
L	0.0002	0	0.0000	0
L	0.0001	0	0.0000	0
A	0.0002	0	0.0000	0
G	0.0003	0	0.0000	0
A	0.0003	0	0.0000	0
L	0.0021	0	0.0000	0
K	0.0225	0	0.0000	0
P	0.0207	0	0.0000	0
D	0.0181	0	0.0000	0
E	0.0070	0	0.0000	0
G	0.0063	0	0.0000	0
Q	0.0236	0	0.0000	0
D	0.0174	0	0.0000	0
I	0.0207	0	0.0000	0
P	0.0312	0	0.0000	0
K	0.0373	0	0.0000	0
L	0.0155	0	0.0000	0
N	0.1306	0	0.0000	0
V	0.0195	0	0.0000	0
S	0.1188	0	0.0000	0
M	0.0691	0	0.0000	0
K	0.0773	0	0.0000	0
P	0.3079	0	0.0001	0
Q	0.5849	1	0.0000	0
K	0.3231	0	0.0000	0
I	0.0348	0	0.0000	0
A	0.0471	0	0.0000	0
P	0.0102	0	0.0000	0
K	0.0177	0	0.0000	0
F	0.0174	0	0.0000	0
P	0.0622	0	0.0000	0
G	0.0069	0	0.0000	0
T	0.0283	0	0.0000	0
V	0.0064	0	0.0000	0
R	0.0041	0	0.0000	0
Q	0.0047	0	0.0000	0
L	0.0017	0	0.0000	0
F	0.0005	0	0.0000	0
F	0.0007	0	0.0000	0
K	0.0019	0	0.0000	0
K	0.0014	0	0.0000	0
I	0.0003	0	0.0000	0
R	0.0050	0	0.0000	0
G	0.0010	0	0.0000	0
Q	0.0012	0	0.0000	0
F	0.0003	0	0.0000	0
L	0.0006	0	0.0000	0
N	0.0005	0	0.0000	0
P	0.0006	0	0.0000	0
Q	0.0018	0	0.0000	0
F	0.0010	0	0.0000	0
Q	0.0007	0	0.0000	0
T	0.0006	0	0.0000	0
D	0.0003	0	0.0000	0
V	0.0001	0	0.0000	0
V	0.0001	0	0.0000	0
K	0.0002	0	0.0000	0
P	0.0001	0	0.0000	0
L	0.0001	0	0.0000	0
R	0.0001	0	0.0000	0
I	0.0001	0	0.0000	0
D	0.0003	0	0.0000	0
D	0.0003	0	0.0000	0
I	0.0003	0	0.0000	0
I	0.0002	0	0.0000	0
D	0.0003	0	0.0000	0
Q	0.0023	0	0.0000	0
E	0.0006	0	0.0000	0
V	0.0006	0	0.0000	0
Q	0.0026	0	0.0000	0
H	0.0084	0	0.0000	0
L	0.0065	0	0.0000	0
S	0.9042	1	0.0003	0
G	0.8163	1	0.0002	0
G	0.3784	1	0.0003	0
E	0.1053	0	0.0000	0
L	0.5278	1	0.0000	0
Q	0.4063	1	0.0000	0
R	0.5332	1	0.0000	0
V	0.0004	0	0.0000	0
A	0.0002	0	0.0000	0
I	0.0005	0	0.0000	0
V	0.0003	0	0.0000	0
L	0.0007	0	0.0000	0
A	0.0000	0	0.0000	0
L	0.0000	0	0.0000	0
G	0.0001	0	0.0000	0
I	0.0002	0	0.0000	0
P	0.0002	0	0.0000	0
A	0.0001	0	0.0000	0
D	0.0004	0	0.0000	0
I	0.0001	0	0.0000	0
Y	0.0001	0	0.0000	0
L	0.0003	0	0.0000	0
I	0.0009	0	0.0000	0
D	0.0549	0	0.0001	0
E	0.2760	0	0.0015	0
P	0.1094	0	0.0002	0
S	0.0190	0	0.0000	0
A	0.1968	0	0.0004	0
Y	0.1063	0	0.0002	0
L	0.0149	0	0.0000	0
D	0.4210	1	0.0010	0
S	0.0064	0	0.0000	0
E	0.0043	0	0.0000	0
Q	0.0016	0	0.0000	0
R	0.0054	0	0.0000	0
I	0.0001	0	0.0000	0
I	0.0001	0	0.0000	0
C	0.0000	0	0.0000	0
S	0.0001	0	0.0000	0
K	0.0001	0	0.0000	0
V	0.0000	0	0.0000	0
I	0.0000	0	0.0000	0
R	0.0004	0	0.0000	0
R	0.0001	0	0.0000	0
F	0.0001	0	0.0000	0
I	0.0003	0	0.0000	0
L	0.0004	0	0.0000	0
H	0.0007	0	0.0000	0
N	0.0002	0	0.0000	0
K	0.0004	0	0.0000	0
K	0.0003	0	0.0000	0
T	0.0004	0	0.0000	0
A	0.0004	0	0.0000	0
F	0.0003	0	0.0000	0
I	0.0003	0	0.0000	0
V	0.0012	0	0.0000	0
E	0.1948	0	0.0015	0
H	0.7352	1	0.0530	0
D	0.4692	1	0.0145	0
F	0.0685	0	0.0005	0
I	0.0025	0	0.0000	0
M	0.0002	0	0.0000	0
A	0.0001	0	0.0000	0
T	0.0002	0	0.0000	0
Y	0.0003	0	0.0000	0
L	0.0001	0	0.0000	0
A	0.0001	0	0.0000	0
D	0.0018	0	0.0000	0
K	0.0393	0	0.0004	0
V	0.0003	0	0.0000	0
I	0.0001	0	0.0000	0
V	0.0005	0	0.0000	0
F	0.0004	0	0.0000	0
E	0.0014	0	0.0000	0
G	0.0081	0	0.0002	0
I	0.0389	0	0.0020	0
P	0.0148	0	0.0007	0
S	0.0075	0	0.0004	0
K	0.0383	0	0.0013	0
N	0.0054	0	0.0001	0
A	0.0012	0	0.0000	0
H	0.0071	0	0.0001	0
A	0.0041	0	0.0000	0
R	0.0014	0	0.0000	0
A	0.0013	0	0.0000	0
P	0.0030	0	0.0000	0
E	0.0014	0	0.0000	0
S	0.0008	0	0.0000	0
L	0.0001	0	0.0000	0
L	0.0006	0	0.0000	0
T	0.0007	0	0.0000	0
G	0.0003	0	0.0000	0
C	0.0006	0	0.0000	0
N	0.0057	0	0.0001	0
R	0.0019	0	0.0000	0
F	0.0007	0	0.0000	0
L	0.0005	0	0.0000	0
K	0.0030	0	0.0000	0
N	0.0013	0	0.0000	0
L	0.0004	0	0.0000	0
N	0.0020	0	0.0000	0
V	0.0017	0	0.0000	0
T	0.0038	0	0.0000	0
F	0.0020	0	0.0000	0
R	0.0106	0	0.0000	0
R	0.0135	0	0.0000	0
D	0.0124	0	0.0000	0
P	0.0235	0	0.0000	0
N	0.0201	0	0.0000	0
S	0.0283	0	0.0000	0
F	0.0195	0	0.0000	0
R	0.0300	0	0.0000	0
P	0.0015	0	0.0000	0
R	0.0099	0	0.0000	0
I	0.0005	0	0.0000	0
N	0.0009	0	0.0000	0
K	0.0004	0	0.0000	0
L	0.0003	0	0.0000	0
D	0.0005	0	0.0000	0
S	0.0007	0	0.0000	0
Q	0.0008	0	0.0000	0
M	0.0011	0	0.0000	0
D	0.0030	0	0.0000	0
K	0.0207	0	0.0003	0
E	0.0005	0	0.0000	0
Q	0.0006	0	0.0000	0
K	0.0061	0	0.0001	0
S	0.0012	0	0.0000	0
S	0.0007	0	0.0000	0
G	0.0011	0	0.0000	0
N	0.0027	0	0.0000	0
Y	0.0004	0	0.0000	0
F	0.0003	0	0.0000	0
F	0.0032	0	0.0000	0
L	0.0003	0	0.0000	0
D	0.0062	0	0.0000	0
N	0.0120	0	0.0001	0
T	0.0045	0	0.0000	0
G	0.0055	0	0.0000	0
I	0.0067	0	0.0001	0
</pre></body></html>