<html><head></head><body><pre style="word-wrap: break-word; white-space: pre-wrap;">&gt;Q9UL40
Amino Acid	probability_DNA	binary_DNA	probability_RNA	binary_RNA
M	0.0607	0	0.0000	0
E	0.0248	0	0.0000	0
Y	0.0016	0	0.0000	0
P	0.0006	0	0.0000	0
A	0.0003	0	0.0000	0
P	0.0001	0	0.0000	0
A	0.0002	0	0.0000	0
T	0.0002	0	0.0000	0
V	0.0003	0	0.0000	0
Q	0.0008	0	0.0000	0
A	0.0056	0	0.0000	0
A	0.0010	0	0.0000	0
D	0.0019	0	0.0000	0
G	0.0009	0	0.0000	0
G	0.0010	0	0.0000	0
A	0.0013	0	0.0000	0
A	0.0004	0	0.0000	0
G	0.0014	0	0.0000	0
P	0.0010	0	0.0000	0
Y	0.0011	0	0.0000	0
S	0.0007	0	0.0000	0
S	0.0015	0	0.0000	0
S	0.0005	0	0.0000	0
E	0.0003	0	0.0000	0
L	0.0002	0	0.0000	0
L	0.0001	0	0.0000	0
E	0.0002	0	0.0000	0
G	0.0002	0	0.0000	0
Q	0.0008	0	0.0000	0
E	0.0006	0	0.0000	0
P	0.0024	0	0.0000	0
D	0.0019	0	0.0000	0
G	0.0081	0	0.0000	0
V	0.0020	0	0.0000	0
R	0.0544	0	0.0000	0
F	0.0369	0	0.0000	0
D	0.0041	0	0.0000	0
R	0.0677	0	0.0000	0
E	0.0033	0	0.0000	0
R	0.0036	0	0.0000	0
A	0.0006	0	0.0000	0
R	0.0014	0	0.0000	0
R	0.0239	0	0.0000	0
L	0.0041	0	0.0000	0
W	0.3465	0	0.0000	0
E	0.0167	0	0.0000	0
A	0.0050	0	0.0000	0
V	0.0039	0	0.0000	0
S	0.0084	0	0.0000	0
G	0.0036	0	0.0000	0
A	0.0020	0	0.0000	0
Q	0.0053	0	0.0000	0
P	0.0048	0	0.0000	0
V	0.0210	0	0.0000	0
G	0.0057	0	0.0000	0
R	0.0246	0	0.0000	0
E	0.0019	0	0.0000	0
E	0.0005	0	0.0000	0
V	0.0002	0	0.0000	0
E	0.0009	0	0.0000	0
H	0.0010	0	0.0000	0
M	0.0005	0	0.0000	0
I	0.0004	0	0.0000	0
Q	0.0011	0	0.0000	0
K	0.0017	0	0.0000	0
N	0.0009	0	0.0000	0
Q	0.0012	0	0.0000	0
C	0.0008	0	0.0000	0
L	0.0003	0	0.0000	0
F	0.0025	0	0.0000	0
T	0.0203	0	0.0000	0
N	0.0132	0	0.0000	0
T	0.0319	0	0.0000	0
Q	0.0776	0	0.0000	0
C	0.0007	0	0.0000	0
K	0.0030	0	0.0000	0
V	0.0004	0	0.0000	0
C	0.0001	0	0.0000	0
C	0.0011	0	0.0000	0
A	0.0010	0	0.0000	0
L	0.0020	0	0.0000	0
L	0.0015	0	0.0000	0
I	0.0506	0	0.0000	0
S	0.1203	0	0.0000	0
E	0.1860	0	0.0000	0
S	0.1958	0	0.0000	0
Q	0.1155	0	0.0000	0
K	0.0037	0	0.0000	0
L	0.0192	0	0.0000	0
A	0.0052	0	0.0000	0
H	0.3402	0	0.0000	0
Y	0.0073	0	0.0000	0
Q	0.0753	0	0.0000	0
S	0.4296	1	0.0000	0
K	0.5991	1	0.0000	0
K	0.9383	1	0.0000	0
H	0.9025	1	0.0000	0
A	0.0119	0	0.0000	0
N	0.1175	0	0.0000	0
K	0.1243	0	0.0000	0
V	0.0026	0	0.0000	0
K	0.1485	0	0.0000	0
R	0.0660	0	0.0000	0
Y	0.0012	0	0.0000	0
L	0.0004	0	0.0000	0
A	0.0037	0	0.0000	0
I	0.0015	0	0.0000	0
H	0.0018	0	0.0000	0
G	0.0015	0	0.0000	0
M	0.0120	0	0.0000	0
E	0.0015	0	0.0000	0
T	0.0018	0	0.0000	0
L	0.0030	0	0.0000	0
K	0.0033	0	0.0000	0
G	0.0043	0	0.0000	0
E	0.0090	0	0.0000	0
T	0.0094	0	0.0000	0
K	0.0183	0	0.0000	0
K	0.0257	0	0.0000	0
L	0.0124	0	0.0000	0
D	0.0062	0	0.0000	0
S	0.0075	0	0.0000	0
D	0.0052	0	0.0000	0
Q	0.0068	0	0.0000	0
K	0.0138	0	0.0000	0
S	0.0175	0	0.0000	0
S	0.0133	0	0.0000	0
R	0.0091	0	0.0000	0
S	0.0124	0	0.0000	0
K	0.0232	0	0.0000	0
D	0.0067	0	0.0000	0
K	0.0094	0	0.0000	0
N	0.0034	0	0.0000	0
Q	0.0040	0	0.0000	0
C	0.0008	0	0.0000	0
C	0.0002	0	0.0000	0
P	0.0023	0	0.0000	0
I	0.0007	0	0.0000	0
C	0.0002	0	0.0000	0
N	0.0016	0	0.0000	0
M	0.0038	0	0.0000	0
T	0.0267	0	0.0000	0
F	0.0125	0	0.0000	0
S	0.1430	0	0.0000	0
S	0.1422	0	0.0000	0
P	0.0775	0	0.0000	0
V	0.0149	0	0.0000	0
V	0.0697	0	0.0000	0
A	0.0028	0	0.0000	0
Q	0.4130	1	0.0000	0
S	0.0113	0	0.0000	0
H	0.1276	0	0.0000	0
Y	0.0078	0	0.0000	0
L	0.3073	0	0.0000	0
G	0.2905	0	0.0000	0
K	0.8110	1	0.0000	0
T	0.7850	1	0.0000	0
H	0.6633	1	0.0000	0
A	0.0086	0	0.0000	0
K	0.0901	0	0.0000	0
N	0.0947	0	0.0000	0
L	0.0010	0	0.0000	0
K	0.0461	0	0.0000	0
L	0.0018	0	0.0000	0
K	0.0047	0	0.0000	0
Q	0.0120	0	0.0000	0
Q	0.0141	0	0.0000	0
S	0.0209	0	0.0000	0
T	0.0486	0	0.0000	0
K	0.0321	0	0.0000	0
V	0.1321	0	0.0000	0
E	0.1259	0	0.0000	0
A	0.0778	0	0.0000	0
L	0.1896	0	0.0000	0
H	0.0471	0	0.0000	0
Q	0.1467	0	0.0000	0
N	0.0938	0	0.0000	0
R	0.2632	0	0.0000	0
E	0.0866	0	0.0000	0
M	0.1648	0	0.0000	0
I	0.0201	0	0.0000	0
D	0.0120	0	0.0000	0
P	0.0079	0	0.0000	0
D	0.0133	0	0.0000	0
K	0.0148	0	0.0000	0
F	0.1502	0	0.0000	0
C	0.0027	0	0.0000	0
S	0.0079	0	0.0000	0
L	0.0067	0	0.0000	0
C	0.0015	0	0.0000	0
H	0.3410	0	0.0000	0
A	0.2036	0	0.0000	0
T	0.7963	1	0.0000	0
F	0.3560	1	0.0000	0
N	0.8055	1	0.0000	0
D	0.6588	1	0.0000	0
P	0.3184	0	0.0000	0
V	0.5177	1	0.0000	0
M	0.6660	1	0.0000	0
A	0.0073	0	0.0000	0
Q	0.4420	1	0.0000	0
Q	0.2131	0	0.0000	0
H	0.0787	0	0.0000	0
Y	0.0254	0	0.0000	0
V	0.0927	0	0.0000	0
G	0.1071	0	0.0000	0
K	0.1260	0	0.0000	0
K	0.8176	1	0.0000	0
H	0.3539	1	0.0000	0
R	0.6158	1	0.0000	0
K	0.0382	0	0.0000	0
Q	0.3342	0	0.0000	0
E	0.0019	0	0.0000	0
T	0.0013	0	0.0000	0
K	0.0434	0	0.0000	0
L	0.0007	0	0.0000	0
K	0.0011	0	0.0000	0
L	0.0008	0	0.0000	0
M	0.0009	0	0.0000	0
A	0.0010	0	0.0000	0
R	0.0147	0	0.0000	0
Y	0.0016	0	0.0000	0
G	0.0028	0	0.0000	0
R	0.0141	0	0.0000	0
L	0.0171	0	0.0000	0
A	0.0252	0	0.0000	0
D	0.0265	0	0.0000	0
P	0.0281	0	0.0000	0
A	0.0204	0	0.0000	0
V	0.0068	0	0.0000	0
T	0.0320	0	0.0000	0
D	0.0144	0	0.0000	0
F	0.0067	0	0.0000	0
P	0.0078	0	0.0000	0
A	0.0051	0	0.0000	0
G	0.0019	0	0.0000	0
K	0.0320	0	0.0000	0
G	0.0011	0	0.0000	0
Y	0.0017	0	0.0000	0
P	0.0014	0	0.0000	0
C	0.0002	0	0.0000	0
K	0.0006	0	0.0000	0
T	0.0001	0	0.0000	0
C	0.0001	0	0.0000	0
K	0.0021	0	0.0000	0
I	0.0016	0	0.0000	0
V	0.0022	0	0.0000	0
L	0.0042	0	0.0000	0
N	0.0333	0	0.0000	0
S	0.0998	0	0.0000	0
I	0.1872	0	0.0000	0
E	0.1859	0	0.0000	0
Q	0.1799	0	0.0000	0
Y	0.0037	0	0.0000	0
Q	0.0657	0	0.0000	0
A	0.6016	1	0.0000	0
H	0.1901	0	0.0000	0
V	0.0026	0	0.0000	0
S	0.2203	0	0.0000	0
G	0.3471	0	0.0000	0
F	0.5557	1	0.0000	0
K	0.7327	1	0.0000	0
H	0.9522	1	0.0000	0
K	0.1666	0	0.0000	0
N	0.1094	0	0.0000	0
Q	0.5208	1	0.0000	0
S	0.0009	0	0.0000	0
P	0.0008	0	0.0000	0
K	0.0045	0	0.0000	0
T	0.0010	0	0.0000	0
V	0.0006	0	0.0000	0
A	0.0012	0	0.0000	0
S	0.0019	0	0.0000	0
S	0.0027	0	0.0000	0
L	0.0020	0	0.0000	0
G	0.0030	0	0.0000	0
Q	0.0082	0	0.0000	0
I	0.0233	0	0.0000	0
P	0.0023	0	0.0000	0
M	0.0013	0	0.0000	0
Q	0.0016	0	0.0000	0
R	0.0025	0	0.0000	0
Q	0.0032	0	0.0000	0
P	0.0010	0	0.0000	0
I	0.0007	0	0.0000	0
Q	0.0006	0	0.0000	0
K	0.0015	0	0.0000	0
D	0.0005	0	0.0000	0
S	0.0005	0	0.0000	0
T	0.0006	0	0.0000	0
T	0.0013	0	0.0000	0
L	0.0005	0	0.0000	0
E	0.0042	0	0.0000	0
D	0.0129	0	0.0000	0
</pre></body></html>