<html><head></head><body><pre style="word-wrap: break-word; white-space: pre-wrap;">&gt;P21701
Amino Acid	probability_DNA	binary_DNA	probability_RNA	binary_RNA
M	0.0269	0	0.0006	0
S	0.0105	0	0.0003	0
D	0.0107	0	0.0002	0
E	0.0060	0	0.0001	0
N	0.0095	0	0.0001	0
Y	0.0282	0	0.0005	0
R	0.0038	0	0.0001	0
D	0.0046	0	0.0001	0
I	0.0001	0	0.0000	0
A	0.0001	0	0.0000	0
L	0.0001	0	0.0000	0
A	0.0002	0	0.0000	0
F	0.0001	0	0.0000	0
L	0.0000	0	0.0000	0
D	0.0001	0	0.0000	0
E	0.0001	0	0.0000	0
S	0.0001	0	0.0000	0
A	0.0001	0	0.0000	0
D	0.0002	0	0.0000	0
S	0.0003	0	0.0000	0
G	0.0003	0	0.0000	0
T	0.0001	0	0.0000	0
I	0.0001	0	0.0000	0
N	0.0037	0	0.0000	0
A	0.0009	0	0.0000	0
W	0.0001	0	0.0000	0
V	0.0003	0	0.0000	0
N	0.0010	0	0.0000	0
E	0.0008	0	0.0000	0
F	0.0003	0	0.0000	0
A	0.0047	0	0.0000	0
Y	0.0565	0	0.0001	0
Q	0.0164	0	0.0000	0
G	0.0097	0	0.0000	0
F	0.0039	0	0.0000	0
D	0.0124	0	0.0000	0
P	0.0005	0	0.0000	0
K	0.0018	0	0.0000	0
R	0.0014	0	0.0000	0
I	0.0001	0	0.0000	0
V	0.0000	0	0.0000	0
Q	0.0005	0	0.0000	0
L	0.0001	0	0.0000	0
V	0.0001	0	0.0000	0
K	0.0009	0	0.0000	0
E	0.0003	0	0.0000	0
R	0.0003	0	0.0000	0
G	0.0008	0	0.0000	0
T	0.0003	0	0.0000	0
A	0.0006	0	0.0000	0
K	0.0005	0	0.0000	0
G	0.0002	0	0.0000	0
R	0.0002	0	0.0000	0
D	0.0003	0	0.0000	0
W	0.0003	0	0.0000	0
K	0.0034	0	0.0000	0
K	0.0472	0	0.0007	0
D	0.0018	0	0.0000	0
V	0.0001	0	0.0000	0
K	0.0015	0	0.0001	0
M	0.0015	0	0.0001	0
M	0.0001	0	0.0000	0
I	0.0001	0	0.0000	0
V	0.0005	0	0.0000	0
L	0.0009	0	0.0000	0
N	0.0234	0	0.0004	0
L	0.0030	0	0.0001	0
V	0.1955	0	0.0048	0
R	0.6761	1	0.0529	0
G	0.1593	0	0.0036	0
N	0.3265	0	0.0040	0
K	0.6444	1	0.0045	0
P	0.1935	0	0.0041	0
E	0.2433	0	0.0020	0
A	0.2414	0	0.0007	0
M	0.0745	0	0.0002	0
M	0.0028	0	0.0000	0
K	0.1186	0	0.0001	0
K	0.1369	0	0.0001	0
M	0.0153	0	0.0000	0
S	0.0142	0	0.0000	0
E	0.0063	0	0.0000	0
K	0.0037	0	0.0000	0
G	0.0003	0	0.0000	0
A	0.0005	0	0.0000	0
S	0.0002	0	0.0000	0
I	0.0001	0	0.0000	0
V	0.0000	0	0.0000	0
A	0.0002	0	0.0000	0
N	0.0001	0	0.0000	0
L	0.0000	0	0.0000	0
I	0.0000	0	0.0000	0
S	0.0000	0	0.0000	0
V	0.0002	0	0.0000	0
Y	0.0001	0	0.0000	0
Q	0.0002	0	0.0000	0
L	0.0001	0	0.0000	0
K	0.0025	0	0.0000	0
E	0.0028	0	0.0000	0
G	0.0133	0	0.0000	0
N	0.0050	0	0.0000	0
P	0.0019	0	0.0000	0
G	0.0025	0	0.0000	0
R	0.0106	0	0.0000	0
D	0.0130	0	0.0000	0
T	0.0125	0	0.0000	0
I	0.0028	0	0.0000	0
T	0.2559	0	0.0002	0
L	0.0040	0	0.0000	0
S	0.2190	0	0.0001	0
R	0.1988	0	0.0005	0
V	0.0001	0	0.0000	0
S	0.0000	0	0.0000	0
A	0.0001	0	0.0000	0
A	0.0000	0	0.0000	0
F	0.0002	0	0.0000	0
V	0.0001	0	0.0000	0
P	0.0002	0	0.0000	0
W	0.0003	0	0.0000	0
T	0.0006	0	0.0000	0
V	0.0001	0	0.0000	0
Q	0.0006	0	0.0000	0
A	0.0000	0	0.0000	0
L	0.0001	0	0.0000	0
R	0.0004	0	0.0000	0
V	0.0001	0	0.0000	0
L	0.0001	0	0.0000	0
S	0.0002	0	0.0000	0
E	0.0005	0	0.0000	0
S	0.0038	0	0.0000	0
L	0.0008	0	0.0000	0
P	0.0049	0	0.0000	0
V	0.0009	0	0.0000	0
S	0.0014	0	0.0000	0
G	0.0040	0	0.0000	0
T	0.0019	0	0.0000	0
T	0.0002	0	0.0000	0
M	0.0001	0	0.0000	0
D	0.0001	0	0.0000	0
A	0.0004	0	0.0000	0
I	0.0002	0	0.0000	0
A	0.0002	0	0.0000	0
G	0.0003	0	0.0000	0
V	0.0008	0	0.0002	0
T	0.0024	0	0.0008	0
Y	0.0187	0	0.0043	0
P	0.0046	0	0.0004	0
R	0.0069	0	0.0007	0
A	0.0004	0	0.0000	0
M	0.0005	0	0.0001	0
M	0.0007	0	0.0002	0
H	0.1865	0	0.1549	1
P	0.0290	0	0.0132	0
S	0.0243	0	0.0070	0
F	0.0020	0	0.0008	0
A	0.0005	0	0.0002	0
G	0.0007	0	0.0003	0
I	0.0002	0	0.0000	0
I	0.0001	0	0.0000	0
D	0.0003	0	0.0000	0
L	0.0003	0	0.0000	0
D	0.0004	0	0.0000	0
L	0.0002	0	0.0000	0
P	0.0005	0	0.0001	0
N	0.0005	0	0.0000	0
G	0.0004	0	0.0000	0
A	0.0002	0	0.0000	0
G	0.0003	0	0.0000	0
A	0.0061	0	0.0011	0
T	0.0002	0	0.0000	0
I	0.0000	0	0.0000	0
A	0.0000	0	0.0000	0
D	0.0001	0	0.0000	0
A	0.0001	0	0.0000	0
H	0.0038	0	0.0007	0
G	0.0013	0	0.0002	0
L	0.0003	0	0.0000	0
F	0.0010	0	0.0005	0
M	0.0075	0	0.0058	0
I	0.0008	0	0.0004	0
E	0.0005	0	0.0003	0
F	0.0007	0	0.0003	0
S	0.0368	0	0.0385	0
K	0.0048	0	0.0016	0
T	0.0072	0	0.0053	0
I	0.0018	0	0.0008	0
N	0.2271	0	0.1924	1
P	0.0098	0	0.0028	0
S	0.0041	0	0.0009	0
L	0.0009	0	0.0001	0
R	0.0374	0	0.0089	0
T	0.0030	0	0.0003	0
K	0.0078	0	0.0008	0
Q	0.0013	0	0.0001	0
A	0.0011	0	0.0002	0
N	0.0004	0	0.0002	0
E	0.0001	0	0.0001	0
V	0.0000	0	0.0000	0
A	0.0000	0	0.0000	0
A	0.0000	0	0.0001	0
T	0.0001	0	0.0001	0
F	0.0001	0	0.0001	0
E	0.0003	0	0.0006	0
K	0.0017	0	0.0044	0
P	0.0003	0	0.0009	0
N	0.0001	0	0.0002	0
M	0.0019	0	0.0083	0
A	0.0006	0	0.0010	0
A	0.0004	0	0.0003	0
M	0.0002	0	0.0001	0
S	0.0031	0	0.0013	0
G	0.0011	0	0.0002	0
R	0.0005	0	0.0001	0
F	0.0001	0	0.0000	0
F	0.0000	0	0.0000	0
T	0.0001	0	0.0000	0
R	0.0003	0	0.0000	0
E	0.0001	0	0.0000	0
D	0.0001	0	0.0000	0
K	0.0003	0	0.0000	0
K	0.0004	0	0.0001	0
K	0.0003	0	0.0001	0
L	0.0001	0	0.0000	0
L	0.0000	0	0.0000	0
I	0.0000	0	0.0000	0
A	0.0002	0	0.0001	0
V	0.0000	0	0.0000	0
G	0.0000	0	0.0000	0
I	0.0000	0	0.0000	0
I	0.0000	0	0.0000	0
D	0.0001	0	0.0001	0
E	0.0002	0	0.0000	0
D	0.0007	0	0.0002	0
L	0.0005	0	0.0001	0
V	0.0069	0	0.0023	0
L	0.0015	0	0.0003	0
A	0.0094	0	0.0061	0
S	0.0259	0	0.0164	0
A	0.0035	0	0.0013	0
V	0.0003	0	0.0000	0
V	0.0082	0	0.0022	0
R	0.0098	0	0.0009	0
S	0.0001	0	0.0000	0
A	0.0001	0	0.0000	0
E	0.0005	0	0.0000	0
K	0.0000	0	0.0000	0
Y	0.0003	0	0.0000	0
R	0.0774	0	0.0218	0
A	0.0073	0	0.0011	0
K	0.0014	0	0.0009	0
V	0.0003	0	0.0002	0
G	0.0049	0	0.0058	0
K	0.1147	0	0.0185	0
</pre></body></html>