<html><head></head><body><pre style="word-wrap: break-word; white-space: pre-wrap;">&gt;P80340
Amino Acid	probability_DNA	binary_DNA	probability_RNA	binary_RNA
M	0.0193	0	0.2967	1
K	0.0263	0	0.3167	1
R	0.0381	0	0.3411	1
T	0.0276	0	0.0610	0
W	0.1458	0	0.5631	1
Q	0.0553	0	0.5517	1
P	0.0060	0	0.0228	0
N	0.0320	0	0.1393	0
R	0.0445	0	0.2728	1
R	0.0389	0	0.2306	1
K	0.0877	0	0.4310	1
R	0.0456	0	0.4845	1
A	0.0071	0	0.1627	1
K	0.0346	0	0.4782	1
T	0.2140	0	0.3741	1
H	0.6628	1	0.5691	1
G	0.4507	1	0.6413	1
F	0.2023	0	0.6223	1
R	0.1017	0	0.4431	1
A	0.0055	0	0.0418	0
R	0.0529	0	0.5674	1
M	0.0142	0	0.1087	0
R	0.0443	0	0.4598	1
T	0.0613	0	0.7631	1
P	0.0368	0	0.5553	1
G	0.0327	0	0.4664	1
G	0.0008	0	0.0192	0
R	0.0326	0	0.4386	1
K	0.0093	0	0.0991	0
V	0.0021	0	0.0181	0
L	0.0001	0	0.0007	0
K	0.0011	0	0.0153	0
R	0.0022	0	0.0187	0
R	0.0961	0	0.3875	1
R	0.2024	0	0.4891	1
Q	0.0524	0	0.1774	1
K	0.2151	0	0.5925	1
G	0.0874	0	0.2716	1
R	0.2769	0	0.5328	1
W	0.2086	0	0.3021	1
R	0.0270	0	0.0748	0
L	0.0002	0	0.0001	0
T	0.0125	0	0.0109	0
P	0.0017	0	0.0006	0
A	0.0005	0	0.0002	0
V	0.0002	0	0.0001	0
R	0.0002	0	0.0001	0
K	0.0006	0	0.0002	0
R	0.0048	0	0.0039	0
</pre></body></html>