<html><head></head><body><pre style="word-wrap: break-word; white-space: pre-wrap;">&gt;Q9EY50
Amino Acid	probability_DNA	binary_DNA	probability_RNA	binary_RNA
M	0.0001	0	0.0237	0
P	0.0001	0	0.0068	0
V	0.0001	0	0.0094	0
L	0.0000	0	0.0007	0
N	0.0001	0	0.0129	0
L	0.0001	0	0.0095	0
N	0.0001	0	0.0229	0
D	0.0002	0	0.0113	0
P	0.0008	0	0.0391	0
Q	0.0012	0	0.0523	0
A	0.0001	0	0.0022	0
V	0.0000	0	0.0006	0
E	0.0000	0	0.0006	0
R	0.0000	0	0.0015	0
Y	0.0000	0	0.0039	0
E	0.0000	0	0.0025	0
E	0.0000	0	0.0018	0
F	0.0000	0	0.0004	0
M	0.0000	0	0.0001	0
R	0.0000	0	0.0002	0
Q	0.0001	0	0.0015	0
S	0.0000	0	0.0002	0
P	0.0001	0	0.0005	0
Y	0.0003	0	0.0060	0
G	0.0002	0	0.0063	0
Q	0.0017	0	0.0667	0
V	0.0002	0	0.0115	0
T	0.0010	0	0.0637	0
Q	0.0108	0	0.4747	1
D	0.0020	0	0.1398	0
L	0.0000	0	0.0073	0
G	0.0000	0	0.0071	0
W	0.0005	0	0.1308	0
A	0.0000	0	0.0024	0
K	0.0000	0	0.0242	0
V	0.0000	0	0.0008	0
K	0.0000	0	0.0142	0
N	0.0000	0	0.0081	0
N	0.0000	0	0.0024	0
W	0.0000	0	0.0037	0
E	0.0000	0	0.0019	0
P	0.0000	0	0.0040	0
V	0.0000	0	0.0020	0
D	0.0000	0	0.0008	0
V	0.0000	0	0.0013	0
Y	0.0000	0	0.0073	0
L	0.0000	0	0.0006	0
E	0.0000	0	0.0014	0
D	0.0000	0	0.0005	0
D	0.0000	0	0.0006	0
Q	0.0000	0	0.0002	0
G	0.0000	0	0.0002	0
A	0.0000	0	0.0003	0
I	0.0000	0	0.0002	0
I	0.0000	0	0.0018	0
A	0.0000	0	0.0005	0
A	0.0000	0	0.0002	0
M	0.0000	0	0.0001	0
S	0.0000	0	0.0002	0
M	0.0000	0	0.0002	0
L	0.0000	0	0.0005	0
L	0.0000	0	0.0023	0
G	0.0067	0	0.1624	1
D	0.0073	0	0.1222	0
T	0.0019	0	0.0514	0
P	0.0490	0	0.3170	1
T	0.0404	0	0.2758	1
D	0.0225	0	0.2299	1
K	0.0047	0	0.0527	0
K	0.0128	0	0.0423	0
F	0.0035	0	0.0204	0
A	0.0001	0	0.0027	0
Y	0.0135	0	0.3227	1
A	0.0004	0	0.0180	0
S	0.0016	0	0.1297	0
K	0.0025	0	0.3201	1
G	0.0002	0	0.0392	0
P	0.0000	0	0.0060	0
V	0.0000	0	0.0019	0
M	0.0000	0	0.0010	0
D	0.0003	0	0.0177	0
V	0.0001	0	0.0071	0
T	0.0001	0	0.0018	0
D	0.0000	0	0.0022	0
V	0.0000	0	0.0011	0
D	0.0000	0	0.0010	0
L	0.0000	0	0.0004	0
L	0.0000	0	0.0003	0
D	0.0000	0	0.0003	0
R	0.0000	0	0.0004	0
L	0.0000	0	0.0001	0
V	0.0000	0	0.0001	0
D	0.0000	0	0.0005	0
E	0.0000	0	0.0001	0
A	0.0000	0	0.0001	0
V	0.0000	0	0.0030	0
K	0.0000	0	0.0011	0
A	0.0000	0	0.0005	0
L	0.0000	0	0.0002	0
D	0.0001	0	0.0189	0
G	0.0000	0	0.0018	0
R	0.0000	0	0.0008	0
A	0.0000	0	0.0001	0
Y	0.0000	0	0.0001	0
V	0.0000	0	0.0002	0
L	0.0000	0	0.0001	0
R	0.0000	0	0.0012	0
F	0.0000	0	0.0005	0
D	0.0000	0	0.0049	0
P	0.0000	0	0.0006	0
E	0.0000	0	0.0006	0
V	0.0000	0	0.0005	0
A	0.0000	0	0.0007	0
Y	0.0000	0	0.0009	0
S	0.0003	0	0.0075	0
D	0.0001	0	0.0028	0
E	0.0001	0	0.0021	0
F	0.0000	0	0.0004	0
N	0.0000	0	0.0005	0
T	0.0001	0	0.0014	0
T	0.0000	0	0.0006	0
L	0.0000	0	0.0004	0
Q	0.0001	0	0.0015	0
D	0.0001	0	0.0059	0
H	0.0000	0	0.0009	0
G	0.0000	0	0.0010	0
Y	0.0000	0	0.0007	0
V	0.0000	0	0.0003	0
T	0.0000	0	0.0004	0
R	0.0001	0	0.0008	0
N	0.0003	0	0.0018	0
R	0.0064	0	0.0291	0
N	0.0018	0	0.0079	0
V	0.0011	0	0.0034	0
A	0.0032	0	0.0131	0
D	0.0036	0	0.0196	0
A	0.0016	0	0.0072	0
G	0.0010	0	0.0053	0
M	0.0019	0	0.0197	0
H	0.0008	0	0.0133	0
A	0.0003	0	0.0067	0
T	0.0005	0	0.0136	0
I	0.0008	0	0.0207	0
Q	0.0029	0	0.0854	0
P	0.0001	0	0.0013	0
R	0.0003	0	0.0061	0
L	0.0004	0	0.0084	0
N	0.0004	0	0.0062	0
M	0.0000	0	0.0003	0
V	0.0000	0	0.0015	0
L	0.0000	0	0.0001	0
D	0.0000	0	0.0003	0
L	0.0000	0	0.0009	0
T	0.0000	0	0.0022	0
K	0.0000	0	0.0024	0
F	0.0000	0	0.0020	0
P	0.0000	0	0.0008	0
D	0.0000	0	0.0015	0
A	0.0000	0	0.0009	0
K	0.0000	0	0.0023	0
T	0.0000	0	0.0017	0
T	0.0000	0	0.0010	0
L	0.0000	0	0.0020	0
D	0.0003	0	0.0146	0
L	0.0002	0	0.0073	0
Y	0.0011	0	0.0377	0
P	0.0173	0	0.2625	1
S	0.0398	0	0.4480	1
K	0.1492	0	0.3937	1
T	0.0084	0	0.1202	0
K	0.1261	0	0.4408	1
S	0.1163	0	0.3918	1
K	0.0034	0	0.0227	0
I	0.0003	0	0.0026	0
K	0.1045	0	0.5079	1
R	0.1373	0	0.3196	1
P	0.0011	0	0.0026	0
F	0.0044	0	0.0431	0
R	0.0032	0	0.0297	0
D	0.0001	0	0.0007	0
G	0.0001	0	0.0012	0
V	0.0000	0	0.0002	0
E	0.0006	0	0.0045	0
V	0.0002	0	0.0004	0
H	0.0024	0	0.0032	0
S	0.0009	0	0.0008	0
G	0.0002	0	0.0002	0
N	0.0009	0	0.0015	0
S	0.0009	0	0.0005	0
A	0.0015	0	0.0011	0
T	0.0003	0	0.0003	0
E	0.0001	0	0.0003	0
L	0.0001	0	0.0002	0
D	0.0001	0	0.0005	0
E	0.0000	0	0.0001	0
F	0.0000	0	0.0002	0
F	0.0001	0	0.0004	0
K	0.0000	0	0.0000	0
T	0.0000	0	0.0000	0
Y	0.0001	0	0.0002	0
T	0.0001	0	0.0001	0
T	0.0000	0	0.0000	0
M	0.0001	0	0.0001	0
A	0.0001	0	0.0001	0
E	0.0003	0	0.0001	0
R	0.1015	0	0.0606	0
H	0.0132	0	0.0018	0
G	0.0052	0	0.0013	0
I	0.0563	0	0.0177	0
T	0.0079	0	0.0017	0
H	0.0041	0	0.0009	0
R	0.1317	0	0.0414	0
P	0.0102	0	0.0021	0
I	0.0010	0	0.0004	0
E	0.0001	0	0.0002	0
Y	0.0028	0	0.0060	0
F	0.0000	0	0.0000	0
Q	0.0002	0	0.0012	0
R	0.0001	0	0.0013	0
M	0.0000	0	0.0000	0
Q	0.0000	0	0.0001	0
A	0.0000	0	0.0000	0
A	0.0000	0	0.0000	0
F	0.0000	0	0.0000	0
D	0.0000	0	0.0000	0
A	0.0000	0	0.0000	0
D	0.0000	0	0.0000	0
T	0.0000	0	0.0000	0
M	0.0000	0	0.0000	0
R	0.0000	0	0.0002	0
I	0.0000	0	0.0001	0
F	0.0000	0	0.0003	0
V	0.0000	0	0.0008	0
A	0.0000	0	0.0010	0
E	0.0045	0	0.0815	0
R	0.0138	0	0.2163	1
E	0.0010	0	0.0261	0
G	0.0007	0	0.0144	0
K	0.0033	0	0.0394	0
L	0.0004	0	0.0028	0
L	0.0000	0	0.0003	0
S	0.0001	0	0.0004	0
T	0.0000	0	0.0002	0
G	0.0000	0	0.0001	0
I	0.0000	0	0.0001	0
A	0.0001	0	0.0002	0
L	0.0000	0	0.0000	0
K	0.0002	0	0.0008	0
Y	0.0003	0	0.0012	0
G	0.0011	0	0.0098	0
R	0.0031	0	0.0271	0
K	0.0062	0	0.0476	0
I	0.0009	0	0.0069	0
W	0.0029	0	0.0288	0
Y	0.0175	0	0.1320	0
M	0.0169	0	0.0476	0
Y	0.0415	0	0.1039	0
A	0.0907	0	0.1220	0
G	0.0307	0	0.0346	0
S	0.0498	0	0.0613	0
M	0.0269	0	0.0389	0
D	0.1925	0	0.2351	1
G	0.2092	0	0.2115	1
N	0.7895	1	0.1906	1
T	0.6119	1	0.1097	0
Y	0.4459	1	0.0270	0
Y	0.4141	1	0.0422	0
A	0.0721	0	0.0041	0
P	0.3661	1	0.0079	0
Y	0.1658	0	0.0023	0
A	0.0019	0	0.0000	0
V	0.0003	0	0.0000	0
Q	0.0100	0	0.0002	0
S	0.0006	0	0.0000	0
E	0.0002	0	0.0000	0
M	0.0000	0	0.0000	0
I	0.0000	0	0.0000	0
Q	0.0000	0	0.0000	0
W	0.0000	0	0.0000	0
A	0.0000	0	0.0000	0
L	0.0000	0	0.0000	0
D	0.0000	0	0.0000	0
T	0.0000	0	0.0000	0
N	0.0000	0	0.0000	0
T	0.0000	0	0.0000	0
D	0.0000	0	0.0000	0
L	0.0001	0	0.0000	0
Y	0.0001	0	0.0000	0
D	0.0048	0	0.0010	0
L	0.0003	0	0.0000	0
G	0.0006	0	0.0002	0
G	0.0026	0	0.0012	0
I	0.0008	0	0.0001	0
E	0.0010	0	0.0001	0
S	0.0013	0	0.0001	0
E	0.0007	0	0.0001	0
S	0.0012	0	0.0002	0
T	0.0060	0	0.0011	0
D	0.0023	0	0.0006	0
D	0.0048	0	0.0014	0
S	0.0119	0	0.0015	0
L	0.0067	0	0.0015	0
Y	0.0001	0	0.0000	0
V	0.0001	0	0.0001	0
F	0.0001	0	0.0000	0
K	0.0008	0	0.0001	0
H	0.0000	0	0.0000	0
V	0.0001	0	0.0000	0
F	0.0000	0	0.0000	0
V	0.0000	0	0.0000	0
K	0.0000	0	0.0000	0
D	0.0001	0	0.0000	0
A	0.0001	0	0.0000	0
P	0.0000	0	0.0000	0
R	0.0000	0	0.0000	0
E	0.0001	0	0.0000	0
Y	0.0001	0	0.0000	0
I	0.0003	0	0.0000	0
G	0.0002	0	0.0001	0
E	0.0007	0	0.0002	0
I	0.0002	0	0.0000	0
D	0.0001	0	0.0000	0
K	0.0002	0	0.0000	0
V	0.0004	0	0.0001	0
L	0.0003	0	0.0000	0
D	0.0021	0	0.0002	0
P	0.0065	0	0.0008	0
E	0.0021	0	0.0002	0
V	0.0001	0	0.0000	0
Y	0.0081	0	0.0030	0
A	0.0029	0	0.0009	0
E	0.0003	0	0.0001	0
L	0.0001	0	0.0000	0
V	0.0001	0	0.0000	0
K	0.0021	0	0.0021	0
D	0.0065	0	0.0016	0
</pre></body></html>