<html><head></head><body><pre style="word-wrap: break-word; white-space: pre-wrap;">&gt;Q2KID9
Amino Acid	probability_DNA	binary_DNA	probability_RNA	binary_RNA
M	0.0000	0	0.0910	0
A	0.0000	0	0.0147	0
A	0.0000	0	0.0076	0
A	0.0000	0	0.0015	0
V	0.0000	0	0.0011	0
R	0.0000	0	0.0502	0
A	0.0000	0	0.0009	0
A	0.0000	0	0.0007	0
G	0.0000	0	0.0011	0
F	0.0000	0	0.0022	0
L	0.0000	0	0.0024	0
P	0.0000	0	0.0025	0
A	0.0000	0	0.0007	0
L	0.0000	0	0.0005	0
C	0.0000	0	0.0007	0
G	0.0000	0	0.0022	0
A	0.0000	0	0.0012	0
S	0.0000	0	0.0025	0
A	0.0000	0	0.0029	0
G	0.0000	0	0.0136	0
R	0.0000	0	0.0587	0
L	0.0000	0	0.0024	0
W	0.0000	0	0.0022	0
S	0.0000	0	0.0276	0
R	0.0001	0	0.2470	1
Q	0.0000	0	0.0284	0
L	0.0000	0	0.0008	0
Y	0.0000	0	0.0052	0
L	0.0000	0	0.0019	0
N	0.0000	0	0.0057	0
T	0.0000	0	0.0018	0
F	0.0000	0	0.0005	0
P	0.0000	0	0.0005	0
T	0.0000	0	0.0003	0
A	0.0000	0	0.0003	0
S	0.0000	0	0.0004	0
I	0.0000	0	0.0002	0
W	0.0000	0	0.0003	0
A	0.0000	0	0.0003	0
L	0.0000	0	0.0005	0
K	0.0000	0	0.0037	0
A	0.0000	0	0.0018	0
V	0.0000	0	0.0008	0
P	0.0000	0	0.0022	0
S	0.0000	0	0.0702	0
N	0.0000	0	0.2520	1
G	0.0000	0	0.1545	1
P	0.0000	0	0.0739	0
S	0.0000	0	0.0089	0
S	0.0000	0	0.0896	0
S	0.0000	0	0.0732	0
A	0.0000	0	0.0284	0
G	0.0000	0	0.0568	0
A	0.0000	0	0.0237	0
R	0.0000	0	0.1270	0
G	0.0000	0	0.0144	0
R	0.0000	0	0.0172	0
C	0.0000	0	0.0046	0
R	0.0000	0	0.0039	0
S	0.0000	0	0.0022	0
T	0.0000	0	0.0009	0
H	0.0000	0	0.0036	0
L	0.0000	0	0.0005	0
G	0.0000	0	0.0012	0
P	0.0000	0	0.0008	0
A	0.0000	0	0.0003	0
L	0.0000	0	0.0002	0
Q	0.0000	0	0.0006	0
T	0.0000	0	0.0005	0
Q	0.0000	0	0.0027	0
C	0.0000	0	0.0005	0
C	0.0000	0	0.0018	0
T	0.0000	0	0.0033	0
P	0.0000	0	0.0130	0
A	0.0000	0	0.0334	0
P	0.0000	0	0.0448	0
G	0.0000	0	0.0658	0
N	0.0000	0	0.0419	0
V	0.0000	0	0.0093	0
T	0.0000	0	0.0205	0
A	0.0000	0	0.0070	0
Q	0.0000	0	0.0897	0
Q	0.0000	0	0.0912	0
Y	0.0000	0	0.0795	0
R	0.0014	0	0.5616	1
S	0.0013	0	0.4238	1
Y	0.0045	0	0.6731	1
S	0.0005	0	0.1970	1
F	0.0000	0	0.0194	0
F	0.0000	0	0.0028	0
T	0.0000	0	0.0212	0
K	0.0000	0	0.0280	0
L	0.0000	0	0.0010	0
T	0.0000	0	0.0013	0
A	0.0000	0	0.0017	0
D	0.0000	0	0.0030	0
E	0.0000	0	0.0019	0
L	0.0000	0	0.0003	0
W	0.0000	0	0.0131	0
K	0.0000	0	0.0704	0
G	0.0000	0	0.0074	0
A	0.0000	0	0.0009	0
L	0.0000	0	0.0079	0
A	0.0000	0	0.0585	0
E	0.0000	0	0.1057	0
T	0.0000	0	0.2738	1
G	0.0000	0	0.3884	1
A	0.0000	0	0.2935	1
G	0.0000	0	0.5172	1
A	0.0000	0	0.3436	1
R	0.0001	0	0.9230	1
K	0.0001	0	0.8659	1
G	0.0000	0	0.6207	1
R	0.0000	0	0.9429	1
G	0.0000	0	0.1881	1
K	0.0000	0	0.7209	1
R	0.0000	0	0.8573	1
T	0.0000	0	0.2239	1
K	0.0000	0	0.1686	1
R	0.0000	0	0.6376	1
K	0.0000	0	0.4903	1
R	0.0000	0	0.3553	1
R	0.0000	0	0.3755	1
K	0.0000	0	0.5530	1
D	0.0000	0	0.1105	0
L	0.0000	0	0.0104	0
N	0.0000	0	0.8006	1
R	0.0000	0	0.8195	1
G	0.0000	0	0.0211	0
Q	0.0000	0	0.0293	0
I	0.0000	0	0.1418	0
I	0.0000	0	0.0290	0
G	0.0000	0	0.0396	0
E	0.0000	0	0.0130	0
G	0.0000	0	0.0062	0
R	0.0000	0	0.0708	0
R	0.0000	0	0.0976	0
G	0.0000	0	0.0787	0
F	0.0000	0	0.0076	0
L	0.0000	0	0.0393	0
W	0.0000	0	0.0351	0
P	0.0000	0	0.0143	0
G	0.0000	0	0.0202	0
L	0.0000	0	0.0036	0
N	0.0000	0	0.1887	1
A	0.0000	0	0.0185	0
P	0.0000	0	0.0061	0
L	0.0000	0	0.0021	0
M	0.0000	0	0.0084	0
K	0.0000	0	0.5373	1
S	0.0000	0	0.1651	1
G	0.0000	0	0.0588	0
A	0.0000	0	0.0104	0
I	0.0000	0	0.0043	0
Q	0.0000	0	0.0123	0
T	0.0000	0	0.0068	0
I	0.0000	0	0.0022	0
T	0.0000	0	0.0134	0
Q	0.0000	0	0.0057	0
R	0.0000	0	0.0141	0
S	0.0000	0	0.0055	0
K	0.0000	0	0.0092	0
E	0.0000	0	0.0052	0
E	0.0000	0	0.0032	0
Q	0.0000	0	0.0051	0
E	0.0000	0	0.0018	0
K	0.0000	0	0.0020	0
V	0.0000	0	0.0049	0
E	0.0000	0	0.0027	0
A	0.0000	0	0.0010	0
D	0.0000	0	0.0011	0
M	0.0000	0	0.0005	0
V	0.0000	0	0.0006	0
Q	0.0000	0	0.0029	0
Q	0.0000	0	0.0019	0
R	0.0000	0	0.0227	0
E	0.0000	0	0.0106	0
E	0.0000	0	0.0088	0
W	0.0000	0	0.0208	0
D	0.0000	0	0.0101	0
R	0.0000	0	0.2412	1
K	0.0000	0	0.6441	1
R	0.0000	0	0.5986	1
K	0.0000	0	0.4562	1
M	0.0000	0	0.2053	1
K	0.0000	0	0.1488	0
V	0.0000	0	0.0395	0
K	0.0000	0	0.2576	1
R	0.0000	0	0.1076	0
E	0.0000	0	0.0672	0
R	0.0000	0	0.0180	0
G	0.0000	0	0.0265	0
W	0.0000	0	0.1911	1
S	0.0000	0	0.5289	1
G	0.0000	0	0.3692	1
N	0.0000	0	0.2825	1
S	0.0000	0	0.3082	1
W	0.0000	0	0.0538	0
G	0.0000	0	0.0332	0
G	0.0000	0	0.0383	0
I	0.0000	0	0.0299	0
S	0.0000	0	0.1103	0
L	0.0000	0	0.0498	0
G	0.0000	0	0.0239	0
P	0.0000	0	0.0144	0
P	0.0000	0	0.0365	0
D	0.0000	0	0.0094	0
P	0.0000	0	0.0037	0
G	0.0000	0	0.0044	0
P	0.0000	0	0.0027	0
N	0.0000	0	0.0034	0
G	0.0000	0	0.0017	0
E	0.0000	0	0.0015	0
T	0.0000	0	0.0012	0
Y	0.0000	0	0.0021	0
D	0.0000	0	0.0007	0
D	0.0000	0	0.0007	0
F	0.0000	0	0.0004	0
D	0.0000	0	0.0018	0
T	0.0000	0	0.0006	0
R	0.0000	0	0.0011	0
I	0.0000	0	0.0005	0
L	0.0000	0	0.0010	0
E	0.0000	0	0.0025	0
V	0.0000	0	0.0135	0
R	0.0000	0	0.2268	1
N	0.0000	0	0.3200	1
V	0.0000	0	0.0384	0
F	0.0000	0	0.1147	0
N	0.0000	0	0.8138	1
M	0.0000	0	0.3094	1
T	0.0000	0	0.0451	0
A	0.0000	0	0.0628	0
K	0.0000	0	0.2534	1
E	0.0000	0	0.0288	0
G	0.0000	0	0.0215	0
R	0.0000	0	0.2377	1
K	0.0000	0	0.3826	1
R	0.0000	0	0.1487	0
S	0.0000	0	0.8161	1
V	0.0000	0	0.0802	0
R	0.0000	0	0.0281	0
V	0.0000	0	0.0017	0
L	0.0000	0	0.0011	0
V	0.0000	0	0.0004	0
A	0.0000	0	0.0005	0
V	0.0000	0	0.0027	0
G	0.0000	0	0.0038	0
N	0.0000	0	0.0115	0
G	0.0000	0	0.1771	1
R	0.0000	0	0.1563	1
G	0.0000	0	0.0138	0
A	0.0000	0	0.0161	0
A	0.0000	0	0.0034	0
G	0.0000	0	0.0744	0
F	0.0000	0	0.0045	0
A	0.0000	0	0.0054	0
I	0.0000	0	0.0228	0
G	0.0000	0	0.0251	0
K	0.0000	0	0.1991	1
A	0.0000	0	0.0127	0
T	0.0000	0	0.1229	0
E	0.0000	0	0.0362	0
R	0.0000	0	0.0036	0
A	0.0000	0	0.0245	0
D	0.0000	0	0.0971	0
A	0.0000	0	0.0131	0
F	0.0000	0	0.0089	0
R	0.0000	0	0.1880	1
K	0.0000	0	0.6018	1
A	0.0000	0	0.0058	0
K	0.0000	0	0.0502	0
N	0.0000	0	0.0115	0
R	0.0000	0	0.4394	1
A	0.0000	0	0.0029	0
V	0.0000	0	0.1559	1
H	0.0000	0	0.1548	1
Y	0.0000	0	0.0883	0
L	0.0000	0	0.0017	0
H	0.0000	0	0.0021	0
Y	0.0000	0	0.0063	0
I	0.0000	0	0.0048	0
E	0.0000	0	0.0731	0
R	0.0000	0	0.3479	1
Y	0.0000	0	0.1474	0
E	0.0000	0	0.2946	1
D	0.0000	0	0.5346	1
H	0.0000	0	0.4462	1
T	0.0000	0	0.4721	1
I	0.0000	0	0.1280	0
Y	0.0000	0	0.0847	0
H	0.0000	0	0.1257	0
D	0.0000	0	0.0208	0
I	0.0000	0	0.0064	0
S	0.0000	0	0.0064	0
L	0.0000	0	0.0020	0
T	0.0000	0	0.0409	0
F	0.0000	0	0.0084	0
K	0.0000	0	0.0106	0
R	0.0000	0	0.0266	0
T	0.0000	0	0.0024	0
H	0.0000	0	0.0129	0
I	0.0000	0	0.0013	0
K	0.0000	0	0.0105	0
M	0.0000	0	0.0036	0
K	0.0000	0	0.3089	1
K	0.0000	0	0.3746	1
Q	0.0000	0	0.5547	1
P	0.0000	0	0.4362	1
R	0.0000	0	0.1390	0
G	0.0000	0	0.1937	1
Y	0.0000	0	0.0875	0
G	0.0000	0	0.0680	0
L	0.0000	0	0.0109	0
R	0.0000	0	0.0645	0
C	0.0000	0	0.0279	0
H	0.0000	0	0.0584	0
R	0.0000	0	0.0780	0
A	0.0000	0	0.0028	0
I	0.0000	0	0.0027	0
T	0.0000	0	0.1373	0
T	0.0000	0	0.0042	0
I	0.0000	0	0.0004	0
C	0.0000	0	0.0004	0
R	0.0000	0	0.0013	0
L	0.0000	0	0.0008	0
I	0.0000	0	0.0010	0
G	0.0000	0	0.0042	0
I	0.0000	0	0.0040	0
K	0.0000	0	0.0515	0
D	0.0000	0	0.0819	0
M	0.0000	0	0.0146	0
Y	0.0000	0	0.5103	1
A	0.0000	0	0.4902	1
K	0.0000	0	0.7535	1
V	0.0000	0	0.3665	1
S	0.0000	0	0.4390	1
G	0.0000	0	0.6338	1
S	0.0000	0	0.7827	1
V	0.0000	0	0.9331	1
N	0.0000	0	0.8503	1
M	0.0000	0	0.1960	1
L	0.0000	0	0.0733	0
S	0.0000	0	0.1480	0
L	0.0000	0	0.0885	0
T	0.0000	0	0.0067	0
R	0.0000	0	0.2375	1
G	0.0000	0	0.0135	0
L	0.0000	0	0.0031	0
F	0.0000	0	0.0012	0
Q	0.0000	0	0.0065	0
G	0.0000	0	0.0005	0
L	0.0000	0	0.0011	0
S	0.0000	0	0.0095	0
R	0.0000	0	0.0212	0
Q	0.0000	0	0.0019	0
E	0.0000	0	0.0064	0
T	0.0000	0	0.0033	0
H	0.0000	0	0.0101	0
Q	0.0000	0	0.0037	0
Q	0.0000	0	0.0019	0
L	0.0000	0	0.0011	0
A	0.0000	0	0.0105	0
D	0.0000	0	0.0046	0
K	0.0000	0	0.0069	0
K	0.0000	0	0.1423	0
S	0.0000	0	0.0044	0
L	0.0000	0	0.0071	0
H	0.0000	0	0.0110	0
V	0.0000	0	0.0029	0
V	0.0000	0	0.0006	0
E	0.0000	0	0.0022	0
F	0.0000	0	0.0004	0
R	0.0000	0	0.0179	0
E	0.0000	0	0.0040	0
E	0.0000	0	0.0098	0
C	0.0000	0	0.0158	0
G	0.0000	0	0.0053	0
P	0.0000	0	0.0038	0
L	0.0000	0	0.0013	0
P	0.0000	0	0.0010	0
I	0.0000	0	0.0018	0
V	0.0000	0	0.0025	0
V	0.0000	0	0.0118	0
A	0.0000	0	0.0066	0
S	0.0000	0	0.0154	0
P	0.0000	0	0.0356	0
Q	0.0000	0	0.4177	1
G	0.0000	0	0.1365	0
A	0.0000	0	0.0756	0
L	0.0000	0	0.0245	0
R	0.0000	0	0.0956	0
K	0.0000	0	0.0648	0
D	0.0000	0	0.0049	0
P	0.0000	0	0.0071	0
E	0.0000	0	0.0058	0
P	0.0000	0	0.0081	0
E	0.0000	0	0.0080	0
D	0.0000	0	0.0047	0
E	0.0000	0	0.0030	0
V	0.0000	0	0.0032	0
P	0.0000	0	0.0020	0
D	0.0000	0	0.0034	0
I	0.0000	0	0.0024	0
K	0.0000	0	0.0124	0
L	0.0000	0	0.0017	0
D	0.0000	0	0.0017	0
W	0.0000	0	0.0016	0
D	0.0000	0	0.0019	0
D	0.0000	0	0.0035	0
V	0.0000	0	0.0040	0
K	0.0000	0	0.0423	0
A	0.0000	0	0.0365	0
V	0.0000	0	0.0643	0
Q	0.0000	0	0.0969	0
G	0.0000	0	0.0892	0
M	0.0000	0	0.1968	1
K	0.0000	0	0.4573	1
R	0.0000	0	0.7380	1
S	0.0001	0	0.5607	1
V	0.0000	0	0.4433	1
W	0.0000	0	0.3100	1
S	0.0000	0	0.2695	1
G	0.0001	0	0.3452	1
L	0.0000	0	0.0031	0
K	0.0000	0	0.1924	1
R	0.0001	0	0.3564	1
A	0.0000	0	0.0169	0
A	0.0000	0	0.0207	0
T	0.0000	0	0.3597	1
</pre></body></html>