<html><head></head><body><pre style="word-wrap: break-word; white-space: pre-wrap;">&gt;P96622
Amino Acid	probability_DNA	binary_DNA	probability_RNA	binary_RNA
M	0.0049	0	0.4695	1
I	0.0014	0	0.3327	1
V	0.0002	0	0.0710	0
K	0.0021	0	0.3551	1
R	0.0072	0	0.4106	1
G	0.0009	0	0.0874	0
D	0.0042	0	0.1968	1
V	0.0002	0	0.0102	0
Y	0.0027	0	0.0487	0
F	0.0051	0	0.0621	0
A	0.0001	0	0.0011	0
D	0.0003	0	0.0049	0
L	0.0002	0	0.0036	0
S	0.0003	0	0.0061	0
P	0.0003	0	0.0064	0
V	0.0022	0	0.0308	0
V	0.0045	0	0.0510	0
G	0.0012	0	0.0202	0
S	0.0034	0	0.0386	0
E	0.0009	0	0.0054	0
Q	0.0012	0	0.0121	0
G	0.0011	0	0.0127	0
G	0.0078	0	0.1259	0
V	0.0036	0	0.0916	0
R	0.0881	0	0.4318	1
P	0.0026	0	0.0177	0
V	0.0001	0	0.0005	0
L	0.0000	0	0.0005	0
V	0.0001	0	0.0009	0
I	0.0000	0	0.0006	0
Q	0.0004	0	0.0087	0
N	0.0021	0	0.0424	0
D	0.0080	0	0.1304	0
I	0.0021	0	0.0552	0
G	0.0004	0	0.0102	0
N	0.0008	0	0.0225	0
R	0.0004	0	0.0122	0
F	0.0006	0	0.0201	0
S	0.0002	0	0.0072	0
P	0.0002	0	0.0152	0
T	0.0002	0	0.0108	0
A	0.0001	0	0.0023	0
I	0.0002	0	0.0036	0
V	0.0001	0	0.0004	0
A	0.0001	0	0.0005	0
A	0.0002	0	0.0028	0
I	0.0004	0	0.0016	0
T	0.0649	0	0.1275	0
A	0.1156	0	0.1794	1
Q	0.1583	0	0.2028	1
I	0.0230	0	0.0320	0
Q	0.1409	0	0.1403	0
K	0.0494	0	0.0423	0
A	0.1256	0	0.0989	0
K	0.1020	0	0.0896	0
L	0.2497	0	0.1184	0
P	0.0265	0	0.0226	0
T	0.0013	0	0.0025	0
H	0.0006	0	0.0042	0
V	0.0000	0	0.0002	0
E	0.0004	0	0.0023	0
I	0.0000	0	0.0002	0
D	0.0002	0	0.0014	0
A	0.0002	0	0.0009	0
K	0.0018	0	0.0076	0
R	0.0006	0	0.0035	0
Y	0.0003	0	0.0017	0
G	0.0012	0	0.0123	0
F	0.0004	0	0.0054	0
E	0.0016	0	0.0250	0
R	0.0122	0	0.2379	1
D	0.0017	0	0.0188	0
S	0.0002	0	0.0024	0
V	0.0003	0	0.0057	0
I	0.0000	0	0.0002	0
L	0.0001	0	0.0008	0
L	0.0001	0	0.0002	0
E	0.0041	0	0.0138	0
Q	0.0319	0	0.1167	0
I	0.0018	0	0.0131	0
R	0.0514	0	0.3168	1
T	0.0713	0	0.2610	1
I	0.0094	0	0.0311	0
D	0.2592	0	0.3036	1
K	0.6321	1	0.4471	1
Q	0.2031	0	0.2518	1
R	0.2801	0	0.4085	1
L	0.0022	0	0.0101	0
T	0.0119	0	0.0722	0
D	0.1064	0	0.3150	1
K	0.1207	0	0.2919	1
I	0.0113	0	0.0303	0
T	0.0013	0	0.0034	0
H	0.0150	0	0.0474	0
L	0.0004	0	0.0014	0
D	0.0025	0	0.0135	0
D	0.0032	0	0.0154	0
E	0.0006	0	0.0021	0
M	0.0003	0	0.0009	0
M	0.0001	0	0.0008	0
D	0.0000	0	0.0005	0
K	0.0000	0	0.0006	0
V	0.0000	0	0.0001	0
D	0.0000	0	0.0002	0
E	0.0000	0	0.0001	0
A	0.0000	0	0.0003	0
L	0.0000	0	0.0001	0
Q	0.0001	0	0.0046	0
I	0.0000	0	0.0001	0
S	0.0000	0	0.0002	0
L	0.0000	0	0.0004	0
A	0.0000	0	0.0004	0
L	0.0000	0	0.0003	0
I	0.0000	0	0.0014	0
D	0.0002	0	0.0083	0
F	0.0004	0	0.0079	0
</pre></body></html>