<html><head></head><body><pre style="word-wrap: break-word; white-space: pre-wrap;">&gt;O95453
Amino Acid	probability_DNA	binary_DNA	probability_RNA	binary_RNA
M	0.1297	0	0.0000	0
E	0.1390	0	0.0000	0
I	0.0063	0	0.0000	0
I	0.0716	0	0.0000	0
R	0.0095	0	0.0000	0
S	0.0083	0	0.0000	0
N	0.0519	0	0.0000	0
F	0.0009	0	0.0000	0
K	0.0013	0	0.0000	0
S	0.0006	0	0.0000	0
N	0.0003	0	0.0000	0
L	0.0002	0	0.0000	0
H	0.0002	0	0.0000	0
K	0.0002	0	0.0000	0
V	0.0001	0	0.0000	0
Y	0.0009	0	0.0000	0
Q	0.0002	0	0.0000	0
A	0.0001	0	0.0000	0
I	0.0002	0	0.0000	0
E	0.0004	0	0.0000	0
E	0.0004	0	0.0000	0
A	0.0002	0	0.0000	0
D	0.0004	0	0.0000	0
F	0.0004	0	0.0000	0
F	0.0007	0	0.0000	0
A	0.0067	0	0.0000	0
I	0.0022	0	0.0000	0
D	0.0482	0	0.0000	0
G	0.0133	0	0.0000	0
E	0.2505	0	0.0000	0
F	0.2485	0	0.0000	0
S	0.0142	0	0.0000	0
G	0.0090	0	0.0000	0
I	0.0105	0	0.0000	0
S	0.0967	0	0.0000	0
D	0.0973	0	0.0000	0
G	0.4946	1	0.0000	0
P	0.3839	1	0.0000	0
S	0.2035	0	0.0000	0
V	0.4245	1	0.0000	0
S	0.1751	0	0.0000	0
A	0.0369	0	0.0000	0
L	0.1217	0	0.0000	0
T	0.0258	0	0.0000	0
N	0.0542	0	0.0000	0
G	0.0088	0	0.0000	0
F	0.0065	0	0.0000	0
D	0.0030	0	0.0000	0
T	0.0056	0	0.0000	0
P	0.0028	0	0.0000	0
E	0.0089	0	0.0000	0
E	0.0011	0	0.0000	0
R	0.0638	0	0.0000	0
Y	0.0343	0	0.0000	0
Q	0.0051	0	0.0000	0
K	0.0013	0	0.0000	0
L	0.0001	0	0.0000	0
K	0.0042	0	0.0000	0
K	0.0002	0	0.0000	0
H	0.0003	0	0.0000	0
S	0.0001	0	0.0000	0
M	0.0003	0	0.0000	0
D	0.0024	0	0.0000	0
F	0.0005	0	0.0000	0
L	0.0004	0	0.0000	0
L	0.0002	0	0.0000	0
F	0.0002	0	0.0000	0
Q	0.0170	0	0.0000	0
F	0.0021	0	0.0000	0
G	0.0041	0	0.0000	0
L	0.0031	0	0.0000	0
C	0.0031	0	0.0000	0
T	0.0066	0	0.0000	0
F	0.0085	0	0.0000	0
K	0.0116	0	0.0000	0
Y	0.0393	0	0.0000	0
D	0.0122	0	0.0000	0
Y	0.0353	0	0.0000	0
T	0.0098	0	0.0000	0
D	0.0177	0	0.0000	0
S	0.0186	0	0.0000	0
K	0.0186	0	0.0000	0
Y	0.0044	0	0.0000	0
I	0.0161	0	0.0000	0
T	0.0031	0	0.0000	0
K	0.0708	0	0.0000	0
S	0.0312	0	0.0000	0
F	0.0032	0	0.0000	0
N	0.1053	0	0.0000	0
F	0.0044	0	0.0000	0
Y	0.0248	0	0.0000	0
V	0.0023	0	0.0000	0
F	0.0015	0	0.0000	0
P	0.0035	0	0.0000	0
K	0.0112	0	0.0000	0
P	0.0013	0	0.0000	0
F	0.0007	0	0.0000	0
N	0.0014	0	0.0000	0
R	0.0026	0	0.0000	0
S	0.0016	0	0.0000	0
S	0.0020	0	0.0000	0
P	0.0007	0	0.0000	0
D	0.0007	0	0.0000	0
V	0.0009	0	0.0000	0
K	0.0009	0	0.0000	0
F	0.0008	0	0.0000	0
V	0.0009	0	0.0000	0
C	0.0011	0	0.0000	0
Q	0.0479	0	0.0000	0
S	0.0023	0	0.0000	0
S	0.0030	0	0.0000	0
S	0.0769	0	0.0000	0
I	0.0036	0	0.0000	0
D	0.4257	1	0.0000	0
F	0.0051	0	0.0000	0
L	0.0076	0	0.0000	0
A	0.0039	0	0.0000	0
S	0.2275	0	0.0000	0
Q	0.0213	0	0.0000	0
G	0.0108	0	0.0000	0
F	0.0098	0	0.0000	0
D	0.0083	0	0.0000	0
F	0.0045	0	0.0000	0
N	0.0151	0	0.0000	0
K	0.0148	0	0.0000	0
V	0.0023	0	0.0000	0
F	0.0009	0	0.0000	0
R	0.0052	0	0.0000	0
N	0.0017	0	0.0000	0
G	0.0022	0	0.0000	0
I	0.0025	0	0.0000	0
P	0.0098	0	0.0000	0
Y	0.0112	0	0.0000	0
L	0.0010	0	0.0000	0
N	0.0104	0	0.0000	0
Q	0.0030	0	0.0000	0
E	0.0007	0	0.0000	0
E	0.0005	0	0.0000	0
E	0.0003	0	0.0000	0
R	0.0034	0	0.0000	0
Q	0.0029	0	0.0000	0
L	0.0003	0	0.0000	0
R	0.0787	0	0.0000	0
E	0.0030	0	0.0000	0
Q	0.0040	0	0.0000	0
Y	0.0004	0	0.0000	0
D	0.0037	0	0.0000	0
E	0.0034	0	0.0000	0
K	0.1501	0	0.0000	0
R	0.0988	0	0.0000	0
S	0.0205	0	0.0000	0
Q	0.0234	0	0.0000	0
A	0.0025	0	0.0000	0
N	0.0203	0	0.0000	0
G	0.0178	0	0.0000	0
A	0.0674	0	0.0000	0
G	0.0158	0	0.0000	0
A	0.0197	0	0.0000	0
L	0.0023	0	0.0000	0
S	0.0102	0	0.0000	0
Y	0.0419	0	0.0000	0
V	0.0036	0	0.0000	0
S	0.0067	0	0.0000	0
P	0.0091	0	0.0000	0
N	0.0054	0	0.0000	0
T	0.0064	0	0.0000	0
S	0.0071	0	0.0000	0
K	0.0035	0	0.0000	0
C	0.0009	0	0.0000	0
P	0.0010	0	0.0000	0
V	0.0006	0	0.0000	0
T	0.0007	0	0.0000	0
I	0.0003	0	0.0000	0
P	0.0006	0	0.0000	0
E	0.0006	0	0.0000	0
D	0.0003	0	0.0000	0
Q	0.0002	0	0.0000	0
K	0.0073	0	0.0000	0
K	0.0030	0	0.0000	0
F	0.0007	0	0.0000	0
I	0.0003	0	0.0000	0
D	0.0080	0	0.0000	0
Q	0.0186	0	0.0000	0
V	0.0004	0	0.0000	0
V	0.0005	0	0.0000	0
E	0.0018	0	0.0000	0
K	0.0018	0	0.0000	0
I	0.0002	0	0.0000	0
E	0.0007	0	0.0000	0
D	0.0006	0	0.0000	0
L	0.0004	0	0.0000	0
L	0.0009	0	0.0000	0
Q	0.0446	0	0.0000	0
S	0.0042	0	0.0000	0
E	0.0305	0	0.0000	0
E	0.0051	0	0.0000	0
N	0.0060	0	0.0000	0
K	0.0057	0	0.0000	0
N	0.0398	0	0.0000	0
L	0.0073	0	0.0000	0
D	0.0170	0	0.0000	0
L	0.0047	0	0.0000	0
E	0.0317	0	0.0000	0
P	0.0332	0	0.0000	0
C	0.0648	0	0.0000	0
T	0.5546	1	0.0000	0
G	0.3375	0	0.0000	0
F	0.5670	1	0.0000	0
Q	0.1777	0	0.0000	0
R	0.1582	0	0.0000	0
K	0.3001	0	0.0000	0
L	0.0026	0	0.0000	0
I	0.0020	0	0.0000	0
Y	0.2952	0	0.0000	0
Q	0.0245	0	0.0000	0
T	0.0018	0	0.0000	0
L	0.0006	0	0.0000	0
S	0.0625	0	0.0000	0
W	0.0049	0	0.0000	0
K	0.0006	0	0.0000	0
Y	0.0003	0	0.0000	0
P	0.0007	0	0.0000	0
K	0.0023	0	0.0000	0
G	0.0018	0	0.0000	0
I	0.0018	0	0.0000	0
H	0.0250	0	0.0000	0
V	0.0175	0	0.0000	0
E	0.0240	0	0.0000	0
T	0.0174	0	0.0000	0
L	0.1667	0	0.0000	0
E	0.0118	0	0.0000	0
T	0.0467	0	0.0000	0
E	0.0585	0	0.0000	0
K	0.0502	0	0.0000	0
K	0.0616	0	0.0000	0
E	0.0757	0	0.0000	0
R	0.1051	0	0.0000	0
Y	0.0313	0	0.0000	0
I	0.0005	0	0.0000	0
V	0.0029	0	0.0000	0
I	0.0007	0	0.0000	0
S	0.0044	0	0.0000	0
K	0.0197	0	0.0000	0
V	0.0045	0	0.0000	0
D	0.0054	0	0.0000	0
E	0.0408	0	0.0000	0
E	0.0426	0	0.0000	0
E	0.0389	0	0.0000	0
R	0.1176	0	0.0000	0
K	0.0111	0	0.0000	0
R	0.0063	0	0.0000	0
R	0.0041	0	0.0000	0
E	0.0031	0	0.0000	0
Q	0.0026	0	0.0000	0
Q	0.0019	0	0.0000	0
K	0.0011	0	0.0000	0
H	0.0019	0	0.0000	0
A	0.0005	0	0.0000	0
K	0.0009	0	0.0000	0
E	0.0004	0	0.0000	0
Q	0.0034	0	0.0000	0
E	0.0004	0	0.0000	0
E	0.0003	0	0.0000	0
L	0.0003	0	0.0000	0
N	0.0014	0	0.0000	0
D	0.0015	0	0.0000	0
A	0.0017	0	0.0000	0
V	0.0010	0	0.0000	0
G	0.0005	0	0.0000	0
F	0.0003	0	0.0000	0
S	0.0030	0	0.0000	0
R	0.0016	0	0.0000	0
V	0.0001	0	0.0000	0
I	0.0002	0	0.0000	0
H	0.0009	0	0.0000	0
A	0.0002	0	0.0000	0
I	0.0002	0	0.0000	0
A	0.0007	0	0.0000	0
N	0.0009	0	0.0000	0
S	0.0003	0	0.0000	0
G	0.0015	0	0.0000	0
K	0.0048	0	0.0000	0
L	0.0006	0	0.0000	0
V	0.0017	0	0.0000	0
I	0.0267	0	0.0000	0
G	0.2389	0	0.0000	0
H	0.7071	1	0.0000	0
N	0.7506	1	0.0000	0
M	0.0316	0	0.0000	0
L	0.0123	0	0.0000	0
L	0.0029	0	0.0000	0
D	0.0143	0	0.0000	0
V	0.0004	0	0.0000	0
M	0.0010	0	0.0000	0
H	0.0037	0	0.0000	0
T	0.0003	0	0.0000	0
V	0.0011	0	0.0000	0
H	0.0011	0	0.0000	0
Q	0.0004	0	0.0000	0
F	0.0001	0	0.0000	0
Y	0.0001	0	0.0000	0
C	0.0003	0	0.0000	0
P	0.0014	0	0.0000	0
L	0.0011	0	0.0000	0
P	0.0034	0	0.0000	0
A	0.0112	0	0.0000	0
D	0.0048	0	0.0000	0
L	0.0052	0	0.0000	0
S	0.0009	0	0.0000	0
E	0.0003	0	0.0000	0
F	0.0002	0	0.0000	0
K	0.0009	0	0.0000	0
E	0.0003	0	0.0000	0
M	0.0002	0	0.0000	0
T	0.0001	0	0.0000	0
T	0.0003	0	0.0000	0
C	0.0002	0	0.0000	0
V	0.0002	0	0.0000	0
F	0.0008	0	0.0000	0
P	0.0007	0	0.0000	0
R	0.0013	0	0.0000	0
L	0.0003	0	0.0000	0
L	0.0002	0	0.0000	0
D	0.0033	0	0.0000	0
T	0.0018	0	0.0000	0
K	0.0934	0	0.0000	0
L	0.0069	0	0.0000	0
M	0.0036	0	0.0000	0
A	0.0026	0	0.0000	0
S	0.0177	0	0.0000	0
T	0.0148	0	0.0000	0
Q	0.0253	0	0.0000	0
P	0.0568	0	0.0000	0
F	0.0776	0	0.0000	0
K	0.0113	0	0.0000	0
D	0.0419	0	0.0000	0
I	0.0624	0	0.0000	0
I	0.0425	0	0.0000	0
N	0.2002	0	0.0000	0
N	0.1519	0	0.0000	0
T	0.0581	0	0.0000	0
S	0.0953	0	0.0000	0
L	0.0032	0	0.0000	0
A	0.0066	0	0.0000	0
E	0.0048	0	0.0000	0
L	0.0007	0	0.0000	0
E	0.0005	0	0.0000	0
K	0.0014	0	0.0000	0
R	0.0104	0	0.0000	0
L	0.0004	0	0.0000	0
K	0.0059	0	0.0000	0
E	0.0006	0	0.0000	0
T	0.0004	0	0.0000	0
P	0.0018	0	0.0000	0
F	0.0080	0	0.0000	0
N	0.0101	0	0.0000	0
P	0.0182	0	0.0000	0
P	0.0011	0	0.0000	0
K	0.0067	0	0.0000	0
V	0.0025	0	0.0000	0
E	0.0501	0	0.0000	0
S	0.0253	0	0.0000	0
A	0.0475	0	0.0000	0
E	0.0637	0	0.0000	0
G	0.0995	0	0.0000	0
F	0.1651	0	0.0000	0
P	0.1982	0	0.0000	0
S	0.0797	0	0.0000	0
Y	0.0255	0	0.0000	0
D	0.0048	0	0.0000	0
T	0.0031	0	0.0000	0
A	0.0035	0	0.0000	0
S	0.0032	0	0.0000	0
E	0.0085	0	0.0000	0
Q	0.0358	0	0.0000	0
L	0.0155	0	0.0000	0
H	0.5467	1	0.0000	0
E	0.0213	0	0.0000	0
A	0.0035	0	0.0000	0
G	0.0009	0	0.0000	0
Y	0.0157	0	0.0000	0
D	0.0496	0	0.0000	0
A	0.0026	0	0.0000	0
Y	0.0006	0	0.0000	0
I	0.0005	0	0.0000	0
T	0.0722	0	0.0000	0
G	0.0150	0	0.0000	0
L	0.0046	0	0.0000	0
C	0.0004	0	0.0000	0
F	0.1095	0	0.0000	0
I	0.0043	0	0.0000	0
S	0.0220	0	0.0000	0
M	0.0005	0	0.0000	0
A	0.0003	0	0.0000	0
N	0.0023	0	0.0000	0
Y	0.0004	0	0.0000	0
L	0.0005	0	0.0000	0
G	0.0033	0	0.0000	0
S	0.0063	0	0.0000	0
F	0.0013	0	0.0000	0
L	0.0023	0	0.0000	0
S	0.0021	0	0.0000	0
P	0.0081	0	0.0000	0
P	0.0037	0	0.0000	0
K	0.0242	0	0.0000	0
I	0.0030	0	0.0000	0
H	0.0236	0	0.0000	0
V	0.0214	0	0.0000	0
S	0.1856	0	0.0000	0
A	0.0248	0	0.0000	0
R	0.4151	1	0.0000	0
S	0.0420	0	0.0000	0
K	0.0046	0	0.0000	0
L	0.0445	0	0.0000	0
I	0.0008	0	0.0000	0
E	0.0034	0	0.0000	0
P	0.0168	0	0.0000	0
F	0.0014	0	0.0000	0
F	0.0003	0	0.0000	0
N	0.0026	0	0.0000	0
K	0.0187	0	0.0000	0
L	0.0003	0	0.0000	0
F	0.0010	0	0.0000	0
L	0.0003	0	0.0000	0
M	0.0009	0	0.0000	0
R	0.0058	0	0.0000	0
V	0.0011	0	0.0000	0
M	0.0009	0	0.0000	0
D	0.0011	0	0.0000	0
I	0.0016	0	0.0000	0
P	0.0012	0	0.0000	0
Y	0.0017	0	0.0000	0
L	0.0002	0	0.0000	0
N	0.0023	0	0.0000	0
L	0.0005	0	0.0000	0
E	0.0012	0	0.0000	0
G	0.0029	0	0.0000	0
P	0.0016	0	0.0000	0
D	0.0029	0	0.0000	0
L	0.0219	0	0.0000	0
Q	0.2003	0	0.0000	0
P	0.1873	0	0.0000	0
K	0.4117	1	0.0000	0
R	0.4673	1	0.0000	0
D	0.0752	0	0.0000	0
H	0.0174	0	0.0000	0
V	0.0026	0	0.0000	0
L	0.0005	0	0.0000	0
H	0.0017	0	0.0000	0
V	0.0003	0	0.0000	0
T	0.0011	0	0.0000	0
F	0.0019	0	0.0000	0
P	0.0041	0	0.0000	0
K	0.0057	0	0.0000	0
E	0.0033	0	0.0000	0
W	0.0042	0	0.0000	0
K	0.0200	0	0.0000	0
T	0.0128	0	0.0000	0
S	0.0119	0	0.0000	0
D	0.0013	0	0.0000	0
L	0.0003	0	0.0000	0
Y	0.0028	0	0.0000	0
Q	0.0020	0	0.0000	0
L	0.0004	0	0.0000	0
F	0.0010	0	0.0000	0
S	0.0010	0	0.0000	0
A	0.0016	0	0.0000	0
F	0.0016	0	0.0000	0
G	0.0004	0	0.0000	0
N	0.0007	0	0.0000	0
I	0.0003	0	0.0000	0
Q	0.0070	0	0.0000	0
I	0.0015	0	0.0000	0
S	0.1613	0	0.0000	0
W	0.5591	1	0.0000	0
I	0.0108	0	0.0000	0
D	0.0635	0	0.0000	0
D	0.0364	0	0.0000	0
T	0.0119	0	0.0000	0
S	0.0045	0	0.0000	0
A	0.0006	0	0.0000	0
F	0.0198	0	0.0000	0
V	0.0004	0	0.0000	0
S	0.0057	0	0.0000	0
L	0.0025	0	0.0000	0
S	0.0570	0	0.0000	0
Q	0.2422	0	0.0000	0
P	0.0270	0	0.0000	0
E	0.0025	0	0.0000	0
Q	0.0048	0	0.0000	0
V	0.0002	0	0.0000	0
K	0.0007	0	0.0000	0
I	0.0011	0	0.0000	0
A	0.0008	0	0.0000	0
V	0.0007	0	0.0000	0
N	0.0090	0	0.0000	0
T	0.0054	0	0.0000	0
S	0.0019	0	0.0000	0
K	0.0733	0	0.0000	0
Y	0.1284	0	0.0000	0
A	0.0045	0	0.0000	0
E	0.0085	0	0.0000	0
S	0.0241	0	0.0000	0
Y	0.1401	0	0.0000	0
R	0.7327	1	0.0000	0
I	0.0179	0	0.0000	0
Q	0.4852	1	0.0000	0
T	0.2687	0	0.0000	0
Y	0.6848	1	0.0000	0
A	0.1936	0	0.0000	0
E	0.0599	0	0.0000	0
Y	0.0154	0	0.0000	0
M	0.0878	0	0.0000	0
G	0.0091	0	0.0000	0
R	0.0770	0	0.0000	0
K	0.0220	0	0.0000	0
Q	0.0085	0	0.0000	0
E	0.0028	0	0.0000	0
E	0.0013	0	0.0000	0
K	0.0114	0	0.0000	0
Q	0.0553	0	0.0000	0
I	0.2352	0	0.0000	0
K	0.5669	1	0.0000	0
R	0.5573	1	0.0000	0
K	0.2363	0	0.0000	0
W	0.1691	0	0.0000	0
T	0.0224	0	0.0000	0
E	0.0224	0	0.0000	0
D	0.0267	0	0.0000	0
S	0.0226	0	0.0000	0
W	0.4684	1	0.0000	0
K	0.4259	1	0.0000	0
E	0.0682	0	0.0000	0
A	0.0539	0	0.0000	0
D	0.0603	0	0.0000	0
S	0.1739	0	0.0000	0
K	0.2493	0	0.0000	0
R	0.4432	1	0.0000	0
L	0.0293	0	0.0000	0
N	0.0595	0	0.0000	0
P	0.0197	0	0.0000	0
Q	0.0095	0	0.0000	0
C	0.0058	0	0.0000	0
I	0.0068	0	0.0000	0
P	0.0236	0	0.0000	0
Y	0.0180	0	0.0000	0
T	0.0029	0	0.0000	0
L	0.0058	0	0.0000	0
Q	0.0350	0	0.0000	0
N	0.0085	0	0.0000	0
H	0.0144	0	0.0000	0
Y	0.0104	0	0.0000	0
Y	0.0468	0	0.0000	0
R	0.1613	0	0.0000	0
N	0.0539	0	0.0000	0
N	0.1369	0	0.0000	0
S	0.5462	1	0.0000	0
F	0.5511	1	0.0000	0
T	0.5248	1	0.0000	0
A	0.2158	0	0.0000	0
P	0.2195	0	0.0000	0
S	0.4520	1	0.0000	0
T	0.3619	1	0.0000	0
V	0.4235	1	0.0000	0
G	0.6518	1	0.0000	0
K	0.8332	1	0.0000	0
R	0.8911	1	0.0000	0
N	0.7906	1	0.0000	0
L	0.1175	0	0.0000	0
S	0.0506	0	0.0000	0
P	0.0068	0	0.0000	0
S	0.0015	0	0.0000	0
Q	0.0010	0	0.0000	0
E	0.0014	0	0.0000	0
E	0.0013	0	0.0000	0
A	0.0008	0	0.0000	0
G	0.0008	0	0.0000	0
L	0.0008	0	0.0000	0
E	0.0009	0	0.0000	0
D	0.0008	0	0.0000	0
G	0.0012	0	0.0000	0
V	0.0005	0	0.0000	0
S	0.0003	0	0.0000	0
G	0.0004	0	0.0000	0
E	0.0004	0	0.0000	0
I	0.0003	0	0.0000	0
S	0.0005	0	0.0000	0
D	0.0008	0	0.0000	0
T	0.0007	0	0.0000	0
E	0.0006	0	0.0000	0
L	0.0005	0	0.0000	0
E	0.0015	0	0.0000	0
Q	0.0053	0	0.0000	0
T	0.0072	0	0.0000	0
D	0.0103	0	0.0000	0
S	0.0430	0	0.0000	0
C	0.0474	0	0.0000	0
A	0.0645	0	0.0000	0
E	0.2137	0	0.0000	0
P	0.0603	0	0.0000	0
L	0.1153	0	0.0000	0
S	0.1531	0	0.0000	0
E	0.0733	0	0.0000	0
G	0.0692	0	0.0000	0
R	0.2870	0	0.0000	0
K	0.6106	1	0.0000	0
K	0.6439	1	0.0000	0
A	0.2480	0	0.0000	0
K	0.6547	1	0.0000	0
K	0.5665	1	0.0000	0
L	0.1711	0	0.0000	0
K	0.8666	1	0.0000	0
R	0.7773	1	0.0000	0
M	0.3458	0	0.0000	0
K	0.1687	0	0.0000	0
K	0.0828	0	0.0000	0
E	0.0028	0	0.0000	0
L	0.0015	0	0.0000	0
S	0.0010	0	0.0000	0
P	0.0003	0	0.0000	0
A	0.0002	0	0.0000	0
G	0.0002	0	0.0000	0
S	0.0004	0	0.0000	0
I	0.0005	0	0.0000	0
S	0.0058	0	0.0000	0
K	0.0060	0	0.0000	0
N	0.0055	0	0.0000	0
S	0.0033	0	0.0000	0
P	0.0018	0	0.0000	0
A	0.0059	0	0.0000	0
T	0.0072	0	0.0000	0
L	0.0008	0	0.0000	0
F	0.0020	0	0.0000	0
E	0.0180	0	0.0000	0
V	0.0112	0	0.0000	0
P	0.0034	0	0.0000	0
D	0.1019	0	0.0000	0
T	0.1079	0	0.0000	0
W	0.0905	0	0.0000	0
</pre></body></html>