<html><head></head><body><pre style="word-wrap: break-word; white-space: pre-wrap;">&gt;Q5SJE1
Amino Acid	probability_DNA	binary_DNA	probability_RNA	binary_RNA
M	0.1354	0	0.0012	0
K	0.0717	0	0.0006	0
E	0.0118	0	0.0000	0
G	0.0037	0	0.0000	0
I	0.0043	0	0.0001	0
H	0.3872	1	0.0040	0
P	0.0026	0	0.0000	0
K	0.0005	0	0.0000	0
L	0.0005	0	0.0000	0
V	0.0007	0	0.0000	0
P	0.0002	0	0.0000	0
A	0.0000	0	0.0000	0
R	0.0001	0	0.0000	0
I	0.0001	0	0.0000	0
I	0.0003	0	0.0000	0
C	0.0002	0	0.0000	0
G	0.0047	0	0.0002	0
C	0.0008	0	0.0000	0
G	0.0010	0	0.0000	0
N	0.0019	0	0.0000	0
V	0.0014	0	0.0000	0
I	0.0009	0	0.0000	0
E	0.0019	0	0.0000	0
T	0.0008	0	0.0000	0
Y	0.0036	0	0.0001	0
S	0.0439	0	0.0011	0
T	0.1721	0	0.0074	0
K	0.3420	0	0.0240	0
P	0.0182	0	0.0004	0
E	0.0183	0	0.0008	0
I	0.0035	0	0.0002	0
Y	0.3068	0	0.0351	0
V	0.0105	0	0.0003	0
E	0.3582	1	0.0151	0
V	0.2178	0	0.0062	0
C	0.0162	0	0.0009	0
S	0.3659	1	0.0656	0
K	0.3452	0	0.1059	0
C	0.3256	0	0.1534	1
H	0.4459	1	0.1255	0
P	0.1720	0	0.0184	0
F	0.0181	0	0.0013	0
Y	0.1615	0	0.0557	0
T	0.2951	0	0.2277	1
G	0.1426	0	0.0287	0
Q	0.2999	0	0.0583	0
Q	0.2665	0	0.0286	0
R	0.5229	1	0.0546	0
F	0.0091	0	0.0002	0
V	0.0032	0	0.0002	0
D	0.0101	0	0.0010	0
T	0.3033	0	0.0540	0
E	0.2419	0	0.0553	0
G	0.2846	0	0.0774	0
R	0.7621	1	0.0828	0
V	0.0111	0	0.0003	0
E	0.0596	0	0.0037	0
R	0.7479	1	0.0244	0
F	0.0189	0	0.0004	0
Q	0.0479	0	0.0020	0
R	0.0165	0	0.0004	0
R	0.2858	0	0.0060	0
Y	0.0243	0	0.0002	0
G	0.0096	0	0.0001	0
D	0.0189	0	0.0001	0
S	0.0162	0	0.0000	0
Y	0.0280	0	0.0001	0
R	0.0536	0	0.0000	0
K	0.0472	0	0.0000	0
G	0.0192	0	0.0000	0
R	0.0919	0	0.0001	0
</pre></body></html>