<html><head></head><body><pre style="word-wrap: break-word; white-space: pre-wrap;">&gt;O30917
Amino Acid	probability_DNA	binary_DNA	probability_RNA	binary_RNA
M	0.0069	0	0.0001	0
E	0.0015	0	0.0000	0
S	0.0004	0	0.0000	0
L	0.0001	0	0.0000	0
L	0.0000	0	0.0000	0
N	0.0003	0	0.0000	0
R	0.0004	0	0.0000	0
L	0.0000	0	0.0000	0
Y	0.0000	0	0.0000	0
D	0.0001	0	0.0000	0
A	0.0001	0	0.0000	0
L	0.0000	0	0.0000	0
G	0.0000	0	0.0000	0
L	0.0000	0	0.0000	0
D	0.0001	0	0.0000	0
A	0.0001	0	0.0000	0
P	0.0001	0	0.0000	0
E	0.0001	0	0.0000	0
D	0.0001	0	0.0000	0
E	0.0001	0	0.0000	0
P	0.0001	0	0.0000	0
L	0.0000	0	0.0000	0
L	0.0000	0	0.0000	0
I	0.0000	0	0.0000	0
I	0.0000	0	0.0000	0
D	0.0005	0	0.0000	0
D	0.0009	0	0.0000	0
G	0.0020	0	0.0001	0
I	0.0004	0	0.0000	0
Q	0.0012	0	0.0000	0
V	0.0003	0	0.0000	0
Y	0.0036	0	0.0001	0
F	0.0008	0	0.0000	0
N	0.0016	0	0.0000	0
E	0.0019	0	0.0000	0
S	0.0006	0	0.0000	0
D	0.0007	0	0.0000	0
H	0.0007	0	0.0000	0
T	0.0007	0	0.0000	0
L	0.0004	0	0.0000	0
E	0.0038	0	0.0000	0
M	0.0004	0	0.0000	0
C	0.0002	0	0.0000	0
C	0.0001	0	0.0000	0
P	0.0002	0	0.0000	0
F	0.0002	0	0.0000	0
M	0.0002	0	0.0000	0
P	0.0003	0	0.0000	0
L	0.0004	0	0.0000	0
P	0.0008	0	0.0000	0
D	0.0011	0	0.0000	0
D	0.0015	0	0.0000	0
I	0.0006	0	0.0000	0
L	0.0019	0	0.0001	0
T	0.0019	0	0.0001	0
L	0.0010	0	0.0001	0
Q	0.0075	0	0.0004	0
H	0.0250	0	0.0012	0
F	0.0010	0	0.0000	0
L	0.0017	0	0.0000	0
R	0.3355	0	0.0114	0
L	0.0104	0	0.0001	0
N	0.4505	1	0.0011	0
Y	0.3149	0	0.0006	0
T	0.0117	0	0.0000	0
S	0.0037	0	0.0000	0
A	0.0201	0	0.0001	0
V	0.0025	0	0.0000	0
T	0.0401	0	0.0001	0
I	0.0036	0	0.0000	0
G	0.0114	0	0.0000	0
A	0.0148	0	0.0000	0
D	0.0257	0	0.0001	0
A	0.0197	0	0.0001	0
D	0.0743	0	0.0003	0
N	0.0395	0	0.0002	0
T	0.0080	0	0.0001	0
A	0.0010	0	0.0000	0
L	0.0002	0	0.0000	0
V	0.0001	0	0.0000	0
A	0.0001	0	0.0000	0
L	0.0001	0	0.0000	0
Y	0.0001	0	0.0000	0
R	0.0001	0	0.0000	0
L	0.0000	0	0.0000	0
P	0.0001	0	0.0000	0
Q	0.0001	0	0.0000	0
T	0.0002	0	0.0000	0
S	0.0003	0	0.0000	0
T	0.0004	0	0.0000	0
E	0.0003	0	0.0000	0
E	0.0003	0	0.0000	0
E	0.0004	0	0.0000	0
A	0.0001	0	0.0000	0
L	0.0001	0	0.0000	0
T	0.0001	0	0.0000	0
G	0.0002	0	0.0000	0
F	0.0001	0	0.0000	0
E	0.0007	0	0.0000	0
L	0.0003	0	0.0000	0
F	0.0034	0	0.0000	0
I	0.0004	0	0.0000	0
S	0.0155	0	0.0000	0
N	0.1173	0	0.0000	0
V	0.0010	0	0.0000	0
K	0.0062	0	0.0000	0
Q	0.0019	0	0.0000	0
L	0.0003	0	0.0000	0
K	0.0106	0	0.0000	0
E	0.0006	0	0.0000	0
H	0.0009	0	0.0000	0
Y	0.0022	0	0.0000	0
A	0.0103	0	0.0001	0
</pre></body></html>