<html><head></head><body><pre style="word-wrap: break-word; white-space: pre-wrap;">&gt;Q72JJ7
Amino Acid	probability_DNA	binary_DNA	probability_RNA	binary_RNA
M	0.0004	0	0.0042	0
E	0.0002	0	0.0022	0
N	0.0005	0	0.0037	0
Q	0.0012	0	0.0084	0
E	0.0004	0	0.0019	0
R	0.0061	0	0.0308	0
K	0.0038	0	0.0288	0
P	0.0013	0	0.0092	0
R	0.0080	0	0.0660	0
R	0.0104	0	0.0962	0
R	0.0255	0	0.1700	1
R	0.0390	0	0.2101	1
R	0.0138	0	0.0961	0
R	0.0012	0	0.0109	0
R	0.0059	0	0.0417	0
P	0.0010	0	0.0074	0
Q	0.0007	0	0.0093	0
E	0.0003	0	0.0053	0
G	0.0007	0	0.0085	0
S	0.0002	0	0.0021	0
Q	0.0003	0	0.0020	0
G	0.0001	0	0.0009	0
G	0.0006	0	0.0027	0
P	0.0005	0	0.0028	0
Q	0.0009	0	0.0017	0
D	0.0002	0	0.0003	0
H	0.0001	0	0.0001	0
V	0.0000	0	0.0000	0
E	0.0004	0	0.0011	0
I	0.0000	0	0.0000	0
I	0.0000	0	0.0000	0
P	0.0000	0	0.0001	0
L	0.0000	0	0.0007	0
G	0.0000	0	0.0005	0
G	0.0005	0	0.0029	0
M	0.0003	0	0.0028	0
G	0.0017	0	0.0259	0
E	0.0009	0	0.0152	0
I	0.0030	0	0.0533	0
G	0.0015	0	0.0230	0
K	0.0005	0	0.0035	0
N	0.0020	0	0.0068	0
I	0.0001	0	0.0005	0
T	0.0001	0	0.0003	0
V	0.0001	0	0.0003	0
F	0.0000	0	0.0001	0
R	0.0001	0	0.0004	0
F	0.0001	0	0.0006	0
R	0.0001	0	0.0013	0
D	0.0001	0	0.0006	0
E	0.0001	0	0.0006	0
I	0.0000	0	0.0002	0
F	0.0000	0	0.0001	0
V	0.0001	0	0.0019	0
L	0.0000	0	0.0009	0
D	0.0001	0	0.0051	0
G	0.0000	0	0.0016	0
G	0.0001	0	0.0033	0
L	0.0002	0	0.0039	0
A	0.0082	0	0.0820	0
F	0.0689	0	0.3082	1
P	0.0447	0	0.0810	0
E	0.0300	0	0.0458	0
E	0.0069	0	0.0097	0
G	0.0032	0	0.0037	0
M	0.0011	0	0.0016	0
P	0.0011	0	0.0015	0
G	0.0019	0	0.0041	0
V	0.0005	0	0.0012	0
D	0.0007	0	0.0016	0
L	0.0004	0	0.0008	0
L	0.0003	0	0.0008	0
I	0.0001	0	0.0005	0
P	0.0001	0	0.0004	0
R	0.0006	0	0.0065	0
V	0.0002	0	0.0017	0
D	0.0006	0	0.0045	0
Y	0.0003	0	0.0026	0
L	0.0000	0	0.0003	0
I	0.0001	0	0.0013	0
E	0.0001	0	0.0006	0
H	0.0000	0	0.0003	0
R	0.0000	0	0.0002	0
H	0.0000	0	0.0002	0
K	0.0001	0	0.0013	0
I	0.0000	0	0.0001	0
K	0.0002	0	0.0012	0
A	0.0000	0	0.0002	0
W	0.0000	0	0.0001	0
V	0.0000	0	0.0000	0
L	0.0000	0	0.0004	0
T	0.0004	0	0.0046	0
H	0.0065	0	0.0986	0
G	0.0003	0	0.0013	0
A	0.0038	0	0.0083	0
E	0.0064	0	0.0418	0
D	0.0608	0	0.3299	1
H	0.0083	0	0.0547	0
I	0.0000	0	0.0003	0
G	0.0000	0	0.0007	0
G	0.0000	0	0.0002	0
L	0.0000	0	0.0003	0
P	0.0000	0	0.0002	0
F	0.0000	0	0.0001	0
L	0.0000	0	0.0000	0
L	0.0000	0	0.0000	0
P	0.0001	0	0.0002	0
M	0.0000	0	0.0001	0
I	0.0000	0	0.0000	0
F	0.0000	0	0.0000	0
G	0.0001	0	0.0001	0
K	0.0003	0	0.0003	0
E	0.0004	0	0.0005	0
S	0.0002	0	0.0001	0
P	0.0011	0	0.0011	0
V	0.0002	0	0.0002	0
P	0.0027	0	0.0103	0
I	0.0006	0	0.0029	0
Y	0.1007	0	0.3010	1
G	0.0077	0	0.0209	0
A	0.0440	0	0.0919	0
R	0.2155	0	0.2946	1
L	0.0266	0	0.0369	0
T	0.0193	0	0.0412	0
L	0.0010	0	0.0035	0
G	0.0002	0	0.0009	0
L	0.0000	0	0.0001	0
L	0.0000	0	0.0001	0
R	0.0010	0	0.0065	0
G	0.0001	0	0.0001	0
K	0.0001	0	0.0002	0
L	0.0001	0	0.0002	0
E	0.0004	0	0.0031	0
E	0.0002	0	0.0006	0
F	0.0007	0	0.0028	0
G	0.0005	0	0.0025	0
L	0.0001	0	0.0004	0
R	0.0002	0	0.0017	0
P	0.0001	0	0.0006	0
G	0.0004	0	0.0019	0
A	0.0003	0	0.0021	0
F	0.0001	0	0.0003	0
N	0.0003	0	0.0021	0
L	0.0002	0	0.0011	0
K	0.0019	0	0.0201	0
E	0.0001	0	0.0004	0
I	0.0000	0	0.0001	0
S	0.0000	0	0.0008	0
P	0.0000	0	0.0003	0
D	0.0000	0	0.0005	0
D	0.0000	0	0.0002	0
R	0.0001	0	0.0006	0
I	0.0000	0	0.0001	0
Q	0.0000	0	0.0001	0
V	0.0000	0	0.0000	0
G	0.0001	0	0.0003	0
R	0.0001	0	0.0002	0
Y	0.0000	0	0.0001	0
F	0.0000	0	0.0000	0
T	0.0008	0	0.0021	0
L	0.0000	0	0.0000	0
D	0.0001	0	0.0002	0
L	0.0000	0	0.0001	0
F	0.0001	0	0.0002	0
R	0.0007	0	0.0015	0
M	0.0005	0	0.0018	0
T	0.0001	0	0.0015	0
H	0.0032	0	0.0388	0
S	0.0004	0	0.0023	0
I	0.0007	0	0.0041	0
P	0.0002	0	0.0012	0
D	0.0001	0	0.0008	0
N	0.0001	0	0.0004	0
S	0.0000	0	0.0001	0
G	0.0000	0	0.0001	0
V	0.0000	0	0.0000	0
V	0.0000	0	0.0000	0
I	0.0000	0	0.0000	0
R	0.0000	0	0.0002	0
T	0.0000	0	0.0001	0
P	0.0000	0	0.0002	0
I	0.0000	0	0.0001	0
G	0.0000	0	0.0003	0
T	0.0000	0	0.0000	0
I	0.0000	0	0.0000	0
V	0.0000	0	0.0000	0
H	0.0000	0	0.0002	0
T	0.0004	0	0.0053	0
G	0.0012	0	0.0195	0
D	0.0128	0	0.1787	1
F	0.0005	0	0.0062	0
K	0.0047	0	0.0221	0
L	0.0010	0	0.0025	0
D	0.0001	0	0.0003	0
P	0.0003	0	0.0010	0
T	0.0001	0	0.0002	0
P	0.0001	0	0.0002	0
I	0.0000	0	0.0002	0
D	0.0000	0	0.0001	0
G	0.0000	0	0.0002	0
K	0.0001	0	0.0002	0
V	0.0001	0	0.0002	0
S	0.0000	0	0.0001	0
H	0.0001	0	0.0003	0
L	0.0002	0	0.0006	0
A	0.0000	0	0.0001	0
K	0.0000	0	0.0001	0
V	0.0000	0	0.0000	0
A	0.0000	0	0.0001	0
Q	0.0000	0	0.0001	0
A	0.0000	0	0.0000	0
G	0.0000	0	0.0001	0
A	0.0000	0	0.0004	0
E	0.0000	0	0.0002	0
G	0.0001	0	0.0017	0
V	0.0000	0	0.0001	0
L	0.0001	0	0.0006	0
L	0.0000	0	0.0001	0
L	0.0000	0	0.0001	0
I	0.0000	0	0.0003	0
A	0.0002	0	0.0011	0
D	0.0515	0	0.2206	1
A	0.1609	0	0.4439	1
T	0.2379	0	0.4828	1
N	0.1843	0	0.5282	1
A	0.0098	0	0.0850	0
E	0.0082	0	0.1341	0
R	0.0335	0	0.3679	1
P	0.0224	0	0.2162	1
G	0.0672	0	0.3720	1
Y	0.1093	0	0.6181	1
T	0.0398	0	0.2858	1
P	0.0130	0	0.1297	0
S	0.0080	0	0.1182	0
E	0.0047	0	0.0510	0
M	0.0008	0	0.0075	0
E	0.0001	0	0.0013	0
I	0.0000	0	0.0002	0
A	0.0000	0	0.0001	0
K	0.0000	0	0.0004	0
E	0.0000	0	0.0000	0
L	0.0000	0	0.0000	0
D	0.0000	0	0.0001	0
R	0.0000	0	0.0004	0
V	0.0000	0	0.0000	0
I	0.0000	0	0.0001	0
G	0.0000	0	0.0003	0
R	0.0000	0	0.0003	0
A	0.0000	0	0.0004	0
P	0.0000	0	0.0011	0
G	0.0000	0	0.0007	0
R	0.0000	0	0.0059	0
V	0.0000	0	0.0004	0
F	0.0000	0	0.0008	0
V	0.0000	0	0.0005	0
T	0.0000	0	0.0037	0
T	0.0007	0	0.0279	0
F	0.0180	0	0.2920	1
A	0.0279	0	0.3474	1
S	0.0103	0	0.2011	1
H	0.0161	0	0.2524	1
I	0.0003	0	0.0088	0
H	0.0004	0	0.0105	0
R	0.0142	0	0.4173	1
I	0.0000	0	0.0010	0
Q	0.0000	0	0.0027	0
S	0.0000	0	0.0012	0
V	0.0000	0	0.0001	0
I	0.0000	0	0.0004	0
W	0.0000	0	0.0004	0
A	0.0000	0	0.0001	0
A	0.0000	0	0.0003	0
E	0.0000	0	0.0027	0
K	0.0000	0	0.0057	0
Y	0.0000	0	0.0108	0
G	0.0000	0	0.0009	0
R	0.0000	0	0.0021	0
K	0.0000	0	0.0092	0
V	0.0000	0	0.0012	0
A	0.0000	0	0.0028	0
M	0.0001	0	0.0072	0
E	0.0011	0	0.0793	0
G	0.0098	0	0.3563	1
R	0.0457	0	0.6127	1
S	0.0307	0	0.4044	1
M	0.0027	0	0.0960	0
L	0.0022	0	0.0636	0
K	0.0052	0	0.2161	1
F	0.0000	0	0.0024	0
S	0.0000	0	0.0022	0
R	0.0002	0	0.0398	0
I	0.0000	0	0.0035	0
A	0.0000	0	0.0016	0
L	0.0001	0	0.0192	0
E	0.0002	0	0.0271	0
L	0.0000	0	0.0051	0
G	0.0000	0	0.0035	0
Y	0.0000	0	0.0019	0
L	0.0000	0	0.0011	0
K	0.0000	0	0.0049	0
V	0.0000	0	0.0006	0
K	0.0000	0	0.0016	0
D	0.0000	0	0.0006	0
R	0.0000	0	0.0007	0
L	0.0000	0	0.0004	0
Y	0.0000	0	0.0005	0
T	0.0000	0	0.0007	0
L	0.0000	0	0.0004	0
E	0.0000	0	0.0019	0
E	0.0000	0	0.0005	0
V	0.0000	0	0.0002	0
K	0.0000	0	0.0006	0
D	0.0000	0	0.0005	0
L	0.0000	0	0.0003	0
P	0.0000	0	0.0003	0
D	0.0000	0	0.0015	0
H	0.0000	0	0.0057	0
Q	0.0000	0	0.0015	0
V	0.0000	0	0.0002	0
L	0.0000	0	0.0006	0
I	0.0000	0	0.0012	0
L	0.0000	0	0.0024	0
A	0.0000	0	0.0075	0
T	0.0014	0	0.2115	1
G	0.0049	0	0.2381	1
S	0.0182	0	0.4035	1
Q	0.0042	0	0.2290	1
G	0.0005	0	0.0486	0
Q	0.0057	0	0.2659	1
P	0.0216	0	0.4035	1
M	0.0513	0	0.5160	1
S	0.0019	0	0.0515	0
V	0.0005	0	0.0199	0
L	0.0000	0	0.0009	0
H	0.0001	0	0.0042	0
R	0.0005	0	0.0434	0
L	0.0000	0	0.0005	0
A	0.0000	0	0.0002	0
F	0.0001	0	0.0112	0
E	0.0000	0	0.0014	0
G	0.0000	0	0.0013	0
H	0.0000	0	0.0038	0
A	0.0003	0	0.0188	0
K	0.0001	0	0.0036	0
M	0.0000	0	0.0007	0
A	0.0000	0	0.0023	0
I	0.0000	0	0.0006	0
K	0.0001	0	0.0085	0
P	0.0001	0	0.0086	0
G	0.0001	0	0.0034	0
D	0.0000	0	0.0011	0
T	0.0000	0	0.0011	0
V	0.0000	0	0.0007	0
I	0.0000	0	0.0007	0
L	0.0000	0	0.0006	0
S	0.0001	0	0.0025	0
S	0.0003	0	0.0088	0
S	0.0127	0	0.1407	0
P	0.0018	0	0.0177	0
I	0.0095	0	0.1075	0
P	0.0077	0	0.0969	0
G	0.0150	0	0.1689	1
N	0.0053	0	0.0783	0
E	0.0025	0	0.0380	0
E	0.0013	0	0.0227	0
A	0.0001	0	0.0019	0
V	0.0000	0	0.0004	0
N	0.0001	0	0.0028	0
R	0.0002	0	0.0092	0
V	0.0000	0	0.0003	0
I	0.0000	0	0.0006	0
N	0.0002	0	0.0144	0
R	0.0002	0	0.0090	0
L	0.0000	0	0.0002	0
Y	0.0000	0	0.0009	0
A	0.0000	0	0.0031	0
L	0.0000	0	0.0002	0
G	0.0000	0	0.0003	0
A	0.0000	0	0.0001	0
Y	0.0000	0	0.0006	0
V	0.0000	0	0.0003	0
L	0.0000	0	0.0008	0
Y	0.0001	0	0.0041	0
P	0.0001	0	0.0045	0
P	0.0004	0	0.0156	0
T	0.0002	0	0.0066	0
Y	0.0001	0	0.0036	0
K	0.0003	0	0.0219	0
V	0.0001	0	0.0015	0
H	0.0018	0	0.0531	0
A	0.0011	0	0.0185	0
S	0.0192	0	0.4480	1
G	0.0111	0	0.2639	1
H	0.0185	0	0.3308	1
A	0.0001	0	0.0006	0
S	0.0000	0	0.0002	0
Q	0.0002	0	0.0027	0
E	0.0001	0	0.0031	0
E	0.0000	0	0.0011	0
L	0.0000	0	0.0008	0
K	0.0000	0	0.0043	0
L	0.0000	0	0.0070	0
I	0.0000	0	0.0002	0
L	0.0000	0	0.0010	0
N	0.0000	0	0.0014	0
L	0.0000	0	0.0002	0
T	0.0000	0	0.0002	0
T	0.0003	0	0.0761	0
P	0.0000	0	0.0007	0
R	0.0000	0	0.0017	0
F	0.0001	0	0.0069	0
F	0.0000	0	0.0007	0
L	0.0000	0	0.0027	0
P	0.0000	0	0.0037	0
W	0.0001	0	0.0264	0
H	0.0062	0	0.4749	1
G	0.0024	0	0.1183	0
E	0.0305	0	0.4848	1
V	0.0165	0	0.3260	1
R	0.0358	0	0.3857	1
H	0.0006	0	0.0150	0
Q	0.0000	0	0.0016	0
M	0.0000	0	0.0024	0
N	0.0000	0	0.0005	0
F	0.0000	0	0.0002	0
K	0.0000	0	0.0001	0
W	0.0000	0	0.0001	0
L	0.0000	0	0.0000	0
A	0.0000	0	0.0001	0
E	0.0000	0	0.0003	0
S	0.0000	0	0.0003	0
M	0.0000	0	0.0001	0
S	0.0000	0	0.0003	0
R	0.0001	0	0.0016	0
P	0.0000	0	0.0009	0
P	0.0000	0	0.0015	0
E	0.0001	0	0.0013	0
K	0.0002	0	0.0043	0
T	0.0000	0	0.0001	0
L	0.0000	0	0.0003	0
I	0.0000	0	0.0003	0
G	0.0000	0	0.0002	0
E	0.0002	0	0.0372	0
N	0.0002	0	0.0339	0
G	0.0000	0	0.0076	0
A	0.0001	0	0.0022	0
V	0.0002	0	0.0039	0
Y	0.0000	0	0.0001	0
R	0.0000	0	0.0005	0
L	0.0000	0	0.0000	0
T	0.0000	0	0.0001	0
R	0.0000	0	0.0001	0
E	0.0000	0	0.0005	0
T	0.0000	0	0.0004	0
F	0.0000	0	0.0001	0
E	0.0000	0	0.0010	0
K	0.0000	0	0.0018	0
V	0.0000	0	0.0011	0
G	0.0000	0	0.0007	0
E	0.0003	0	0.0109	0
V	0.0002	0	0.0030	0
P	0.0002	0	0.0122	0
H	0.0001	0	0.0123	0
G	0.0000	0	0.0064	0
V	0.0001	0	0.0042	0
L	0.0000	0	0.0027	0
Y	0.0000	0	0.0011	0
V	0.0000	0	0.0002	0
D	0.0000	0	0.0029	0
G	0.0003	0	0.0147	0
L	0.0005	0	0.0178	0
G	0.0003	0	0.0104	0
V	0.0015	0	0.0540	0
G	0.0012	0	0.0395	0
D	0.0003	0	0.0135	0
I	0.0001	0	0.0070	0
T	0.0002	0	0.0260	0
E	0.0001	0	0.0056	0
E	0.0000	0	0.0029	0
I	0.0000	0	0.0028	0
L	0.0000	0	0.0002	0
A	0.0000	0	0.0052	0
D	0.0001	0	0.0077	0
R	0.0222	0	0.4240	1
R	0.0015	0	0.0561	0
H	0.0001	0	0.0011	0
M	0.0001	0	0.0020	0
A	0.0014	0	0.0438	0
E	0.0002	0	0.0063	0
E	0.0000	0	0.0006	0
G	0.0000	0	0.0002	0
L	0.0000	0	0.0002	0
V	0.0000	0	0.0001	0
V	0.0000	0	0.0005	0
I	0.0000	0	0.0001	0
T	0.0000	0	0.0003	0
A	0.0000	0	0.0001	0
L	0.0000	0	0.0005	0
A	0.0000	0	0.0002	0
G	0.0000	0	0.0013	0
E	0.0001	0	0.0034	0
D	0.0001	0	0.0013	0
P	0.0000	0	0.0009	0
V	0.0001	0	0.0016	0
V	0.0000	0	0.0009	0
E	0.0001	0	0.0083	0
V	0.0000	0	0.0021	0
V	0.0008	0	0.0565	0
S	0.0005	0	0.0498	0
R	0.0052	0	0.2932	1
G	0.0002	0	0.0131	0
F	0.0001	0	0.0016	0
V	0.0001	0	0.0020	0
K	0.0002	0	0.0100	0
A	0.0000	0	0.0010	0
G	0.0000	0	0.0005	0
E	0.0001	0	0.0036	0
R	0.0004	0	0.0093	0
L	0.0000	0	0.0006	0
L	0.0000	0	0.0003	0
G	0.0000	0	0.0026	0
E	0.0000	0	0.0005	0
V	0.0000	0	0.0001	0
R	0.0000	0	0.0012	0
R	0.0000	0	0.0012	0
M	0.0000	0	0.0001	0
A	0.0000	0	0.0000	0
L	0.0000	0	0.0003	0
E	0.0000	0	0.0011	0
A	0.0000	0	0.0001	0
L	0.0000	0	0.0001	0
K	0.0000	0	0.0011	0
N	0.0000	0	0.0010	0
G	0.0000	0	0.0002	0
V	0.0000	0	0.0001	0
R	0.0000	0	0.0008	0
E	0.0000	0	0.0004	0
K	0.0001	0	0.0025	0
K	0.0001	0	0.0027	0
P	0.0001	0	0.0029	0
L	0.0001	0	0.0097	0
E	0.0002	0	0.0113	0
R	0.0001	0	0.0109	0
I	0.0000	0	0.0002	0
R	0.0011	0	0.1019	0
D	0.0009	0	0.1066	0
D	0.0002	0	0.0113	0
I	0.0000	0	0.0008	0
Y	0.0105	0	0.3910	1
Y	0.0280	0	0.4954	1
P	0.0018	0	0.0549	0
V	0.0001	0	0.0028	0
K	0.0151	0	0.3731	1
K	0.0989	0	0.7129	1
F	0.0035	0	0.1134	0
L	0.0000	0	0.0030	0
K	0.0182	0	0.4660	1
K	0.0070	0	0.2514	1
A	0.0010	0	0.0451	0
T	0.0004	0	0.0357	0
G	0.0017	0	0.2519	1
R	0.0048	0	0.5197	1
D	0.0033	0	0.2625	1
P	0.0001	0	0.0072	0
M	0.0000	0	0.0054	0
I	0.0001	0	0.0137	0
L	0.0004	0	0.0482	0
P	0.0001	0	0.0067	0
V	0.0001	0	0.0081	0
V	0.0001	0	0.0067	0
I	0.0004	0	0.0565	0
E	0.0018	0	0.1148	0
G	0.0065	0	0.1324	0
</pre></body></html>