<html><head></head><body><pre style="word-wrap: break-word; white-space: pre-wrap;">&gt;P62495
Amino Acid	probability_DNA	binary_DNA	probability_RNA	binary_RNA
M	0.0949	0	0.0000	0
A	0.0119	0	0.0000	0
D	0.0067	0	0.0000	0
D	0.0029	0	0.0000	0
P	0.0019	0	0.0000	0
S	0.0016	0	0.0000	0
A	0.0014	0	0.0000	0
A	0.0016	0	0.0000	0
D	0.0064	0	0.0000	0
R	0.0120	0	0.0000	0
N	0.0120	0	0.0000	0
V	0.0056	0	0.0000	0
E	0.0031	0	0.0000	0
I	0.0102	0	0.0000	0
W	0.1161	0	0.0001	0
K	0.0015	0	0.0000	0
I	0.0002	0	0.0000	0
K	0.0178	0	0.0000	0
K	0.0010	0	0.0000	0
L	0.0001	0	0.0000	0
I	0.0002	0	0.0000	0
K	0.0003	0	0.0000	0
S	0.0001	0	0.0000	0
L	0.0001	0	0.0000	0
E	0.0007	0	0.0000	0
A	0.0005	0	0.0000	0
A	0.0008	0	0.0000	0
R	0.0282	0	0.0001	0
G	0.0052	0	0.0000	0
N	0.0016	0	0.0000	0
G	0.0066	0	0.0000	0
T	0.0074	0	0.0000	0
S	0.0039	0	0.0000	0
M	0.0236	0	0.0000	0
I	0.0005	0	0.0000	0
S	0.0198	0	0.0001	0
L	0.0010	0	0.0000	0
I	0.0516	0	0.0005	0
I	0.0009	0	0.0000	0
P	0.0074	0	0.0000	0
P	0.0360	0	0.0001	0
K	0.0415	0	0.0001	0
D	0.0134	0	0.0000	0
Q	0.0212	0	0.0000	0
I	0.0085	0	0.0000	0
S	0.0038	0	0.0000	0
R	0.0039	0	0.0000	0
V	0.0007	0	0.0000	0
A	0.0017	0	0.0000	0
K	0.0066	0	0.0000	0
M	0.0011	0	0.0000	0
L	0.0001	0	0.0000	0
A	0.0040	0	0.0001	0
D	0.0006	0	0.0000	0
E	0.0008	0	0.0000	0
F	0.0038	0	0.0000	0
G	0.0128	0	0.0001	0
T	0.0476	0	0.0002	0
A	0.0005	0	0.0000	0
S	0.0008	0	0.0000	0
N	0.0034	0	0.0000	0
I	0.0080	0	0.0000	0
K	0.3052	0	0.0007	0
S	0.2288	0	0.0001	0
R	0.6572	1	0.0003	0
V	0.4331	1	0.0001	0
N	0.0898	0	0.0000	0
R	0.4797	1	0.0001	0
L	0.0029	0	0.0000	0
S	0.0009	0	0.0000	0
V	0.0003	0	0.0000	0
L	0.0002	0	0.0000	0
G	0.0003	0	0.0000	0
A	0.0001	0	0.0000	0
I	0.0000	0	0.0000	0
T	0.0001	0	0.0000	0
S	0.0005	0	0.0000	0
V	0.0001	0	0.0000	0
Q	0.0002	0	0.0000	0
Q	0.0004	0	0.0000	0
R	0.0020	0	0.0000	0
L	0.0001	0	0.0000	0
K	0.0021	0	0.0000	0
L	0.0003	0	0.0000	0
Y	0.0005	0	0.0000	0
N	0.0016	0	0.0000	0
K	0.0056	0	0.0000	0
V	0.0015	0	0.0000	0
P	0.0009	0	0.0000	0
P	0.0025	0	0.0000	0
N	0.0146	0	0.0006	0
G	0.0007	0	0.0000	0
L	0.0007	0	0.0000	0
V	0.0003	0	0.0000	0
V	0.0002	0	0.0000	0
Y	0.0002	0	0.0000	0
C	0.0002	0	0.0000	0
G	0.0003	0	0.0000	0
T	0.0007	0	0.0000	0
I	0.0011	0	0.0000	0
V	0.0009	0	0.0000	0
T	0.0006	0	0.0000	0
E	0.0007	0	0.0000	0
E	0.0007	0	0.0000	0
G	0.0013	0	0.0000	0
K	0.0061	0	0.0000	0
E	0.0040	0	0.0000	0
K	0.0110	0	0.0000	0
K	0.0314	0	0.0000	0
V	0.0015	0	0.0000	0
N	0.0069	0	0.0000	0
I	0.0005	0	0.0000	0
D	0.0002	0	0.0000	0
F	0.0001	0	0.0000	0
E	0.0008	0	0.0000	0
P	0.0002	0	0.0000	0
F	0.0001	0	0.0000	0
K	0.0005	0	0.0000	0
P	0.0007	0	0.0000	0
I	0.0008	0	0.0000	0
N	0.0043	0	0.0000	0
T	0.0166	0	0.0000	0
S	0.0328	0	0.0000	0
L	0.0232	0	0.0000	0
Y	0.0491	0	0.0000	0
L	0.0068	0	0.0000	0
C	0.0024	0	0.0000	0
D	0.0140	0	0.0000	0
N	0.0104	0	0.0000	0
K	0.0060	0	0.0000	0
F	0.0006	0	0.0000	0
H	0.0007	0	0.0000	0
T	0.0002	0	0.0000	0
E	0.0002	0	0.0000	0
A	0.0001	0	0.0000	0
L	0.0000	0	0.0000	0
T	0.0001	0	0.0000	0
A	0.0000	0	0.0000	0
L	0.0000	0	0.0000	0
L	0.0001	0	0.0000	0
S	0.0001	0	0.0000	0
D	0.0001	0	0.0000	0
D	0.0001	0	0.0000	0
S	0.0001	0	0.0000	0
K	0.0002	0	0.0000	0
F	0.0001	0	0.0000	0
G	0.0000	0	0.0000	0
F	0.0000	0	0.0000	0
I	0.0000	0	0.0000	0
V	0.0001	0	0.0000	0
I	0.0002	0	0.0000	0
D	0.0042	0	0.0000	0
G	0.0377	0	0.0003	0
S	0.0678	0	0.0010	0
G	0.0267	0	0.0004	0
A	0.0008	0	0.0000	0
L	0.0010	0	0.0000	0
F	0.0002	0	0.0000	0
G	0.0002	0	0.0000	0
T	0.0002	0	0.0000	0
L	0.0002	0	0.0000	0
Q	0.0004	0	0.0000	0
G	0.0002	0	0.0000	0
N	0.0006	0	0.0000	0
T	0.0005	0	0.0000	0
R	0.0007	0	0.0000	0
E	0.0004	0	0.0000	0
V	0.0009	0	0.0000	0
L	0.0028	0	0.0000	0
H	0.0013	0	0.0000	0
K	0.0174	0	0.0004	0
F	0.0024	0	0.0000	0
T	0.0255	0	0.0012	0
V	0.0210	0	0.0007	0
D	0.0266	0	0.0025	0
L	0.0353	0	0.0017	0
P	0.1979	0	0.0501	0
K	0.6147	1	0.1881	1
K	0.4801	1	0.1068	0
H	0.5221	1	0.0354	0
G	0.0929	0	0.0036	0
R	0.3769	1	0.0296	0
G	0.2131	0	0.0140	0
G	0.4602	1	0.0926	0
Q	0.3667	1	0.0456	0
S	0.2876	0	0.0074	0
A	0.3219	0	0.0089	0
L	0.4034	1	0.0164	0
R	0.9133	1	0.0351	0
F	0.1024	0	0.0010	0
A	0.0783	0	0.0015	0
R	0.7683	1	0.0645	0
L	0.4254	1	0.0249	0
R	0.3742	1	0.0084	0
M	0.0087	0	0.0001	0
E	0.0424	0	0.0006	0
K	0.0295	0	0.0002	0
R	0.0258	0	0.0005	0
H	0.0140	0	0.0004	0
N	0.0133	0	0.0003	0
Y	0.0049	0	0.0000	0
V	0.0002	0	0.0000	0
R	0.0248	0	0.0004	0
K	0.0230	0	0.0003	0
V	0.0001	0	0.0000	0
A	0.0001	0	0.0000	0
E	0.0014	0	0.0000	0
T	0.0004	0	0.0000	0
A	0.0001	0	0.0000	0
V	0.0004	0	0.0000	0
Q	0.0022	0	0.0000	0
L	0.0001	0	0.0000	0
F	0.0001	0	0.0000	0
I	0.0003	0	0.0000	0
S	0.0007	0	0.0000	0
G	0.0016	0	0.0000	0
D	0.0005	0	0.0000	0
K	0.0033	0	0.0000	0
V	0.0005	0	0.0000	0
N	0.0003	0	0.0000	0
V	0.0001	0	0.0000	0
A	0.0001	0	0.0000	0
G	0.0001	0	0.0000	0
L	0.0000	0	0.0000	0
V	0.0001	0	0.0000	0
L	0.0005	0	0.0000	0
A	0.0116	0	0.0003	0
G	0.4293	1	0.0270	0
S	0.5348	1	0.0130	0
A	0.2598	0	0.0006	0
D	0.0478	0	0.0000	0
F	0.0017	0	0.0000	0
K	0.0605	0	0.0001	0
T	0.0013	0	0.0000	0
E	0.0002	0	0.0000	0
L	0.0000	0	0.0000	0
S	0.0001	0	0.0000	0
Q	0.0002	0	0.0000	0
S	0.0003	0	0.0000	0
D	0.0003	0	0.0000	0
M	0.0005	0	0.0000	0
F	0.0001	0	0.0000	0
D	0.0005	0	0.0000	0
Q	0.0079	0	0.0000	0
R	0.0194	0	0.0000	0
L	0.0012	0	0.0000	0
Q	0.0010	0	0.0000	0
S	0.0001	0	0.0000	0
K	0.0003	0	0.0000	0
V	0.0003	0	0.0000	0
L	0.0002	0	0.0000	0
K	0.0006	0	0.0000	0
L	0.0043	0	0.0000	0
V	0.0010	0	0.0000	0
D	0.0026	0	0.0000	0
I	0.0013	0	0.0000	0
S	0.0102	0	0.0000	0
Y	0.0542	0	0.0004	0
G	0.0058	0	0.0001	0
G	0.0065	0	0.0001	0
E	0.0035	0	0.0001	0
N	0.0308	0	0.0006	0
G	0.0658	0	0.0012	0
F	0.0004	0	0.0000	0
N	0.0089	0	0.0003	0
Q	0.0052	0	0.0002	0
A	0.0001	0	0.0000	0
I	0.0001	0	0.0000	0
E	0.0002	0	0.0000	0
L	0.0003	0	0.0000	0
S	0.0000	0	0.0000	0
T	0.0000	0	0.0000	0
E	0.0001	0	0.0000	0
V	0.0001	0	0.0000	0
L	0.0001	0	0.0000	0
S	0.0005	0	0.0000	0
N	0.0011	0	0.0000	0
V	0.0032	0	0.0000	0
K	0.1067	0	0.0003	0
F	0.0393	0	0.0001	0
I	0.0091	0	0.0000	0
Q	0.0068	0	0.0000	0
E	0.0003	0	0.0000	0
K	0.0009	0	0.0000	0
K	0.0020	0	0.0000	0
L	0.0001	0	0.0000	0
I	0.0001	0	0.0000	0
G	0.0002	0	0.0000	0
R	0.0003	0	0.0000	0
Y	0.0001	0	0.0000	0
F	0.0003	0	0.0000	0
D	0.0002	0	0.0000	0
E	0.0001	0	0.0000	0
I	0.0002	0	0.0000	0
S	0.0003	0	0.0000	0
Q	0.0004	0	0.0000	0
D	0.0004	0	0.0000	0
T	0.0003	0	0.0000	0
G	0.0006	0	0.0000	0
K	0.0010	0	0.0000	0
Y	0.0007	0	0.0000	0
C	0.0005	0	0.0000	0
F	0.0941	0	0.0011	0
G	0.0007	0	0.0000	0
V	0.0018	0	0.0000	0
E	0.0458	0	0.0010	0
D	0.0290	0	0.0003	0
T	0.0018	0	0.0000	0
L	0.0020	0	0.0000	0
K	0.0193	0	0.0005	0
A	0.0024	0	0.0000	0
L	0.0022	0	0.0000	0
E	0.0051	0	0.0001	0
M	0.0027	0	0.0000	0
G	0.0009	0	0.0000	0
A	0.0031	0	0.0000	0
V	0.0011	0	0.0000	0
E	0.0552	0	0.0001	0
I	0.0216	0	0.0000	0
L	0.0003	0	0.0000	0
I	0.0004	0	0.0000	0
V	0.0006	0	0.0000	0
Y	0.0014	0	0.0000	0
E	0.0188	0	0.0000	0
N	0.0285	0	0.0001	0
L	0.0177	0	0.0001	0
D	0.1231	0	0.0005	0
I	0.0597	0	0.0003	0
M	0.0702	0	0.0005	0
R	0.1972	0	0.0013	0
Y	0.0227	0	0.0001	0
V	0.0292	0	0.0001	0
L	0.0041	0	0.0000	0
H	0.2028	0	0.0023	0
C	0.0086	0	0.0000	0
Q	0.0540	0	0.0003	0
G	0.0532	0	0.0002	0
T	0.0254	0	0.0001	0
E	0.0125	0	0.0000	0
E	0.0046	0	0.0000	0
E	0.0026	0	0.0000	0
K	0.0120	0	0.0000	0
I	0.0062	0	0.0000	0
L	0.0045	0	0.0000	0
Y	0.0143	0	0.0000	0
L	0.0014	0	0.0000	0
T	0.0083	0	0.0000	0
P	0.0070	0	0.0000	0
E	0.0027	0	0.0000	0
Q	0.0007	0	0.0000	0
E	0.0005	0	0.0000	0
K	0.0011	0	0.0000	0
D	0.0016	0	0.0000	0
K	0.0060	0	0.0000	0
S	0.0079	0	0.0000	0
H	0.0091	0	0.0000	0
F	0.0032	0	0.0000	0
T	0.0088	0	0.0000	0
D	0.0025	0	0.0000	0
K	0.0056	0	0.0000	0
E	0.0046	0	0.0000	0
T	0.0025	0	0.0000	0
G	0.0017	0	0.0000	0
Q	0.0015	0	0.0000	0
E	0.0018	0	0.0000	0
H	0.0009	0	0.0000	0
E	0.0010	0	0.0000	0
L	0.0008	0	0.0000	0
I	0.0015	0	0.0000	0
E	0.0011	0	0.0000	0
S	0.0022	0	0.0000	0
M	0.0011	0	0.0000	0
P	0.0007	0	0.0000	0
L	0.0015	0	0.0000	0
L	0.0030	0	0.0002	0
E	0.0107	0	0.0006	0
W	0.0028	0	0.0001	0
F	0.0007	0	0.0000	0
A	0.0016	0	0.0000	0
N	0.0016	0	0.0000	0
N	0.0003	0	0.0000	0
Y	0.0027	0	0.0000	0
K	0.0232	0	0.0002	0
K	0.0077	0	0.0000	0
F	0.0023	0	0.0000	0
G	0.0226	0	0.0002	0
A	0.0024	0	0.0000	0
T	0.0142	0	0.0001	0
L	0.0011	0	0.0000	0
E	0.0081	0	0.0000	0
I	0.0023	0	0.0000	0
V	0.0016	0	0.0000	0
T	0.0573	0	0.0000	0
D	0.1100	0	0.0000	0
K	0.0191	0	0.0000	0
S	0.0027	0	0.0000	0
Q	0.0003	0	0.0000	0
E	0.0004	0	0.0000	0
G	0.0006	0	0.0000	0
S	0.0001	0	0.0000	0
Q	0.0005	0	0.0000	0
F	0.0001	0	0.0000	0
V	0.0004	0	0.0000	0
K	0.0017	0	0.0000	0
G	0.0027	0	0.0000	0
F	0.0064	0	0.0000	0
G	0.0028	0	0.0000	0
G	0.0277	0	0.0008	0
I	0.0111	0	0.0004	0
G	0.0087	0	0.0001	0
G	0.0317	0	0.0005	0
I	0.0080	0	0.0000	0
L	0.0016	0	0.0000	0
R	0.3676	1	0.0000	0
Y	0.0989	0	0.0000	0
R	0.0150	0	0.0000	0
V	0.0039	0	0.0000	0
D	0.0025	0	0.0000	0
F	0.0010	0	0.0000	0
Q	0.0007	0	0.0000	0
G	0.0010	0	0.0000	0
M	0.0009	0	0.0000	0
E	0.0005	0	0.0000	0
Y	0.0006	0	0.0000	0
Q	0.0004	0	0.0000	0
G	0.0003	0	0.0000	0
G	0.0002	0	0.0000	0
D	0.0002	0	0.0000	0
D	0.0001	0	0.0000	0
E	0.0002	0	0.0000	0
F	0.0002	0	0.0000	0
F	0.0001	0	0.0000	0
D	0.0003	0	0.0000	0
L	0.0003	0	0.0000	0
D	0.0006	0	0.0000	0
D	0.0017	0	0.0000	0
Y	0.0413	0	0.0001	0
</pre></body></html>