<html><head></head><body><pre style="word-wrap: break-word; white-space: pre-wrap;">&gt;P0A8M3
Amino Acid	probability_DNA	binary_DNA	probability_RNA	binary_RNA
M	0.0163	0	0.4810	1
P	0.0002	0	0.0034	0
V	0.0003	0	0.0127	0
I	0.0000	0	0.0007	0
T	0.0001	0	0.0014	0
L	0.0000	0	0.0003	0
P	0.0002	0	0.0072	0
D	0.0000	0	0.0009	0
G	0.0001	0	0.0024	0
S	0.0000	0	0.0005	0
Q	0.0001	0	0.0005	0
R	0.0000	0	0.0007	0
H	0.0000	0	0.0001	0
Y	0.0000	0	0.0001	0
D	0.0000	0	0.0002	0
H	0.0001	0	0.0003	0
A	0.0002	0	0.0007	0
V	0.0006	0	0.0013	0
S	0.0189	0	0.0415	0
P	0.0002	0	0.0008	0
M	0.0002	0	0.0031	0
D	0.0004	0	0.0098	0
V	0.0000	0	0.0001	0
A	0.0000	0	0.0005	0
L	0.0035	0	0.0424	0
D	0.0012	0	0.0075	0
I	0.0013	0	0.0074	0
G	0.0011	0	0.0063	0
P	0.0186	0	0.1346	0
G	0.0232	0	0.0969	0
L	0.0070	0	0.0429	0
A	0.0002	0	0.0007	0
K	0.0421	0	0.2660	1
A	0.0038	0	0.0136	0
C	0.0001	0	0.0003	0
I	0.0000	0	0.0001	0
A	0.0000	0	0.0001	0
G	0.0000	0	0.0002	0
R	0.0011	0	0.0271	0
V	0.0001	0	0.0078	0
N	0.0009	0	0.1003	0
G	0.0032	0	0.2075	1
E	0.0009	0	0.0278	0
L	0.0062	0	0.1369	0
V	0.0004	0	0.0102	0
D	0.0001	0	0.0014	0
A	0.0000	0	0.0002	0
C	0.0000	0	0.0005	0
D	0.0000	0	0.0001	0
L	0.0000	0	0.0001	0
I	0.0000	0	0.0000	0
E	0.0000	0	0.0002	0
N	0.0000	0	0.0002	0
D	0.0000	0	0.0001	0
A	0.0000	0	0.0001	0
Q	0.0000	0	0.0004	0
L	0.0000	0	0.0000	0
S	0.0000	0	0.0000	0
I	0.0000	0	0.0000	0
I	0.0000	0	0.0000	0
T	0.0000	0	0.0000	0
A	0.0000	0	0.0001	0
K	0.0001	0	0.0005	0
D	0.0001	0	0.0007	0
E	0.0000	0	0.0003	0
E	0.0001	0	0.0004	0
G	0.0001	0	0.0002	0
L	0.0001	0	0.0003	0
E	0.0004	0	0.0016	0
I	0.0003	0	0.0008	0
I	0.0003	0	0.0005	0
R	0.0020	0	0.0026	0
H	0.0653	0	0.1486	0
S	0.0007	0	0.0006	0
C	0.0001	0	0.0001	0
A	0.0001	0	0.0006	0
H	0.0054	0	0.0668	0
L	0.0001	0	0.0003	0
L	0.0000	0	0.0001	0
G	0.0001	0	0.0007	0
H	0.0000	0	0.0001	0
A	0.0000	0	0.0000	0
I	0.0000	0	0.0000	0
K	0.0000	0	0.0005	0
Q	0.0000	0	0.0002	0
L	0.0000	0	0.0000	0
W	0.0000	0	0.0001	0
P	0.0000	0	0.0000	0
H	0.0000	0	0.0001	0
T	0.0000	0	0.0000	0
K	0.0001	0	0.0003	0
M	0.0000	0	0.0000	0
A	0.0001	0	0.0001	0
I	0.0022	0	0.0082	0
G	0.0006	0	0.0016	0
P	0.0001	0	0.0002	0
V	0.0002	0	0.0002	0
I	0.0004	0	0.0005	0
D	0.0005	0	0.0009	0
N	0.0005	0	0.0008	0
G	0.0001	0	0.0001	0
F	0.0001	0	0.0001	0
Y	0.0072	0	0.0151	0
Y	0.0008	0	0.0011	0
D	0.0012	0	0.0023	0
V	0.0001	0	0.0001	0
D	0.0000	0	0.0000	0
L	0.0001	0	0.0000	0
D	0.0001	0	0.0001	0
R	0.0001	0	0.0000	0
T	0.0002	0	0.0001	0
L	0.0001	0	0.0001	0
T	0.0005	0	0.0003	0
Q	0.0004	0	0.0002	0
E	0.0000	0	0.0000	0
D	0.0000	0	0.0000	0
V	0.0000	0	0.0000	0
E	0.0000	0	0.0001	0
A	0.0000	0	0.0001	0
L	0.0000	0	0.0001	0
E	0.0001	0	0.0009	0
K	0.0000	0	0.0005	0
R	0.0000	0	0.0002	0
M	0.0000	0	0.0003	0
H	0.0037	0	0.1200	0
E	0.0001	0	0.0008	0
L	0.0000	0	0.0001	0
A	0.0000	0	0.0000	0
E	0.0000	0	0.0007	0
K	0.0000	0	0.0002	0
N	0.0000	0	0.0001	0
Y	0.0000	0	0.0000	0
D	0.0000	0	0.0000	0
V	0.0000	0	0.0000	0
I	0.0000	0	0.0001	0
K	0.0000	0	0.0001	0
K	0.0000	0	0.0002	0
K	0.0000	0	0.0001	0
V	0.0000	0	0.0000	0
S	0.0000	0	0.0001	0
W	0.0000	0	0.0004	0
H	0.0000	0	0.0000	0
E	0.0000	0	0.0000	0
A	0.0000	0	0.0000	0
R	0.0000	0	0.0004	0
E	0.0000	0	0.0001	0
T	0.0000	0	0.0001	0
F	0.0000	0	0.0005	0
A	0.0000	0	0.0003	0
N	0.0000	0	0.0003	0
R	0.0000	0	0.0004	0
G	0.0000	0	0.0006	0
E	0.0000	0	0.0001	0
S	0.0000	0	0.0021	0
Y	0.0001	0	0.0018	0
K	0.0003	0	0.0056	0
V	0.0000	0	0.0002	0
S	0.0000	0	0.0001	0
I	0.0000	0	0.0000	0
L	0.0000	0	0.0001	0
D	0.0000	0	0.0001	0
E	0.0000	0	0.0001	0
N	0.0000	0	0.0001	0
I	0.0000	0	0.0000	0
A	0.0000	0	0.0001	0
H	0.0000	0	0.0000	0
D	0.0000	0	0.0000	0
D	0.0000	0	0.0000	0
K	0.0001	0	0.0001	0
P	0.0000	0	0.0000	0
G	0.0001	0	0.0001	0
L	0.0000	0	0.0000	0
Y	0.0000	0	0.0002	0
F	0.0001	0	0.0013	0
H	0.0000	0	0.0006	0
E	0.0001	0	0.0019	0
E	0.0001	0	0.0027	0
Y	0.0004	0	0.0045	0
V	0.0001	0	0.0008	0
D	0.0001	0	0.0017	0
M	0.0000	0	0.0002	0
C	0.0000	0	0.0007	0
R	0.0020	0	0.0308	0
G	0.0013	0	0.0186	0
P	0.0016	0	0.0241	0
H	0.0222	0	0.3520	1
V	0.0032	0	0.0659	0
P	0.0057	0	0.1312	0
N	0.0238	0	0.5387	1
M	0.0199	0	0.2673	1
R	0.0021	0	0.0430	0
F	0.0001	0	0.0018	0
C	0.0000	0	0.0002	0
H	0.0001	0	0.0019	0
H	0.0002	0	0.0031	0
F	0.0001	0	0.0006	0
K	0.0051	0	0.0255	0
L	0.0001	0	0.0004	0
M	0.0119	0	0.0307	0
K	0.0585	0	0.1313	0
T	0.0236	0	0.0520	0
A	0.0369	0	0.0955	0
G	0.1499	0	0.3752	1
A	0.0305	0	0.0578	0
Y	0.1221	0	0.2151	1
W	0.0330	0	0.0470	0
R	0.0445	0	0.0788	0
G	0.0145	0	0.0162	0
D	0.0017	0	0.0015	0
S	0.0006	0	0.0007	0
N	0.0022	0	0.0054	0
N	0.0034	0	0.0092	0
K	0.0054	0	0.0176	0
M	0.0508	0	0.1495	0
L	0.0035	0	0.0076	0
Q	0.0162	0	0.0317	0
R	0.1010	0	0.1535	1
I	0.0015	0	0.0027	0
Y	0.0111	0	0.0520	0
G	0.0005	0	0.0018	0
T	0.0000	0	0.0001	0
A	0.0000	0	0.0002	0
W	0.0027	0	0.0180	0
A	0.0009	0	0.0050	0
D	0.0013	0	0.0109	0
K	0.0022	0	0.0333	0
K	0.0012	0	0.0150	0
A	0.0001	0	0.0004	0
L	0.0001	0	0.0006	0
N	0.0003	0	0.0108	0
A	0.0001	0	0.0012	0
Y	0.0002	0	0.0048	0
L	0.0000	0	0.0005	0
Q	0.0002	0	0.0046	0
R	0.0001	0	0.0034	0
L	0.0001	0	0.0037	0
E	0.0000	0	0.0005	0
E	0.0001	0	0.0017	0
A	0.0000	0	0.0007	0
A	0.0001	0	0.0023	0
K	0.0001	0	0.0014	0
R	0.0004	0	0.0140	0
D	0.0000	0	0.0002	0
H	0.0000	0	0.0008	0
R	0.0002	0	0.0078	0
K	0.0001	0	0.0019	0
I	0.0000	0	0.0002	0
G	0.0000	0	0.0003	0
K	0.0001	0	0.0045	0
Q	0.0000	0	0.0013	0
L	0.0001	0	0.0013	0
D	0.0000	0	0.0016	0
L	0.0000	0	0.0003	0
Y	0.0000	0	0.0004	0
H	0.0001	0	0.0019	0
M	0.0001	0	0.0039	0
Q	0.0003	0	0.0058	0
E	0.0007	0	0.0121	0
E	0.0012	0	0.0289	0
A	0.0002	0	0.0137	0
P	0.0002	0	0.0132	0
G	0.0010	0	0.0842	0
M	0.0007	0	0.0616	0
V	0.0001	0	0.0027	0
F	0.0001	0	0.0092	0
W	0.0000	0	0.0032	0
H	0.0020	0	0.1430	0
N	0.0005	0	0.0438	0
D	0.0003	0	0.0283	0
G	0.0000	0	0.0036	0
W	0.0000	0	0.0086	0
T	0.0000	0	0.0026	0
I	0.0000	0	0.0011	0
F	0.0004	0	0.0251	0
R	0.0000	0	0.0033	0
E	0.0000	0	0.0006	0
L	0.0000	0	0.0003	0
E	0.0000	0	0.0029	0
V	0.0002	0	0.0514	0
F	0.0000	0	0.0005	0
V	0.0000	0	0.0002	0
R	0.0000	0	0.0055	0
S	0.0000	0	0.0008	0
K	0.0000	0	0.0001	0
L	0.0000	0	0.0001	0
K	0.0000	0	0.0006	0
E	0.0000	0	0.0009	0
Y	0.0000	0	0.0003	0
Q	0.0000	0	0.0003	0
Y	0.0000	0	0.0001	0
Q	0.0000	0	0.0001	0
E	0.0000	0	0.0003	0
V	0.0000	0	0.0001	0
K	0.0000	0	0.0009	0
G	0.0000	0	0.0013	0
P	0.0000	0	0.0013	0
F	0.0000	0	0.0194	0
M	0.0000	0	0.0120	0
M	0.0001	0	0.0063	0
D	0.0009	0	0.0451	0
R	0.0020	0	0.0654	0
V	0.0005	0	0.0131	0
L	0.0001	0	0.0019	0
W	0.0002	0	0.0081	0
E	0.0019	0	0.0519	0
K	0.0023	0	0.0577	0
T	0.0007	0	0.0203	0
G	0.0000	0	0.0008	0
H	0.0001	0	0.0018	0
W	0.0000	0	0.0004	0
D	0.0006	0	0.0045	0
N	0.0009	0	0.0035	0
Y	0.0001	0	0.0002	0
K	0.0003	0	0.0007	0
D	0.0000	0	0.0001	0
A	0.0000	0	0.0000	0
M	0.0000	0	0.0000	0
F	0.0000	0	0.0000	0
T	0.0000	0	0.0000	0
T	0.0000	0	0.0000	0
S	0.0000	0	0.0000	0
S	0.0000	0	0.0000	0
E	0.0000	0	0.0001	0
N	0.0000	0	0.0000	0
R	0.0000	0	0.0000	0
E	0.0000	0	0.0000	0
Y	0.0000	0	0.0000	0
C	0.0000	0	0.0000	0
I	0.0000	0	0.0000	0
K	0.0000	0	0.0000	0
P	0.0000	0	0.0000	0
M	0.0000	0	0.0000	0
N	0.0000	0	0.0000	0
C	0.0000	0	0.0001	0
P	0.0000	0	0.0002	0
G	0.0001	0	0.0003	0
H	0.0001	0	0.0004	0
V	0.0000	0	0.0001	0
Q	0.0000	0	0.0001	0
I	0.0000	0	0.0000	0
F	0.0000	0	0.0001	0
N	0.0012	0	0.0088	0
Q	0.0006	0	0.0018	0
G	0.0005	0	0.0011	0
L	0.0005	0	0.0008	0
K	0.0004	0	0.0006	0
S	0.0002	0	0.0003	0
Y	0.0059	0	0.0200	0
R	0.0027	0	0.0094	0
D	0.0001	0	0.0003	0
L	0.0000	0	0.0001	0
P	0.0021	0	0.0035	0
L	0.0004	0	0.0012	0
R	0.0009	0	0.0027	0
M	0.0023	0	0.0032	0
A	0.0005	0	0.0006	0
E	0.0013	0	0.0029	0
F	0.0007	0	0.0057	0
G	0.0005	0	0.0042	0
S	0.0001	0	0.0031	0
C	0.0004	0	0.0051	0
H	0.0061	0	0.0432	0
R	0.0875	0	0.2298	1
N	0.0010	0	0.0028	0
E	0.0040	0	0.0110	0
P	0.0009	0	0.0043	0
S	0.0039	0	0.0250	0
G	0.0023	0	0.0056	0
S	0.0005	0	0.0008	0
L	0.0006	0	0.0016	0
H	0.0015	0	0.0055	0
G	0.0008	0	0.0033	0
L	0.0001	0	0.0012	0
M	0.0000	0	0.0005	0
R	0.0204	0	0.1679	1
V	0.0003	0	0.0020	0
R	0.0004	0	0.0037	0
G	0.0000	0	0.0002	0
F	0.0001	0	0.0005	0
T	0.0000	0	0.0001	0
Q	0.0000	0	0.0001	0
D	0.0000	0	0.0001	0
D	0.0000	0	0.0002	0
A	0.0000	0	0.0001	0
H	0.0000	0	0.0001	0
I	0.0000	0	0.0000	0
F	0.0000	0	0.0000	0
C	0.0000	0	0.0000	0
T	0.0001	0	0.0003	0
E	0.0002	0	0.0010	0
E	0.0001	0	0.0004	0
Q	0.0001	0	0.0003	0
I	0.0001	0	0.0002	0
R	0.0001	0	0.0005	0
D	0.0001	0	0.0006	0
E	0.0000	0	0.0000	0
V	0.0000	0	0.0000	0
N	0.0000	0	0.0000	0
G	0.0000	0	0.0001	0
C	0.0000	0	0.0000	0
I	0.0000	0	0.0000	0
R	0.0000	0	0.0001	0
L	0.0000	0	0.0000	0
V	0.0000	0	0.0000	0
Y	0.0000	0	0.0000	0
D	0.0000	0	0.0000	0
M	0.0000	0	0.0000	0
Y	0.0000	0	0.0002	0
S	0.0000	0	0.0002	0
T	0.0000	0	0.0001	0
F	0.0000	0	0.0000	0
G	0.0000	0	0.0001	0
F	0.0000	0	0.0002	0
E	0.0000	0	0.0003	0
K	0.0000	0	0.0002	0
I	0.0000	0	0.0001	0
V	0.0000	0	0.0010	0
V	0.0000	0	0.0001	0
K	0.0001	0	0.0019	0
L	0.0000	0	0.0007	0
S	0.0007	0	0.0259	0
T	0.0035	0	0.1041	0
R	0.0129	0	0.2604	1
P	0.0046	0	0.1530	1
E	0.0024	0	0.0800	0
K	0.0064	0	0.1837	1
R	0.0034	0	0.0591	0
I	0.0004	0	0.0081	0
G	0.0007	0	0.0216	0
S	0.0005	0	0.0165	0
D	0.0002	0	0.0047	0
E	0.0001	0	0.0013	0
M	0.0000	0	0.0001	0
W	0.0000	0	0.0004	0
D	0.0000	0	0.0001	0
R	0.0000	0	0.0005	0
A	0.0000	0	0.0001	0
E	0.0000	0	0.0001	0
A	0.0000	0	0.0006	0
D	0.0000	0	0.0001	0
L	0.0000	0	0.0000	0
A	0.0000	0	0.0004	0
V	0.0000	0	0.0002	0
A	0.0000	0	0.0000	0
L	0.0000	0	0.0000	0
E	0.0000	0	0.0001	0
E	0.0000	0	0.0004	0
N	0.0000	0	0.0002	0
N	0.0000	0	0.0004	0
I	0.0000	0	0.0002	0
P	0.0000	0	0.0005	0
F	0.0000	0	0.0004	0
E	0.0000	0	0.0004	0
Y	0.0000	0	0.0003	0
Q	0.0000	0	0.0002	0
L	0.0000	0	0.0002	0
G	0.0000	0	0.0004	0
E	0.0000	0	0.0006	0
G	0.0000	0	0.0002	0
A	0.0000	0	0.0002	0
F	0.0000	0	0.0005	0
Y	0.0000	0	0.0003	0
G	0.0000	0	0.0002	0
P	0.0000	0	0.0001	0
K	0.0000	0	0.0002	0
I	0.0000	0	0.0001	0
E	0.0001	0	0.0006	0
F	0.0000	0	0.0002	0
T	0.0001	0	0.0007	0
L	0.0000	0	0.0002	0
Y	0.0000	0	0.0009	0
D	0.0001	0	0.0005	0
C	0.0002	0	0.0025	0
L	0.0001	0	0.0012	0
D	0.0001	0	0.0006	0
R	0.0001	0	0.0008	0
A	0.0002	0	0.0012	0
W	0.0001	0	0.0016	0
Q	0.0003	0	0.0033	0
C	0.0000	0	0.0004	0
G	0.0001	0	0.0007	0
T	0.0029	0	0.0396	0
V	0.0002	0	0.0014	0
Q	0.0011	0	0.0145	0
L	0.0001	0	0.0009	0
D	0.0005	0	0.0060	0
F	0.0008	0	0.0092	0
S	0.0076	0	0.0497	0
L	0.0094	0	0.0549	0
P	0.0051	0	0.0583	0
S	0.0048	0	0.0713	0
R	0.0098	0	0.1089	0
L	0.0019	0	0.0106	0
S	0.0008	0	0.0042	0
A	0.0001	0	0.0007	0
S	0.0008	0	0.0080	0
Y	0.0013	0	0.0112	0
V	0.0006	0	0.0067	0
G	0.0001	0	0.0023	0
E	0.0002	0	0.0067	0
D	0.0001	0	0.0101	0
N	0.0005	0	0.0280	0
E	0.0003	0	0.0156	0
R	0.0001	0	0.0061	0
K	0.0001	0	0.0070	0
V	0.0001	0	0.0067	0
P	0.0000	0	0.0005	0
V	0.0000	0	0.0005	0
M	0.0000	0	0.0033	0
I	0.0000	0	0.0014	0
H	0.0002	0	0.0055	0
R	0.0037	0	0.0652	0
A	0.0004	0	0.0059	0
I	0.0001	0	0.0027	0
L	0.0000	0	0.0014	0
G	0.0000	0	0.0013	0
S	0.0003	0	0.0052	0
M	0.0001	0	0.0019	0
E	0.0001	0	0.0021	0
R	0.0015	0	0.0274	0
F	0.0000	0	0.0001	0
I	0.0000	0	0.0000	0
G	0.0000	0	0.0001	0
I	0.0000	0	0.0000	0
L	0.0000	0	0.0000	0
T	0.0000	0	0.0000	0
E	0.0000	0	0.0002	0
E	0.0000	0	0.0002	0
F	0.0000	0	0.0001	0
A	0.0000	0	0.0001	0
G	0.0000	0	0.0001	0
F	0.0000	0	0.0004	0
F	0.0000	0	0.0016	0
P	0.0000	0	0.0011	0
T	0.0000	0	0.0016	0
W	0.0000	0	0.0020	0
L	0.0000	0	0.0015	0
A	0.0000	0	0.0014	0
P	0.0000	0	0.0009	0
V	0.0000	0	0.0014	0
Q	0.0002	0	0.0074	0
V	0.0000	0	0.0001	0
V	0.0000	0	0.0005	0
I	0.0000	0	0.0001	0
M	0.0000	0	0.0001	0
N	0.0000	0	0.0016	0
I	0.0005	0	0.0209	0
T	0.0005	0	0.0214	0
D	0.0006	0	0.0286	0
S	0.0012	0	0.0333	0
Q	0.0001	0	0.0031	0
S	0.0000	0	0.0014	0
E	0.0000	0	0.0004	0
Y	0.0000	0	0.0003	0
V	0.0000	0	0.0001	0
N	0.0000	0	0.0001	0
E	0.0000	0	0.0001	0
L	0.0000	0	0.0000	0
T	0.0000	0	0.0001	0
Q	0.0000	0	0.0002	0
K	0.0000	0	0.0002	0
L	0.0000	0	0.0000	0
S	0.0000	0	0.0001	0
N	0.0000	0	0.0001	0
A	0.0000	0	0.0001	0
G	0.0000	0	0.0001	0
I	0.0000	0	0.0000	0
R	0.0000	0	0.0002	0
V	0.0000	0	0.0002	0
K	0.0000	0	0.0008	0
A	0.0000	0	0.0012	0
D	0.0003	0	0.0358	0
L	0.0018	0	0.1163	0
R	0.0284	0	0.4598	1
N	0.0346	0	0.4000	1
E	0.0549	0	0.3856	1
K	0.4874	1	0.7114	1
I	0.2638	0	0.4162	1
G	0.2654	0	0.4316	1
F	0.0092	0	0.0288	0
K	0.0441	0	0.2172	1
I	0.0004	0	0.0020	0
R	0.0131	0	0.2006	1
E	0.0006	0	0.0075	0
H	0.0001	0	0.0014	0
T	0.0000	0	0.0023	0
L	0.0002	0	0.0127	0
R	0.0001	0	0.0030	0
R	0.0001	0	0.0077	0
V	0.0000	0	0.0004	0
P	0.0003	0	0.0050	0
Y	0.0001	0	0.0011	0
M	0.0000	0	0.0004	0
L	0.0000	0	0.0003	0
V	0.0004	0	0.0019	0
C	0.0001	0	0.0003	0
G	0.0009	0	0.0015	0
D	0.0029	0	0.0026	0
K	0.0543	0	0.0385	0
E	0.0020	0	0.0009	0
V	0.0013	0	0.0007	0
E	0.0017	0	0.0008	0
S	0.0016	0	0.0002	0
G	0.0019	0	0.0002	0
K	0.0108	0	0.0007	0
V	0.0002	0	0.0000	0
A	0.0057	0	0.0016	0
V	0.0001	0	0.0000	0
R	0.0280	0	0.0037	0
T	0.0004	0	0.0000	0
R	0.0165	0	0.0015	0
R	0.0073	0	0.0004	0
G	0.0675	0	0.0028	0
K	0.0717	0	0.0027	0
D	0.0243	0	0.0004	0
L	0.0297	0	0.0004	0
G	0.0009	0	0.0000	0
S	0.0005	0	0.0000	0
M	0.0002	0	0.0000	0
D	0.0002	0	0.0000	0
V	0.0002	0	0.0000	0
N	0.0001	0	0.0000	0
E	0.0000	0	0.0000	0
V	0.0000	0	0.0000	0
I	0.0000	0	0.0000	0
E	0.0000	0	0.0000	0
K	0.0000	0	0.0000	0
L	0.0000	0	0.0000	0
Q	0.0000	0	0.0000	0
Q	0.0000	0	0.0000	0
E	0.0000	0	0.0000	0
I	0.0000	0	0.0000	0
R	0.0000	0	0.0000	0
S	0.0000	0	0.0000	0
R	0.0000	0	0.0000	0
S	0.0000	0	0.0000	0
L	0.0002	0	0.0003	0
K	0.0002	0	0.0007	0
Q	0.0002	0	0.0008	0
L	0.0004	0	0.0052	0
E	0.0021	0	0.0497	0
E	0.0062	0	0.0431	0
</pre></body></html>