<html><head></head><body><pre style="word-wrap: break-word; white-space: pre-wrap;">&gt;P27859
Amino Acid	probability_DNA	binary_DNA	probability_RNA	binary_RNA
M	0.0533	0	0.0001	0
F	0.0031	0	0.0000	0
D	0.1081	0	0.0005	0
I	0.0013	0	0.0000	0
G	0.0153	0	0.0002	0
V	0.0149	0	0.0002	0
N	0.0685	0	0.0012	0
L	0.0035	0	0.0000	0
T	0.0049	0	0.0000	0
S	0.0074	0	0.0000	0
S	0.0101	0	0.0000	0
Q	0.0049	0	0.0000	0
F	0.0023	0	0.0000	0
A	0.0006	0	0.0000	0
K	0.0010	0	0.0000	0
D	0.0004	0	0.0000	0
R	0.0003	0	0.0000	0
D	0.0001	0	0.0000	0
D	0.0001	0	0.0000	0
V	0.0000	0	0.0000	0
V	0.0000	0	0.0000	0
A	0.0001	0	0.0000	0
C	0.0001	0	0.0000	0
A	0.0000	0	0.0000	0
F	0.0002	0	0.0000	0
D	0.0001	0	0.0000	0
A	0.0001	0	0.0000	0
G	0.0001	0	0.0000	0
V	0.0002	0	0.0000	0
N	0.0009	0	0.0000	0
G	0.0014	0	0.0000	0
L	0.0002	0	0.0000	0
L	0.0001	0	0.0000	0
I	0.0002	0	0.0000	0
T	0.0001	0	0.0000	0
G	0.0002	0	0.0000	0
T	0.0006	0	0.0000	0
N	0.0016	0	0.0000	0
L	0.0097	0	0.0000	0
R	0.0045	0	0.0000	0
E	0.0028	0	0.0000	0
S	0.0019	0	0.0000	0
Q	0.0038	0	0.0000	0
Q	0.0052	0	0.0000	0
A	0.0008	0	0.0000	0
Q	0.0004	0	0.0000	0
K	0.0003	0	0.0000	0
L	0.0001	0	0.0000	0
A	0.0002	0	0.0000	0
R	0.0003	0	0.0000	0
Q	0.0006	0	0.0000	0
Y	0.0003	0	0.0000	0
S	0.0001	0	0.0000	0
S	0.0001	0	0.0000	0
C	0.0001	0	0.0000	0
W	0.0002	0	0.0000	0
S	0.0001	0	0.0000	0
T	0.0009	0	0.0000	0
A	0.0007	0	0.0000	0
G	0.0013	0	0.0000	0
V	0.0036	0	0.0000	0
H	0.1224	0	0.0001	0
P	0.0015	0	0.0000	0
H	0.0019	0	0.0000	0
D	0.0016	0	0.0000	0
S	0.0008	0	0.0000	0
S	0.0011	0	0.0000	0
Q	0.0014	0	0.0000	0
W	0.0008	0	0.0000	0
Q	0.0016	0	0.0000	0
A	0.0022	0	0.0000	0
A	0.0015	0	0.0000	0
T	0.0004	0	0.0000	0
E	0.0012	0	0.0000	0
E	0.0005	0	0.0000	0
A	0.0002	0	0.0000	0
I	0.0001	0	0.0000	0
I	0.0004	0	0.0000	0
E	0.0006	0	0.0000	0
L	0.0002	0	0.0000	0
A	0.0003	0	0.0000	0
A	0.0007	0	0.0000	0
Q	0.0007	0	0.0000	0
P	0.0005	0	0.0000	0
E	0.0013	0	0.0000	0
V	0.0005	0	0.0000	0
V	0.0005	0	0.0000	0
A	0.0013	0	0.0000	0
I	0.0010	0	0.0000	0
G	0.0006	0	0.0000	0
E	0.0220	0	0.0001	0
C	0.0005	0	0.0000	0
G	0.0006	0	0.0000	0
L	0.0013	0	0.0000	0
D	0.0072	0	0.0001	0
F	0.2652	0	0.0130	0
N	0.0565	0	0.0012	0
R	0.0922	0	0.0011	0
N	0.0046	0	0.0000	0
F	0.0042	0	0.0000	0
S	0.0022	0	0.0000	0
T	0.0014	0	0.0000	0
P	0.0087	0	0.0000	0
E	0.0011	0	0.0000	0
E	0.0007	0	0.0000	0
Q	0.0021	0	0.0000	0
E	0.0008	0	0.0000	0
R	0.0002	0	0.0000	0
A	0.0001	0	0.0000	0
F	0.0001	0	0.0000	0
V	0.0011	0	0.0000	0
A	0.0001	0	0.0000	0
Q	0.0007	0	0.0000	0
L	0.0001	0	0.0000	0
R	0.0012	0	0.0000	0
I	0.0002	0	0.0000	0
A	0.0001	0	0.0000	0
A	0.0001	0	0.0000	0
D	0.0001	0	0.0000	0
L	0.0001	0	0.0000	0
N	0.0001	0	0.0000	0
M	0.0001	0	0.0000	0
P	0.0003	0	0.0000	0
V	0.0005	0	0.0000	0
F	0.0078	0	0.0001	0
M	0.1337	0	0.0012	0
H	0.5723	1	0.0073	0
C	0.0627	0	0.0000	0
R	0.3784	1	0.0003	0
D	0.0368	0	0.0000	0
A	0.0147	0	0.0000	0
H	0.0085	0	0.0000	0
E	0.0045	0	0.0000	0
R	0.0019	0	0.0000	0
F	0.0004	0	0.0000	0
M	0.0003	0	0.0000	0
T	0.0002	0	0.0000	0
L	0.0000	0	0.0000	0
L	0.0001	0	0.0000	0
E	0.0008	0	0.0000	0
P	0.0005	0	0.0000	0
W	0.0003	0	0.0000	0
L	0.0006	0	0.0000	0
D	0.0006	0	0.0000	0
K	0.0010	0	0.0000	0
L	0.0002	0	0.0000	0
P	0.0003	0	0.0000	0
G	0.0014	0	0.0000	0
A	0.0010	0	0.0000	0
V	0.0024	0	0.0000	0
L	0.0020	0	0.0001	0
H	0.2231	0	0.0207	0
C	0.0593	0	0.0024	0
F	0.0861	0	0.0042	0
T	0.3260	0	0.0274	0
G	0.2008	0	0.0073	0
T	0.0985	0	0.0035	0
R	0.0796	0	0.0008	0
E	0.0032	0	0.0000	0
E	0.0008	0	0.0000	0
M	0.0002	0	0.0000	0
Q	0.0008	0	0.0000	0
A	0.0004	0	0.0000	0
C	0.0001	0	0.0000	0
V	0.0002	0	0.0000	0
A	0.0002	0	0.0000	0
H	0.0006	0	0.0000	0
G	0.0006	0	0.0000	0
I	0.0007	0	0.0000	0
Y	0.1020	0	0.0033	0
I	0.0279	0	0.0005	0
G	0.3202	0	0.0070	0
I	0.0850	0	0.0006	0
T	0.1761	0	0.0013	0
G	0.2447	0	0.0019	0
W	0.3899	1	0.0043	0
V	0.1939	0	0.0007	0
C	0.4126	1	0.0014	0
D	0.3936	1	0.0008	0
E	0.5914	1	0.0006	0
R	0.4504	1	0.0003	0
R	0.1984	0	0.0000	0
G	0.0769	0	0.0000	0
L	0.0892	0	0.0000	0
E	0.1720	0	0.0001	0
L	0.0152	0	0.0000	0
R	0.0171	0	0.0000	0
E	0.0010	0	0.0000	0
L	0.0001	0	0.0000	0
L	0.0001	0	0.0000	0
P	0.0009	0	0.0000	0
L	0.0001	0	0.0000	0
I	0.0001	0	0.0000	0
P	0.0002	0	0.0000	0
A	0.0001	0	0.0000	0
E	0.0002	0	0.0000	0
K	0.0002	0	0.0000	0
L	0.0001	0	0.0000	0
L	0.0002	0	0.0000	0
I	0.0007	0	0.0000	0
E	0.0549	0	0.0000	0
T	0.0544	0	0.0000	0
D	0.2462	0	0.0004	0
A	0.1472	0	0.0003	0
P	0.0334	0	0.0001	0
Y	0.5726	1	0.0015	0
L	0.2427	0	0.0006	0
L	0.0882	0	0.0001	0
P	0.0228	0	0.0000	0
R	0.3279	0	0.0001	0
D	0.2660	0	0.0000	0
L	0.2796	0	0.0000	0
T	0.5087	1	0.0000	0
P	0.4501	1	0.0000	0
K	0.5154	1	0.0000	0
P	0.5419	1	0.0000	0
S	0.7829	1	0.0000	0
S	0.4600	1	0.0000	0
R	0.5461	1	0.0000	0
R	0.5203	1	0.0000	0
N	0.2649	0	0.0000	0
E	0.1342	0	0.0000	0
P	0.0034	0	0.0000	0
A	0.0008	0	0.0000	0
H	0.0005	0	0.0000	0
L	0.0004	0	0.0000	0
P	0.0003	0	0.0000	0
H	0.0001	0	0.0000	0
I	0.0001	0	0.0000	0
L	0.0001	0	0.0000	0
Q	0.0002	0	0.0000	0
R	0.0002	0	0.0000	0
I	0.0001	0	0.0000	0
A	0.0001	0	0.0000	0
H	0.0002	0	0.0000	0
W	0.0001	0	0.0000	0
R	0.0011	0	0.0000	0
G	0.0005	0	0.0000	0
E	0.0005	0	0.0000	0
D	0.0009	0	0.0000	0
A	0.0011	0	0.0000	0
A	0.0006	0	0.0000	0
W	0.0005	0	0.0000	0
L	0.0002	0	0.0000	0
A	0.0005	0	0.0000	0
A	0.0026	0	0.0000	0
T	0.0047	0	0.0000	0
T	0.0011	0	0.0000	0
D	0.0011	0	0.0000	0
A	0.0186	0	0.0000	0
N	0.0573	0	0.0000	0
V	0.0008	0	0.0000	0
K	0.0021	0	0.0000	0
T	0.1487	0	0.0003	0
L	0.0009	0	0.0000	0
F	0.0017	0	0.0000	0
G	0.0116	0	0.0000	0
I	0.0015	0	0.0000	0
A	0.0068	0	0.0000	0
F	0.0299	0	0.0001	0
</pre></body></html>