<html><head></head><body><pre style="word-wrap: break-word; white-space: pre-wrap;">&gt;Q8X6R9
Amino Acid	probability_DNA	binary_DNA	probability_RNA	binary_RNA
M	0.0710	0	0.0447	0
A	0.0121	0	0.0041	0
V	0.0014	0	0.0003	0
H	0.0023	0	0.0012	0
L	0.0001	0	0.0001	0
L	0.0002	0	0.0001	0
I	0.0013	0	0.0008	0
V	0.0035	0	0.0049	0
D	0.5177	1	0.6117	1
A	0.2171	0	0.1095	0
L	0.6419	1	0.4832	1
N	0.8055	1	0.3245	1
L	0.1713	0	0.0173	0
I	0.0074	0	0.0003	0
R	0.8788	1	0.1718	1
R	0.8427	1	0.0649	0
I	0.0109	0	0.0001	0
H	0.0320	0	0.0027	0
A	0.0287	0	0.0027	0
V	0.0138	0	0.0006	0
Q	0.0273	0	0.0009	0
G	0.0050	0	0.0002	0
S	0.0242	0	0.0012	0
P	0.0566	0	0.0014	0
C	0.0163	0	0.0001	0
V	0.0017	0	0.0000	0
E	0.1623	0	0.0021	0
T	0.0122	0	0.0000	0
C	0.0011	0	0.0000	0
Q	0.0038	0	0.0000	0
H	0.1615	0	0.0007	0
A	0.0140	0	0.0000	0
L	0.0006	0	0.0000	0
D	0.0038	0	0.0000	0
Q	0.0298	0	0.0001	0
L	0.0005	0	0.0000	0
I	0.0008	0	0.0000	0
M	0.0227	0	0.0001	0
H	0.0052	0	0.0000	0
S	0.0029	0	0.0000	0
Q	0.1395	0	0.0005	0
P	0.0122	0	0.0000	0
T	0.0138	0	0.0001	0
H	0.1343	0	0.0005	0
A	0.0015	0	0.0000	0
V	0.0031	0	0.0000	0
A	0.0038	0	0.0000	0
V	0.0048	0	0.0000	0
F	0.0182	0	0.0000	0
D	0.0158	0	0.0000	0
D	0.0108	0	0.0000	0
E	0.0041	0	0.0000	0
N	0.0076	0	0.0000	0
R	0.0097	0	0.0000	0
S	0.0355	0	0.0000	0
S	0.0308	0	0.0000	0
G	0.0047	0	0.0000	0
W	0.0156	0	0.0000	0
R	0.4542	1	0.0002	0
H	0.0534	0	0.0000	0
Q	0.0309	0	0.0000	0
R	0.0049	0	0.0000	0
L	0.0015	0	0.0000	0
P	0.0005	0	0.0000	0
D	0.0005	0	0.0000	0
Y	0.0012	0	0.0000	0
K	0.0903	0	0.0000	0
A	0.0094	0	0.0000	0
G	0.1499	0	0.0001	0
R	0.6640	1	0.0001	0
P	0.0857	0	0.0000	0
P	0.2200	0	0.0000	0
M	0.0902	0	0.0000	0
P	0.0039	0	0.0000	0
E	0.0012	0	0.0000	0
E	0.0013	0	0.0000	0
L	0.0009	0	0.0000	0
H	0.0083	0	0.0000	0
D	0.0005	0	0.0000	0
E	0.0007	0	0.0000	0
M	0.0005	0	0.0000	0
P	0.0002	0	0.0000	0
A	0.0001	0	0.0000	0
L	0.0001	0	0.0000	0
R	0.0003	0	0.0000	0
A	0.0001	0	0.0000	0
A	0.0000	0	0.0000	0
F	0.0000	0	0.0000	0
E	0.0001	0	0.0000	0
Q	0.0001	0	0.0000	0
R	0.0001	0	0.0000	0
G	0.0001	0	0.0000	0
V	0.0001	0	0.0000	0
P	0.0001	0	0.0000	0
C	0.0002	0	0.0000	0
W	0.0002	0	0.0000	0
S	0.0003	0	0.0000	0
T	0.0003	0	0.0000	0
S	0.0007	0	0.0000	0
G	0.0058	0	0.0000	0
N	0.0135	0	0.0001	0
E	0.0604	0	0.0007	0
A	0.0297	0	0.0002	0
D	0.0537	0	0.0004	0
D	0.0023	0	0.0000	0
L	0.0012	0	0.0000	0
A	0.0001	0	0.0000	0
A	0.0002	0	0.0000	0
T	0.0004	0	0.0000	0
L	0.0001	0	0.0000	0
A	0.0006	0	0.0000	0
V	0.0010	0	0.0000	0
K	0.0044	0	0.0000	0
V	0.0005	0	0.0000	0
T	0.0006	0	0.0000	0
Q	0.0007	0	0.0000	0
A	0.0003	0	0.0000	0
G	0.0003	0	0.0000	0
H	0.0003	0	0.0000	0
Q	0.0004	0	0.0000	0
A	0.0002	0	0.0000	0
T	0.0001	0	0.0000	0
I	0.0001	0	0.0000	0
V	0.0005	0	0.0000	0
S	0.0067	0	0.0001	0
T	0.0162	0	0.0003	0
D	0.4182	1	0.0211	0
K	0.4313	1	0.0225	0
G	0.1353	0	0.0036	0
Y	0.0013	0	0.0000	0
C	0.0014	0	0.0000	0
Q	0.0028	0	0.0000	0
L	0.0003	0	0.0000	0
L	0.0008	0	0.0000	0
S	0.0029	0	0.0000	0
P	0.0057	0	0.0000	0
T	0.0468	0	0.0000	0
L	0.0174	0	0.0000	0
R	0.2616	0	0.0007	0
I	0.0181	0	0.0000	0
R	0.0421	0	0.0001	0
D	0.0216	0	0.0000	0
Y	0.0878	0	0.0002	0
F	0.1164	0	0.0004	0
Q	0.1846	0	0.0004	0
K	0.0340	0	0.0000	0
R	0.0135	0	0.0000	0
W	0.0030	0	0.0000	0
L	0.0018	0	0.0000	0
D	0.0016	0	0.0000	0
A	0.0015	0	0.0000	0
P	0.0005	0	0.0000	0
F	0.0006	0	0.0000	0
I	0.0002	0	0.0000	0
D	0.0006	0	0.0000	0
K	0.0002	0	0.0000	0
E	0.0009	0	0.0000	0
F	0.0002	0	0.0000	0
G	0.0005	0	0.0000	0
V	0.0003	0	0.0000	0
Q	0.0005	0	0.0000	0
P	0.0007	0	0.0000	0
Q	0.0010	0	0.0000	0
Q	0.0015	0	0.0000	0
L	0.0001	0	0.0000	0
P	0.0001	0	0.0000	0
D	0.0002	0	0.0000	0
Y	0.0002	0	0.0000	0
W	0.0001	0	0.0000	0
G	0.0001	0	0.0000	0
L	0.0001	0	0.0000	0
A	0.0002	0	0.0000	0
G	0.0033	0	0.0001	0
I	0.0036	0	0.0000	0
S	0.0447	0	0.0006	0
S	0.0315	0	0.0003	0
S	0.0285	0	0.0001	0
K	0.0170	0	0.0000	0
V	0.0007	0	0.0000	0
P	0.0016	0	0.0000	0
G	0.0030	0	0.0000	0
V	0.0330	0	0.0001	0
A	0.4200	1	0.0008	0
G	0.9433	1	0.0006	0
I	0.5175	1	0.0014	0
G	0.8125	1	0.0012	0
P	0.2094	0	0.0006	0
K	0.8119	1	0.0030	0
S	0.6816	1	0.0011	0
A	0.0043	0	0.0000	0
T	0.0013	0	0.0000	0
Q	0.0328	0	0.0000	0
L	0.0007	0	0.0000	0
L	0.0002	0	0.0000	0
V	0.0038	0	0.0000	0
E	0.0015	0	0.0000	0
F	0.0007	0	0.0000	0
Q	0.0003	0	0.0000	0
S	0.0008	0	0.0000	0
L	0.0003	0	0.0000	0
E	0.0013	0	0.0000	0
G	0.0017	0	0.0000	0
I	0.0001	0	0.0000	0
Y	0.0005	0	0.0000	0
E	0.0021	0	0.0000	0
N	0.0047	0	0.0000	0
L	0.0009	0	0.0000	0
D	0.0048	0	0.0000	0
A	0.0042	0	0.0000	0
V	0.0032	0	0.0000	0
A	0.3142	0	0.0002	0
E	0.2191	0	0.0000	0
K	0.4045	1	0.0002	0
W	0.1157	0	0.0000	0
R	0.1949	0	0.0001	0
K	0.0066	0	0.0000	0
K	0.0902	0	0.0001	0
L	0.0014	0	0.0000	0
E	0.0125	0	0.0000	0
T	0.0045	0	0.0000	0
H	0.0024	0	0.0000	0
K	0.0183	0	0.0000	0
E	0.0030	0	0.0000	0
M	0.0032	0	0.0000	0
A	0.0004	0	0.0000	0
F	0.0035	0	0.0000	0
L	0.0015	0	0.0000	0
C	0.0075	0	0.0000	0
R	0.0153	0	0.0000	0
D	0.0067	0	0.0000	0
I	0.0003	0	0.0000	0
A	0.0003	0	0.0000	0
R	0.0006	0	0.0000	0
L	0.0001	0	0.0000	0
Q	0.0012	0	0.0000	0
T	0.0010	0	0.0000	0
D	0.0046	0	0.0000	0
L	0.0005	0	0.0000	0
H	0.0009	0	0.0000	0
I	0.0004	0	0.0000	0
D	0.0007	0	0.0000	0
G	0.0004	0	0.0000	0
N	0.0006	0	0.0000	0
L	0.0005	0	0.0000	0
Q	0.0009	0	0.0000	0
Q	0.0011	0	0.0000	0
L	0.0004	0	0.0000	0
R	0.0132	0	0.0000	0
L	0.0039	0	0.0000	0
V	0.1536	0	0.0001	0
R	0.3865	1	0.0010	0
</pre></body></html>