<html><head></head><body><pre style="word-wrap: break-word; white-space: pre-wrap;">&gt;Q8N2Z9
Amino Acid	probability_DNA	binary_DNA	probability_RNA	binary_RNA
M	0.0367	0	0.0000	0
E	0.0028	0	0.0000	0
E	0.0009	0	0.0000	0
E	0.0006	0	0.0000	0
A	0.0004	0	0.0000	0
E	0.0003	0	0.0000	0
T	0.0003	0	0.0000	0
E	0.0002	0	0.0000	0
E	0.0003	0	0.0000	0
Q	0.0003	0	0.0000	0
Q	0.0003	0	0.0000	0
R	0.0018	0	0.0000	0
F	0.0034	0	0.0000	0
S	0.0008	0	0.0000	0
Y	0.0009	0	0.0000	0
Q	0.0011	0	0.0000	0
Q	0.0008	0	0.0000	0
R	0.0070	0	0.0000	0
L	0.0002	0	0.0000	0
K	0.0279	0	0.0000	0
A	0.0036	0	0.0000	0
A	0.0016	0	0.0000	0
V	0.0001	0	0.0000	0
H	0.0164	0	0.0000	0
Y	0.0180	0	0.0000	0
T	0.0004	0	0.0000	0
V	0.0005	0	0.0000	0
G	0.0013	0	0.0000	0
C	0.0037	0	0.0000	0
L	0.0001	0	0.0000	0
C	0.0002	0	0.0000	0
E	0.0096	0	0.0000	0
E	0.0276	0	0.0000	0
V	0.0019	0	0.0000	0
A	0.0024	0	0.0000	0
L	0.0092	0	0.0000	0
D	0.0147	0	0.0000	0
K	0.0229	0	0.0000	0
A	0.0029	0	0.0000	0
M	0.0008	0	0.0000	0
Q	0.0428	0	0.0000	0
F	0.0757	0	0.0000	0
S	0.1103	0	0.0000	0
K	0.0200	0	0.0000	0
Q	0.0153	0	0.0000	0
T	0.0011	0	0.0000	0
I	0.0018	0	0.0000	0
A	0.0036	0	0.0000	0
A	0.0003	0	0.0000	0
I	0.0003	0	0.0000	0
S	0.0026	0	0.0000	0
E	0.0006	0	0.0000	0
L	0.0001	0	0.0000	0
T	0.0001	0	0.0000	0
F	0.0002	0	0.0000	0
R	0.0031	0	0.0000	0
Q	0.0004	0	0.0000	0
C	0.0001	0	0.0000	0
E	0.0052	0	0.0000	0
N	0.0073	0	0.0000	0
F	0.0004	0	0.0000	0
A	0.0009	0	0.0000	0
K	0.0217	0	0.0000	0
D	0.0071	0	0.0000	0
L	0.0006	0	0.0000	0
E	0.0041	0	0.0000	0
M	0.0976	0	0.0000	0
F	0.0131	0	0.0000	0
A	0.0544	0	0.0000	0
R	0.6652	1	0.0000	0
H	0.7450	1	0.0000	0
A	0.1924	0	0.0000	0
K	0.6939	1	0.0000	0
R	0.9115	1	0.0000	0
T	0.7872	1	0.0000	0
T	0.7677	1	0.0000	0
I	0.0561	0	0.0000	0
N	0.1217	0	0.0000	0
T	0.0162	0	0.0000	0
E	0.0101	0	0.0000	0
D	0.0041	0	0.0000	0
V	0.0006	0	0.0000	0
K	0.0038	0	0.0000	0
L	0.0007	0	0.0000	0
L	0.0011	0	0.0000	0
A	0.0036	0	0.0000	0
R	0.2603	0	0.0000	0
R	0.7384	1	0.0000	0
S	0.2869	0	0.0000	0
N	0.1858	0	0.0000	0
S	0.4410	1	0.0000	0
L	0.0027	0	0.0000	0
L	0.0402	0	0.0000	0
K	0.3935	1	0.0000	0
Y	0.1017	0	0.0000	0
I	0.0016	0	0.0000	0
T	0.1682	0	0.0000	0
D	0.0055	0	0.0000	0
K	0.0016	0	0.0000	0
S	0.0013	0	0.0000	0
E	0.0032	0	0.0000	0
E	0.0055	0	0.0000	0
I	0.0008	0	0.0000	0
A	0.0183	0	0.0000	0
Q	0.0050	0	0.0000	0
A	0.0078	0	0.0000	0
N	0.0250	0	0.0000	0
L	0.0069	0	0.0000	0
E	0.0189	0	0.0000	0
R	0.0159	0	0.0000	0
K	0.1754	0	0.0000	0
A	0.0793	0	0.0000	0
Q	0.3290	0	0.0000	0
K	0.1141	0	0.0000	0
K	0.5341	1	0.0000	0
K	0.3832	1	0.0000	0
K	0.5496	1	0.0000	0
S	0.4806	1	0.0000	0
E	0.0713	0	0.0000	0
D	0.0444	0	0.0000	0
G	0.0649	0	0.0000	0
S	0.3376	0	0.0000	0
K	0.5290	1	0.0000	0
N	0.4167	1	0.0000	0
S	0.3760	1	0.0000	0
R	0.4000	1	0.0000	0
Q	0.0223	0	0.0000	0
P	0.0028	0	0.0000	0
A	0.0029	0	0.0000	0
E	0.0025	0	0.0000	0
A	0.0005	0	0.0000	0
G	0.0003	0	0.0000	0
V	0.0006	0	0.0000	0
V	0.0006	0	0.0000	0
E	0.0083	0	0.0000	0
S	0.0086	0	0.0000	0
E	0.0135	0	0.0000	0
N	0.0308	0	0.0000	0
</pre></body></html>