<html><head></head><body><pre style="word-wrap: break-word; white-space: pre-wrap;">&gt;Q7A1N5
Amino Acid	probability_DNA	binary_DNA	probability_RNA	binary_RNA
M	0.1531	0	0.0018	0
A	0.0521	0	0.0002	0
I	0.0160	0	0.0000	0
T	0.0018	0	0.0000	0
K	0.0029	0	0.0000	0
I	0.0013	0	0.0000	0
N	0.0198	0	0.0008	0
D	0.0590	0	0.0012	0
C	0.0013	0	0.0000	0
F	0.2311	0	0.0235	0
E	0.0080	0	0.0002	0
L	0.0002	0	0.0000	0
L	0.0161	0	0.0004	0
S	0.0921	0	0.0010	0
M	0.0022	0	0.0000	0
V	0.0009	0	0.0000	0
T	0.0009	0	0.0000	0
Y	0.0093	0	0.0000	0
A	0.0017	0	0.0000	0
D	0.0116	0	0.0000	0
K	0.0094	0	0.0000	0
L	0.0006	0	0.0000	0
K	0.0566	0	0.0009	0
S	0.1253	0	0.0029	0
L	0.0006	0	0.0000	0
I	0.0004	0	0.0000	0
K	0.0491	0	0.0012	0
K	0.0031	0	0.0000	0
E	0.0005	0	0.0000	0
F	0.0006	0	0.0000	0
S	0.0313	0	0.0009	0
I	0.0062	0	0.0000	0
S	0.0024	0	0.0000	0
F	0.0144	0	0.0000	0
E	0.0033	0	0.0000	0
E	0.0015	0	0.0000	0
F	0.0001	0	0.0000	0
A	0.0001	0	0.0000	0
V	0.0001	0	0.0000	0
L	0.0002	0	0.0000	0
T	0.0004	0	0.0000	0
Y	0.0002	0	0.0000	0
I	0.0001	0	0.0000	0
S	0.0003	0	0.0000	0
E	0.0014	0	0.0000	0
N	0.0012	0	0.0000	0
K	0.0007	0	0.0000	0
E	0.0006	0	0.0000	0
K	0.0007	0	0.0000	0
E	0.0007	0	0.0000	0
Y	0.0003	0	0.0000	0
Y	0.0018	0	0.0000	0
L	0.0015	0	0.0000	0
K	0.0155	0	0.0001	0
D	0.0002	0	0.0000	0
I	0.0000	0	0.0000	0
I	0.0001	0	0.0000	0
N	0.0003	0	0.0000	0
H	0.0003	0	0.0000	0
L	0.0002	0	0.0000	0
N	0.0005	0	0.0000	0
Y	0.0057	0	0.0000	0
K	0.4495	1	0.0006	0
Q	0.3977	1	0.0001	0
P	0.2896	0	0.0001	0
Q	0.3562	1	0.0002	0
V	0.0045	0	0.0000	0
V	0.2638	0	0.0007	0
K	0.8175	1	0.0006	0
A	0.0053	0	0.0000	0
V	0.0015	0	0.0000	0
K	0.1764	0	0.0001	0
I	0.0110	0	0.0000	0
L	0.0010	0	0.0000	0
S	0.0027	0	0.0000	0
Q	0.0034	0	0.0000	0
E	0.0011	0	0.0000	0
D	0.0007	0	0.0000	0
Y	0.0011	0	0.0000	0
F	0.0003	0	0.0000	0
D	0.0014	0	0.0000	0
K	0.0730	0	0.0001	0
K	0.0517	0	0.0000	0
R	0.2955	0	0.0004	0
N	0.1258	0	0.0000	0
E	0.1509	0	0.0000	0
H	0.4163	1	0.0001	0
D	0.1466	0	0.0000	0
E	0.2755	0	0.0001	0
R	0.6922	1	0.0001	0
T	0.3978	1	0.0000	0
V	0.0034	0	0.0000	0
L	0.0625	0	0.0000	0
I	0.0008	0	0.0000	0
L	0.0033	0	0.0000	0
V	0.0007	0	0.0000	0
N	0.0019	0	0.0000	0
A	0.0035	0	0.0000	0
Q	0.0111	0	0.0000	0
Q	0.0017	0	0.0000	0
R	0.0055	0	0.0000	0
K	0.0029	0	0.0000	0
K	0.0016	0	0.0000	0
I	0.0002	0	0.0000	0
E	0.0002	0	0.0000	0
S	0.0002	0	0.0000	0
L	0.0001	0	0.0000	0
L	0.0004	0	0.0000	0
S	0.0004	0	0.0000	0
R	0.0008	0	0.0000	0
V	0.0001	0	0.0000	0
N	0.0013	0	0.0000	0
K	0.0005	0	0.0000	0
R	0.0002	0	0.0000	0
I	0.0002	0	0.0000	0
T	0.0005	0	0.0000	0
E	0.0001	0	0.0000	0
A	0.0002	0	0.0000	0
N	0.0004	0	0.0000	0
N	0.0013	0	0.0000	0
E	0.0007	0	0.0000	0
I	0.0011	0	0.0000	0
E	0.0029	0	0.0000	0
L	0.0070	0	0.0001	0
</pre></body></html>