<html><head></head><body><pre style="word-wrap: break-word; white-space: pre-wrap;">&gt;P82670
Amino Acid	probability_DNA	binary_DNA	probability_RNA	binary_RNA
M	0.0000	0	0.3536	1
A	0.0000	0	0.0724	0
V	0.0000	0	0.0057	0
R	0.0000	0	0.0694	0
A	0.0000	0	0.0013	0
V	0.0000	0	0.0006	0
F	0.0000	0	0.0007	0
G	0.0000	0	0.0021	0
A	0.0000	0	0.0007	0
L	0.0000	0	0.0004	0
G	0.0000	0	0.0004	0
R	0.0000	0	0.0110	0
R	0.0000	0	0.0053	0
L	0.0000	0	0.0006	0
W	0.0000	0	0.0878	0
Q	0.0000	0	0.0115	0
G	0.0000	0	0.0049	0
S	0.0000	0	0.0146	0
K	0.0000	0	0.0514	0
N	0.0000	0	0.0214	0
F	0.0000	0	0.0025	0
S	0.0000	0	0.0341	0
V	0.0000	0	0.0294	0
S	0.0001	0	0.1478	0
S	0.0001	0	0.2516	1
S	0.0001	0	0.1706	1
R	0.0004	0	0.2944	1
S	0.0001	0	0.1505	1
N	0.0000	0	0.0113	0
I	0.0000	0	0.0022	0
A	0.0000	0	0.0016	0
K	0.0000	0	0.0126	0
N	0.0000	0	0.0270	0
D	0.0000	0	0.0100	0
G	0.0000	0	0.0072	0
F	0.0000	0	0.0023	0
L	0.0000	0	0.0020	0
L	0.0000	0	0.0050	0
S	0.0000	0	0.0053	0
T	0.0000	0	0.0069	0
S	0.0000	0	0.0122	0
M	0.0000	0	0.0054	0
K	0.0000	0	0.0932	0
W	0.0000	0	0.0289	0
V	0.0000	0	0.0294	0
Q	0.0001	0	0.2188	1
F	0.0000	0	0.0152	0
S	0.0000	0	0.0265	0
N	0.0000	0	0.1404	0
L	0.0000	0	0.0018	0
H	0.0000	0	0.0109	0
V	0.0000	0	0.0047	0
D	0.0000	0	0.0024	0
V	0.0000	0	0.0015	0
P	0.0000	0	0.0101	0
K	0.0000	0	0.0393	0
D	0.0000	0	0.0051	0
L	0.0000	0	0.0029	0
T	0.0000	0	0.0026	0
K	0.0000	0	0.0012	0
P	0.0000	0	0.0006	0
T	0.0000	0	0.0010	0
I	0.0000	0	0.0011	0
T	0.0000	0	0.0007	0
I	0.0000	0	0.0005	0
S	0.0000	0	0.0007	0
D	0.0000	0	0.0007	0
E	0.0000	0	0.0014	0
P	0.0000	0	0.0009	0
D	0.0000	0	0.0020	0
T	0.0000	0	0.0067	0
L	0.0000	0	0.0007	0
Y	0.0000	0	0.0004	0
K	0.0000	0	0.0005	0
R	0.0000	0	0.0036	0
L	0.0000	0	0.0004	0
S	0.0000	0	0.0836	0
V	0.0000	0	0.0028	0
L	0.0002	0	0.2711	1
V	0.0000	0	0.0092	0
K	0.0014	0	0.3762	1
G	0.0001	0	0.0848	0
H	0.0032	0	0.4815	1
D	0.0003	0	0.1031	0
K	0.0020	0	0.3548	1
A	0.0005	0	0.2117	1
V	0.0000	0	0.0157	0
L	0.0000	0	0.0055	0
D	0.0007	0	0.2947	1
S	0.0001	0	0.0580	0
Y	0.0000	0	0.0063	0
E	0.0000	0	0.0013	0
Y	0.0000	0	0.0264	0
F	0.0000	0	0.0060	0
A	0.0000	0	0.0007	0
V	0.0000	0	0.0408	0
L	0.0000	0	0.0063	0
A	0.0000	0	0.0007	0
A	0.0000	0	0.0006	0
K	0.0000	0	0.0125	0
E	0.0000	0	0.0079	0
L	0.0000	0	0.0012	0
G	0.0000	0	0.0029	0
I	0.0000	0	0.0019	0
S	0.0000	0	0.0105	0
V	0.0000	0	0.0337	0
K	0.0000	0	0.3765	1
V	0.0000	0	0.1173	0
H	0.0001	0	0.3387	1
E	0.0001	0	0.3432	1
P	0.0000	0	0.2245	1
P	0.0000	0	0.4477	1
R	0.0000	0	0.3338	1
K	0.0001	0	0.3686	1
I	0.0000	0	0.2124	1
E	0.0000	0	0.1112	0
R	0.0001	0	0.3672	1
F	0.0000	0	0.2513	1
T	0.0001	0	0.4034	1
L	0.0000	0	0.0451	0
L	0.0000	0	0.2990	1
K	0.0000	0	0.9416	1
S	0.0000	0	0.4165	1
V	0.0000	0	0.7462	1
H	0.0000	0	0.7398	1
I	0.0000	0	0.2732	1
F	0.0000	0	0.4752	1
K	0.0000	0	0.9074	1
K	0.0000	0	0.6808	1
H	0.0000	0	0.7945	1
R	0.0002	0	0.8396	1
V	0.0001	0	0.1721	1
Q	0.0030	0	0.7494	1
Y	0.0018	0	0.3530	1
E	0.0037	0	0.5114	1
M	0.0002	0	0.1113	0
R	0.0004	0	0.3047	1
T	0.0001	0	0.0498	0
L	0.0017	0	0.5438	1
Y	0.0001	0	0.0700	0
R	0.0010	0	0.4291	1
C	0.0001	0	0.0674	0
L	0.0000	0	0.0036	0
E	0.0006	0	0.2966	1
L	0.0000	0	0.0110	0
E	0.0001	0	0.0357	0
H	0.0000	0	0.0145	0
L	0.0000	0	0.0057	0
T	0.0001	0	0.0817	0
G	0.0000	0	0.0075	0
S	0.0000	0	0.0217	0
T	0.0000	0	0.0090	0
A	0.0000	0	0.0082	0
D	0.0001	0	0.1123	0
V	0.0000	0	0.0259	0
Y	0.0000	0	0.0052	0
L	0.0000	0	0.0026	0
E	0.0000	0	0.0230	0
Y	0.0000	0	0.0057	0
I	0.0000	0	0.0009	0
Q	0.0000	0	0.0241	0
R	0.0000	0	0.0696	0
N	0.0000	0	0.0152	0
L	0.0000	0	0.0108	0
P	0.0001	0	0.1864	1
E	0.0000	0	0.0471	0
G	0.0000	0	0.0612	0
V	0.0000	0	0.0084	0
A	0.0001	0	0.1375	0
M	0.0000	0	0.0258	0
E	0.0045	0	0.6126	1
V	0.0001	0	0.0168	0
T	0.0009	0	0.1113	0
K	0.0020	0	0.1675	1
T	0.0002	0	0.0164	0
R	0.0000	0	0.0078	0
L	0.0000	0	0.0015	0
E	0.0000	0	0.0012	0
Q	0.0000	0	0.0008	0
L	0.0000	0	0.0005	0
P	0.0000	0	0.0013	0
E	0.0000	0	0.0012	0
H	0.0000	0	0.0033	0
I	0.0000	0	0.0009	0
K	0.0000	0	0.0099	0
K	0.0000	0	0.0015	0
P	0.0000	0	0.0009	0
V	0.0000	0	0.0012	0
W	0.0000	0	0.0075	0
E	0.0000	0	0.0031	0
T	0.0000	0	0.0025	0
T	0.0000	0	0.0006	0
P	0.0000	0	0.0002	0
E	0.0000	0	0.0001	0
E	0.0000	0	0.0002	0
K	0.0000	0	0.0002	0
G	0.0000	0	0.0002	0
D	0.0000	0	0.0004	0
S	0.0000	0	0.0011	0
K	0.0000	0	0.0163	0
S	0.0000	0	0.0466	0
</pre></body></html>