<html><head></head><body><pre style="word-wrap: break-word; white-space: pre-wrap;">&gt;Q5SJ64
Amino Acid	probability_DNA	binary_DNA	probability_RNA	binary_RNA
M	0.0166	0	0.0000	0
R	0.0058	0	0.0000	0
N	0.0091	0	0.0000	0
Q	0.0017	0	0.0000	0
E	0.0003	0	0.0000	0
L	0.0002	0	0.0000	0
A	0.0003	0	0.0000	0
R	0.0005	0	0.0000	0
I	0.0001	0	0.0000	0
F	0.0002	0	0.0000	0
E	0.0009	0	0.0000	0
E	0.0002	0	0.0000	0
I	0.0002	0	0.0000	0
G	0.0002	0	0.0000	0
L	0.0001	0	0.0000	0
M	0.0001	0	0.0000	0
S	0.0003	0	0.0000	0
E	0.0007	0	0.0000	0
F	0.0003	0	0.0000	0
L	0.0011	0	0.0000	0
G	0.0055	0	0.0000	0
D	0.0103	0	0.0000	0
N	0.0106	0	0.0000	0
P	0.0069	0	0.0000	0
F	0.3661	1	0.0000	0
R	0.8791	1	0.0000	0
V	0.0606	0	0.0000	0
R	0.9510	1	0.0000	0
A	0.8243	1	0.0000	0
Y	0.5640	1	0.0000	0
H	0.1463	0	0.0000	0
Q	0.7819	1	0.0000	0
A	0.0062	0	0.0000	0
A	0.0028	0	0.0000	0
R	0.0173	0	0.0000	0
T	0.0045	0	0.0000	0
L	0.0002	0	0.0000	0
Y	0.0053	0	0.0000	0
D	0.0005	0	0.0000	0
L	0.0002	0	0.0000	0
D	0.0003	0	0.0000	0
T	0.0011	0	0.0000	0
P	0.0004	0	0.0000	0
I	0.0002	0	0.0000	0
E	0.0003	0	0.0000	0
E	0.0004	0	0.0000	0
I	0.0002	0	0.0000	0
A	0.0003	0	0.0000	0
E	0.0007	0	0.0000	0
K	0.0026	0	0.0000	0
G	0.0029	0	0.0000	0
K	0.0026	0	0.0000	0
E	0.0018	0	0.0000	0
A	0.0007	0	0.0000	0
L	0.0006	0	0.0000	0
M	0.0033	0	0.0000	0
E	0.0246	0	0.0000	0
L	0.4378	1	0.0000	0
P	0.6279	1	0.0000	0
G	0.9734	1	0.0000	0
V	0.6729	1	0.0000	0
G	0.9233	1	0.0000	0
P	0.8689	1	0.0000	0
D	0.9768	1	0.0000	0
L	0.7753	1	0.0000	0
A	0.0095	0	0.0000	0
E	0.0557	0	0.0000	0
K	0.1580	0	0.0000	0
I	0.0012	0	0.0000	0
L	0.0036	0	0.0000	0
E	0.0533	0	0.0000	0
F	0.0029	0	0.0000	0
L	0.0029	0	0.0000	0
R	0.0039	0	0.0000	0
T	0.0019	0	0.0000	0
G	0.0012	0	0.0000	0
K	0.0060	0	0.0000	0
V	0.0010	0	0.0000	0
R	0.0066	0	0.0000	0
K	0.0041	0	0.0000	0
H	0.0011	0	0.0000	0
E	0.0010	0	0.0000	0
E	0.0006	0	0.0000	0
L	0.0005	0	0.0000	0
S	0.0031	0	0.0000	0
R	0.0027	0	0.0000	0
K	0.0015	0	0.0000	0
V	0.0009	0	0.0000	0
P	0.0123	0	0.0000	0
R	0.0156	0	0.0000	0
G	0.0018	0	0.0000	0
V	0.0010	0	0.0000	0
L	0.0008	0	0.0000	0
E	0.0027	0	0.0000	0
V	0.0011	0	0.0000	0
M	0.0113	0	0.0000	0
E	0.3798	1	0.0000	0
V	0.3689	1	0.0000	0
P	0.8276	1	0.0000	0
G	0.9490	1	0.0000	0
V	0.9299	1	0.0000	0
G	0.9786	1	0.0000	0
P	0.4525	1	0.0000	0
K	0.9820	1	0.0000	0
T	0.8108	1	0.0000	0
A	0.0064	0	0.0000	0
R	0.1379	0	0.0000	0
L	0.1112	0	0.0000	0
L	0.0010	0	0.0000	0
Y	0.1752	0	0.0000	0
E	0.0088	0	0.0000	0
G	0.0048	0	0.0000	0
L	0.0012	0	0.0000	0
G	0.0035	0	0.0000	0
I	0.0018	0	0.0000	0
D	0.0197	0	0.0000	0
S	0.0063	0	0.0000	0
L	0.0006	0	0.0000	0
E	0.0006	0	0.0000	0
K	0.0006	0	0.0000	0
L	0.0001	0	0.0000	0
K	0.0025	0	0.0000	0
A	0.0007	0	0.0000	0
A	0.0007	0	0.0000	0
L	0.0003	0	0.0000	0
D	0.0013	0	0.0000	0
R	0.0463	0	0.0000	0
G	0.0033	0	0.0000	0
D	0.0046	0	0.0000	0
L	0.0014	0	0.0000	0
T	0.1118	0	0.0000	0
R	0.1553	0	0.0000	0
L	0.0387	0	0.0000	0
K	0.3820	1	0.0000	0
G	0.6979	1	0.0000	0
F	0.2645	0	0.0000	0
G	0.4158	1	0.0000	0
P	0.4591	1	0.0000	0
K	0.6146	1	0.0000	0
R	0.6471	1	0.0000	0
A	0.0179	0	0.0000	0
E	0.0060	0	0.0000	0
R	0.0278	0	0.0000	0
I	0.0004	0	0.0000	0
R	0.0016	0	0.0000	0
E	0.0021	0	0.0000	0
G	0.0013	0	0.0000	0
L	0.0008	0	0.0000	0
A	0.0015	0	0.0000	0
L	0.0007	0	0.0000	0
A	0.0010	0	0.0000	0
Q	0.0008	0	0.0000	0
A	0.0006	0	0.0000	0
A	0.0119	0	0.0000	0
G	0.0018	0	0.0000	0
K	0.0032	0	0.0000	0
R	0.1443	0	0.0000	0
R	0.0132	0	0.0000	0
P	0.0010	0	0.0000	0
L	0.0484	0	0.0000	0
G	0.0009	0	0.0000	0
A	0.0006	0	0.0000	0
V	0.0004	0	0.0000	0
L	0.0010	0	0.0000	0
S	0.0035	0	0.0000	0
L	0.0007	0	0.0000	0
A	0.0002	0	0.0000	0
R	0.0005	0	0.0000	0
S	0.0007	0	0.0000	0
L	0.0002	0	0.0000	0
L	0.0017	0	0.0000	0
E	0.0008	0	0.0000	0
A	0.0012	0	0.0000	0
I	0.0002	0	0.0000	0
R	0.0021	0	0.0000	0
A	0.0008	0	0.0000	0
L	0.0002	0	0.0000	0
P	0.0006	0	0.0000	0
G	0.0016	0	0.0000	0
V	0.0004	0	0.0000	0
E	0.0007	0	0.0000	0
R	0.0046	0	0.0000	0
A	0.0009	0	0.0000	0
E	0.0080	0	0.0000	0
L	0.0077	0	0.0000	0
C	0.0761	0	0.0000	0
G	0.5459	1	0.0000	0
S	0.4479	1	0.0000	0
A	0.0098	0	0.0000	0
R	0.3164	0	0.0000	0
R	0.6113	1	0.0000	0
Y	0.0017	0	0.0000	0
K	0.0018	0	0.0000	0
D	0.0007	0	0.0000	0
T	0.0020	0	0.0000	0
V	0.0063	0	0.0000	0
G	0.2832	0	0.0000	0
D	0.7815	1	0.0000	0
L	0.0082	0	0.0000	0
D	0.7439	1	0.0000	0
F	0.0107	0	0.0000	0
L	0.0243	0	0.0000	0
V	0.0016	0	0.0000	0
A	0.0020	0	0.0000	0
S	0.0092	0	0.0000	0
R	0.0191	0	0.0000	0
E	0.0078	0	0.0000	0
G	0.0078	0	0.0000	0
E	0.0355	0	0.0000	0
R	0.1829	0	0.0000	0
A	0.0142	0	0.0000	0
V	0.0028	0	0.0000	0
E	0.0101	0	0.0000	0
G	0.0050	0	0.0000	0
F	0.0012	0	0.0000	0
V	0.0005	0	0.0000	0
R	0.0016	0	0.0000	0
L	0.0005	0	0.0000	0
P	0.0015	0	0.0000	0
Q	0.0026	0	0.0000	0
V	0.0014	0	0.0000	0
K	0.0020	0	0.0000	0
E	0.0027	0	0.0000	0
V	0.0102	0	0.0000	0
Y	0.0143	0	0.0000	0
A	0.0042	0	0.0000	0
K	0.0888	0	0.0000	0
G	0.1006	0	0.0000	0
K	0.2067	0	0.0000	0
E	0.4824	1	0.0000	0
R	0.6503	1	0.0000	0
A	0.0566	0	0.0000	0
T	0.0432	0	0.0000	0
V	0.0073	0	0.0000	0
F	0.1474	0	0.0000	0
L	0.0052	0	0.0000	0
K	0.5614	1	0.0000	0
N	0.1458	0	0.0000	0
G	0.0508	0	0.0000	0
L	0.0925	0	0.0000	0
Q	0.7906	1	0.0000	0
V	0.0363	0	0.0000	0
D	0.2788	0	0.0000	0
L	0.0051	0	0.0000	0
R	0.1292	0	0.0000	0
V	0.0019	0	0.0000	0
V	0.0006	0	0.0000	0
P	0.0015	0	0.0000	0
P	0.0024	0	0.0000	0
E	0.0055	0	0.0000	0
S	0.0017	0	0.0000	0
Y	0.0320	0	0.0000	0
G	0.0021	0	0.0000	0
A	0.0044	0	0.0000	0
G	0.0019	0	0.0000	0
L	0.0100	0	0.0000	0
Q	0.0811	0	0.0000	0
Y	0.8547	1	0.0000	0
L	0.6766	1	0.0000	0
T	0.4353	1	0.0000	0
G	0.7491	1	0.0000	0
S	0.4471	1	0.0000	0
K	0.9358	1	0.0000	0
A	0.7523	1	0.0000	0
H	0.0676	0	0.0000	0
S	0.4020	1	0.0001	0
I	0.7948	1	0.0000	0
R	0.0832	0	0.0000	0
L	0.0019	0	0.0000	0
R	0.9007	1	0.0000	0
A	0.2820	0	0.0000	0
L	0.0248	0	0.0000	0
A	0.0043	0	0.0000	0
Q	0.6623	1	0.0000	0
E	0.0892	0	0.0000	0
K	0.7078	1	0.0000	0
G	0.0305	0	0.0000	0
L	0.0128	0	0.0000	0
K	0.8337	1	0.0000	0
L	0.6380	1	0.0000	0
S	0.9284	1	0.0000	0
E	0.5076	1	0.0000	0
Y	0.3920	1	0.0000	0
G	0.0106	0	0.0000	0
V	0.0043	0	0.0000	0
F	0.2140	0	0.0000	0
R	0.2398	0	0.0000	0
G	0.1221	0	0.0000	0
E	0.0280	0	0.0000	0
K	0.0483	0	0.0000	0
R	0.1010	0	0.0000	0
I	0.0280	0	0.0000	0
A	0.0047	0	0.0000	0
G	0.0020	0	0.0000	0
E	0.0072	0	0.0000	0
T	0.0403	0	0.0000	0
E	0.0269	0	0.0000	0
E	0.0088	0	0.0000	0
E	0.0007	0	0.0000	0
V	0.0001	0	0.0000	0
Y	0.0003	0	0.0000	0
A	0.0002	0	0.0000	0
A	0.0001	0	0.0000	0
L	0.0001	0	0.0000	0
G	0.0001	0	0.0000	0
L	0.0001	0	0.0000	0
P	0.0003	0	0.0000	0
W	0.0109	0	0.0000	0
I	0.0020	0	0.0000	0
P	0.0004	0	0.0000	0
P	0.0006	0	0.0000	0
P	0.0003	0	0.0000	0
L	0.0002	0	0.0000	0
R	0.0191	0	0.0000	0
E	0.0017	0	0.0000	0
D	0.0007	0	0.0000	0
Q	0.0007	0	0.0000	0
G	0.0004	0	0.0000	0
E	0.0002	0	0.0000	0
V	0.0001	0	0.0000	0
E	0.0004	0	0.0000	0
A	0.0001	0	0.0000	0
A	0.0001	0	0.0000	0
L	0.0003	0	0.0000	0
E	0.0004	0	0.0000	0
G	0.0005	0	0.0000	0
R	0.0005	0	0.0000	0
L	0.0002	0	0.0000	0
P	0.0003	0	0.0000	0
K	0.0012	0	0.0000	0
L	0.0002	0	0.0000	0
L	0.0004	0	0.0000	0
E	0.0008	0	0.0000	0
L	0.0007	0	0.0000	0
P	0.0015	0	0.0000	0
Q	0.0008	0	0.0000	0
V	0.0002	0	0.0000	0
K	0.0146	0	0.0000	0
G	0.0017	0	0.0000	0
D	0.0183	0	0.0000	0
L	0.0013	0	0.0000	0
Q	0.5676	1	0.0010	0
V	0.1594	0	0.0005	0
H	0.7282	1	0.0068	0
S	0.0617	0	0.0001	0
T	0.0150	0	0.0000	0
Y	0.0186	0	0.0003	0
S	0.0053	0	0.0004	0
D	0.0213	0	0.0028	0
G	0.0017	0	0.0001	0
Q	0.0075	0	0.0013	0
N	0.0012	0	0.0000	0
T	0.0048	0	0.0002	0
L	0.0003	0	0.0000	0
E	0.0002	0	0.0000	0
E	0.0000	0	0.0000	0
L	0.0000	0	0.0000	0
W	0.0000	0	0.0000	0
E	0.0001	0	0.0000	0
A	0.0000	0	0.0000	0
A	0.0000	0	0.0000	0
K	0.0001	0	0.0000	0
T	0.0001	0	0.0000	0
M	0.0001	0	0.0000	0
G	0.0001	0	0.0000	0
Y	0.0001	0	0.0000	0
R	0.0001	0	0.0000	0
Y	0.0001	0	0.0000	0
L	0.0000	0	0.0000	0
A	0.0001	0	0.0000	0
V	0.0001	0	0.0000	0
T	0.1202	0	0.0010	0
D	0.2440	0	0.0022	0
H	0.6499	1	0.0026	0
S	0.0251	0	0.0000	0
P	0.1101	0	0.0001	0
A	0.1837	0	0.0001	0
V	0.1272	0	0.0001	0
R	0.2353	0	0.0002	0
V	0.3277	0	0.0004	0
A	0.1134	0	0.0001	0
G	0.0879	0	0.0001	0
G	0.0151	0	0.0000	0
P	0.0042	0	0.0000	0
S	0.0055	0	0.0000	0
P	0.0038	0	0.0000	0
E	0.0016	0	0.0000	0
E	0.0103	0	0.0000	0
A	0.0004	0	0.0000	0
L	0.0041	0	0.0000	0
K	0.0013	0	0.0000	0
R	0.0058	0	0.0000	0
V	0.0001	0	0.0000	0
G	0.0001	0	0.0000	0
E	0.0001	0	0.0000	0
I	0.0000	0	0.0000	0
R	0.0004	0	0.0000	0
R	0.0001	0	0.0000	0
F	0.0000	0	0.0000	0
N	0.0001	0	0.0000	0
E	0.0002	0	0.0000	0
T	0.0002	0	0.0000	0
H	0.0002	0	0.0000	0
G	0.0000	0	0.0000	0
P	0.0001	0	0.0000	0
P	0.0001	0	0.0000	0
Y	0.0002	0	0.0000	0
L	0.0001	0	0.0000	0
L	0.0001	0	0.0000	0
A	0.0001	0	0.0000	0
G	0.0013	0	0.0000	0
A	0.0014	0	0.0000	0
E	0.0914	0	0.0024	0
V	0.0014	0	0.0000	0
D	0.0024	0	0.0000	0
I	0.0005	0	0.0000	0
H	0.0007	0	0.0000	0
P	0.0005	0	0.0000	0
D	0.0003	0	0.0000	0
G	0.0001	0	0.0000	0
T	0.0002	0	0.0000	0
L	0.0001	0	0.0000	0
D	0.0001	0	0.0000	0
Y	0.0001	0	0.0000	0
P	0.0001	0	0.0000	0
D	0.0000	0	0.0000	0
W	0.0000	0	0.0000	0
V	0.0000	0	0.0000	0
L	0.0000	0	0.0000	0
R	0.0001	0	0.0000	0
E	0.0002	0	0.0000	0
L	0.0000	0	0.0000	0
D	0.0001	0	0.0000	0
L	0.0000	0	0.0000	0
V	0.0000	0	0.0000	0
L	0.0000	0	0.0000	0
V	0.0000	0	0.0000	0
S	0.0004	0	0.0000	0
V	0.0005	0	0.0000	0
H	0.0167	0	0.0015	0
S	0.0038	0	0.0001	0
R	0.0044	0	0.0001	0
F	0.0006	0	0.0000	0
N	0.0004	0	0.0000	0
L	0.0002	0	0.0000	0
P	0.0003	0	0.0000	0
K	0.0006	0	0.0000	0
A	0.0002	0	0.0000	0
D	0.0001	0	0.0000	0
Q	0.0000	0	0.0000	0
T	0.0000	0	0.0000	0
K	0.0002	0	0.0000	0
R	0.0000	0	0.0000	0
L	0.0000	0	0.0000	0
L	0.0000	0	0.0000	0
K	0.0000	0	0.0000	0
A	0.0000	0	0.0000	0
L	0.0000	0	0.0000	0
E	0.0000	0	0.0000	0
N	0.0000	0	0.0000	0
P	0.0000	0	0.0000	0
F	0.0000	0	0.0000	0
V	0.0000	0	0.0000	0
H	0.0000	0	0.0000	0
V	0.0000	0	0.0000	0
L	0.0001	0	0.0000	0
A	0.0000	0	0.0000	0
H	0.0005	0	0.0006	0
P	0.0001	0	0.0000	0
T	0.0002	0	0.0000	0
A	0.0005	0	0.0001	0
R	0.0004	0	0.0000	0
L	0.0004	0	0.0000	0
L	0.0019	0	0.0001	0
G	0.0136	0	0.0007	0
R	0.0046	0	0.0001	0
R	0.0027	0	0.0001	0
A	0.0011	0	0.0000	0
P	0.0011	0	0.0000	0
I	0.0006	0	0.0000	0
E	0.0003	0	0.0000	0
A	0.0001	0	0.0000	0
D	0.0001	0	0.0000	0
W	0.0000	0	0.0000	0
E	0.0000	0	0.0000	0
A	0.0000	0	0.0000	0
V	0.0000	0	0.0000	0
F	0.0000	0	0.0000	0
Q	0.0000	0	0.0000	0
K	0.0000	0	0.0000	0
A	0.0000	0	0.0000	0
K	0.0001	0	0.0000	0
E	0.0001	0	0.0000	0
K	0.0001	0	0.0000	0
G	0.0000	0	0.0000	0
V	0.0000	0	0.0000	0
A	0.0000	0	0.0000	0
V	0.0001	0	0.0000	0
E	0.0227	0	0.0028	0
I	0.0043	0	0.0002	0
D	0.0600	0	0.0078	0
G	0.0519	0	0.0050	0
Y	0.4325	1	0.0441	0
Y	0.5652	1	0.0346	0
D	0.2985	0	0.0188	0
R	0.5606	1	0.0455	0
M	0.1145	0	0.0013	0
D	0.0772	0	0.0009	0
L	0.0111	0	0.0001	0
P	0.0141	0	0.0004	0
D	0.0043	0	0.0001	0
D	0.0152	0	0.0007	0
L	0.0004	0	0.0000	0
A	0.0001	0	0.0000	0
R	0.0004	0	0.0001	0
M	0.0001	0	0.0000	0
A	0.0000	0	0.0000	0
Y	0.0001	0	0.0000	0
G	0.0000	0	0.0000	0
M	0.0000	0	0.0000	0
G	0.0000	0	0.0000	0
L	0.0000	0	0.0000	0
W	0.0000	0	0.0000	0
I	0.0000	0	0.0000	0
S	0.0000	0	0.0000	0
L	0.0000	0	0.0000	0
S	0.0007	0	0.0006	0
T	0.0021	0	0.0030	0
D	0.0480	0	0.1171	0
A	0.0016	0	0.0031	0
H	0.0977	0	0.1527	1
Q	0.0104	0	0.0022	0
T	0.0007	0	0.0000	0
D	0.0034	0	0.0005	0
H	0.0002	0	0.0000	0
L	0.0001	0	0.0000	0
R	0.0027	0	0.0015	0
F	0.0004	0	0.0001	0
M	0.0001	0	0.0000	0
E	0.0005	0	0.0001	0
L	0.0001	0	0.0000	0
A	0.0001	0	0.0000	0
V	0.0001	0	0.0000	0
G	0.0001	0	0.0000	0
T	0.0000	0	0.0000	0
A	0.0000	0	0.0000	0
Q	0.0000	0	0.0000	0
R	0.0001	0	0.0000	0
A	0.0001	0	0.0000	0
W	0.0001	0	0.0000	0
I	0.0001	0	0.0000	0
G	0.0001	0	0.0000	0
P	0.0002	0	0.0000	0
E	0.0004	0	0.0000	0
R	0.0002	0	0.0000	0
V	0.0000	0	0.0000	0
L	0.0000	0	0.0000	0
N	0.0001	0	0.0000	0
T	0.0001	0	0.0000	0
L	0.0001	0	0.0000	0
D	0.0002	0	0.0000	0
Y	0.0003	0	0.0000	0
E	0.0004	0	0.0000	0
D	0.0003	0	0.0000	0
L	0.0001	0	0.0000	0
L	0.0002	0	0.0000	0
S	0.0021	0	0.0003	0
W	0.0006	0	0.0000	0
L	0.0003	0	0.0000	0
K	0.0064	0	0.0001	0
A	0.0083	0	0.0000	0
R	0.1381	0	0.0000	0
R	0.0524	0	0.0000	0
G	0.1233	0	0.0000	0
V	0.1196	0	0.0000	0
</pre></body></html>