<html><head></head><body><pre style="word-wrap: break-word; white-space: pre-wrap;">&gt;P52874
Amino Acid	probability_DNA	binary_DNA	probability_RNA	binary_RNA
M	0.0510	0	0.0002	0
S	0.0071	0	0.0000	0
E	0.0013	0	0.0000	0
E	0.0007	0	0.0000	0
N	0.0019	0	0.0000	0
V	0.0009	0	0.0000	0
Q	0.0037	0	0.0001	0
E	0.0099	0	0.0002	0
F	0.0017	0	0.0000	0
V	0.0341	0	0.0003	0
L	0.0023	0	0.0000	0
K	0.0076	0	0.0000	0
E	0.0149	0	0.0000	0
D	0.0116	0	0.0001	0
C	0.0057	0	0.0000	0
E	0.0203	0	0.0001	0
L	0.0005	0	0.0000	0
R	0.0298	0	0.0001	0
F	0.0006	0	0.0000	0
A	0.0003	0	0.0000	0
A	0.0002	0	0.0000	0
G	0.0003	0	0.0000	0
D	0.0003	0	0.0000	0
D	0.0002	0	0.0000	0
S	0.0003	0	0.0000	0
D	0.0004	0	0.0000	0
V	0.0002	0	0.0000	0
C	0.0039	0	0.0001	0
L	0.0002	0	0.0000	0
E	0.0027	0	0.0000	0
L	0.0004	0	0.0000	0
V	0.0007	0	0.0000	0
K	0.0041	0	0.0001	0
G	0.0015	0	0.0000	0
Y	0.0079	0	0.0001	0
A	0.0005	0	0.0000	0
E	0.0044	0	0.0001	0
I	0.0002	0	0.0000	0
F	0.0005	0	0.0000	0
G	0.0003	0	0.0000	0
T	0.0012	0	0.0000	0
E	0.0248	0	0.0000	0
L	0.0054	0	0.0000	0
L	0.0496	0	0.0002	0
L	0.0398	0	0.0001	0
N	0.0173	0	0.0000	0
K	0.0409	0	0.0001	0
K	0.0298	0	0.0000	0
Y	0.0140	0	0.0000	0
T	0.0138	0	0.0000	0
F	0.0024	0	0.0000	0
P	0.0018	0	0.0000	0
A	0.0031	0	0.0000	0
K	0.0062	0	0.0001	0
S	0.0030	0	0.0000	0
R	0.0171	0	0.0001	0
V	0.0007	0	0.0000	0
A	0.0003	0	0.0000	0
A	0.0002	0	0.0000	0
F	0.0008	0	0.0000	0
T	0.0005	0	0.0000	0
W	0.0014	0	0.0000	0
K	0.0032	0	0.0001	0
G	0.0004	0	0.0000	0
A	0.0002	0	0.0000	0
T	0.0034	0	0.0001	0
I	0.0003	0	0.0000	0
E	0.0018	0	0.0000	0
L	0.0001	0	0.0000	0
V	0.0005	0	0.0000	0
G	0.0008	0	0.0000	0
T	0.0093	0	0.0001	0
T	0.0020	0	0.0000	0
E	0.0024	0	0.0000	0
S	0.0007	0	0.0000	0
A	0.0004	0	0.0000	0
Y	0.0012	0	0.0000	0
V	0.0004	0	0.0000	0
A	0.0003	0	0.0000	0
E	0.0008	0	0.0000	0
S	0.0016	0	0.0001	0
T	0.0038	0	0.0001	0
P	0.0008	0	0.0000	0
M	0.0011	0	0.0000	0
V	0.0018	0	0.0001	0
I	0.0004	0	0.0000	0
Y	0.0005	0	0.0000	0
L	0.0001	0	0.0000	0
N	0.0031	0	0.0004	0
I	0.0003	0	0.0000	0
H	0.0004	0	0.0000	0
A	0.0001	0	0.0000	0
A	0.0000	0	0.0000	0
M	0.0001	0	0.0000	0
E	0.0004	0	0.0001	0
E	0.0002	0	0.0000	0
V	0.0001	0	0.0000	0
R	0.0005	0	0.0001	0
K	0.0004	0	0.0000	0
K	0.0001	0	0.0000	0
R	0.0001	0	0.0000	0
E	0.0002	0	0.0000	0
E	0.0004	0	0.0000	0
Q	0.0005	0	0.0000	0
A	0.0001	0	0.0000	0
A	0.0002	0	0.0000	0
G	0.0002	0	0.0000	0
N	0.0003	0	0.0000	0
S	0.0015	0	0.0002	0
N	0.0013	0	0.0001	0
K	0.0032	0	0.0002	0
A	0.0031	0	0.0001	0
K	0.0015	0	0.0001	0
G	0.0004	0	0.0000	0
P	0.0002	0	0.0000	0
R	0.0006	0	0.0001	0
L	0.0001	0	0.0000	0
L	0.0001	0	0.0000	0
L	0.0002	0	0.0000	0
V	0.0010	0	0.0000	0
G	0.0075	0	0.0001	0
P	0.1069	0	0.0004	0
T	0.0330	0	0.0001	0
D	0.0604	0	0.0002	0
V	0.0402	0	0.0001	0
G	0.2856	0	0.0005	0
K	0.5234	1	0.0000	0
T	0.5151	1	0.0000	0
T	0.3656	1	0.0000	0
V	0.0064	0	0.0000	0
S	0.0054	0	0.0000	0
R	0.0182	0	0.0000	0
I	0.0013	0	0.0000	0
L	0.0001	0	0.0000	0
C	0.0001	0	0.0000	0
N	0.0010	0	0.0000	0
Y	0.0004	0	0.0000	0
S	0.0001	0	0.0000	0
V	0.0002	0	0.0000	0
R	0.0005	0	0.0000	0
Q	0.0004	0	0.0000	0
G	0.0003	0	0.0000	0
R	0.0003	0	0.0000	0
T	0.0004	0	0.0000	0
P	0.0001	0	0.0000	0
I	0.0001	0	0.0000	0
F	0.0002	0	0.0000	0
V	0.0003	0	0.0000	0
E	0.0033	0	0.0000	0
L	0.0014	0	0.0000	0
D	0.0163	0	0.0000	0
V	0.0082	0	0.0000	0
G	0.0541	0	0.0000	0
Q	0.0751	0	0.0000	0
N	0.0379	0	0.0000	0
S	0.0353	0	0.0000	0
V	0.0078	0	0.0000	0
S	0.0051	0	0.0000	0
V	0.0034	0	0.0000	0
P	0.0043	0	0.0000	0
G	0.0034	0	0.0000	0
T	0.0059	0	0.0000	0
V	0.0005	0	0.0000	0
A	0.0050	0	0.0000	0
A	0.0003	0	0.0000	0
V	0.0002	0	0.0000	0
L	0.0002	0	0.0000	0
V	0.0001	0	0.0000	0
Q	0.0003	0	0.0000	0
K	0.0003	0	0.0000	0
T	0.0004	0	0.0000	0
A	0.0003	0	0.0000	0
D	0.0003	0	0.0000	0
V	0.0004	0	0.0000	0
I	0.0011	0	0.0000	0
D	0.0032	0	0.0000	0
G	0.0049	0	0.0000	0
F	0.0063	0	0.0000	0
E	0.0078	0	0.0000	0
R	0.0281	0	0.0000	0
N	0.0071	0	0.0000	0
Q	0.0063	0	0.0000	0
P	0.0031	0	0.0000	0
I	0.0017	0	0.0000	0
V	0.0036	0	0.0000	0
F	0.0017	0	0.0000	0
N	0.0057	0	0.0000	0
F	0.0007	0	0.0000	0
G	0.0013	0	0.0000	0
H	0.0207	0	0.0000	0
T	0.1339	0	0.0003	0
S	0.3763	1	0.0022	0
P	0.0710	0	0.0001	0
S	0.2280	0	0.0004	0
A	0.1757	0	0.0003	0
N	0.0611	0	0.0000	0
L	0.0164	0	0.0000	0
S	0.0342	0	0.0000	0
L	0.0022	0	0.0000	0
Y	0.0054	0	0.0000	0
E	0.0008	0	0.0000	0
A	0.0011	0	0.0000	0
L	0.0004	0	0.0000	0
F	0.0005	0	0.0000	0
K	0.0013	0	0.0000	0
E	0.0018	0	0.0000	0
M	0.0001	0	0.0000	0
A	0.0002	0	0.0000	0
T	0.0003	0	0.0000	0
T	0.0002	0	0.0000	0
L	0.0001	0	0.0000	0
N	0.0007	0	0.0000	0
A	0.0004	0	0.0000	0
Q	0.0008	0	0.0000	0
I	0.0002	0	0.0000	0
Q	0.0007	0	0.0000	0
E	0.0003	0	0.0000	0
N	0.0004	0	0.0000	0
D	0.0006	0	0.0000	0
E	0.0005	0	0.0000	0
A	0.0004	0	0.0000	0
K	0.0012	0	0.0000	0
I	0.0006	0	0.0000	0
G	0.0002	0	0.0000	0
G	0.0001	0	0.0000	0
M	0.0001	0	0.0000	0
I	0.0003	0	0.0000	0
I	0.0004	0	0.0000	0
N	0.0227	0	0.0001	0
T	0.0319	0	0.0001	0
C	0.0165	0	0.0002	0
G	0.0757	0	0.0012	0
W	0.2167	0	0.0091	0
V	0.0451	0	0.0014	0
D	0.4159	1	0.0221	0
G	0.1848	0	0.0057	0
E	0.0091	0	0.0001	0
G	0.0129	0	0.0001	0
Y	0.0122	0	0.0001	0
K	0.0015	0	0.0000	0
C	0.0003	0	0.0000	0
I	0.0011	0	0.0000	0
V	0.0010	0	0.0000	0
K	0.0001	0	0.0000	0
A	0.0001	0	0.0000	0
A	0.0002	0	0.0000	0
S	0.0008	0	0.0000	0
A	0.0003	0	0.0000	0
F	0.0006	0	0.0000	0
E	0.0023	0	0.0000	0
V	0.0005	0	0.0000	0
D	0.0102	0	0.0000	0
V	0.0029	0	0.0000	0
V	0.0006	0	0.0000	0
I	0.0002	0	0.0000	0
V	0.0005	0	0.0000	0
L	0.0015	0	0.0000	0
D	0.0064	0	0.0000	0
H	0.0770	0	0.0001	0
E	0.0248	0	0.0000	0
R	0.0492	0	0.0001	0
L	0.0040	0	0.0000	0
Y	0.0074	0	0.0000	0
S	0.0269	0	0.0002	0
D	0.0022	0	0.0000	0
L	0.0014	0	0.0000	0
S	0.0038	0	0.0000	0
K	0.0761	0	0.0005	0
E	0.0049	0	0.0000	0
L	0.0150	0	0.0001	0
P	0.0113	0	0.0000	0
E	0.0079	0	0.0001	0
F	0.0200	0	0.0003	0
V	0.0033	0	0.0000	0
R	0.0341	0	0.0004	0
L	0.0016	0	0.0000	0
T	0.0020	0	0.0000	0
H	0.0801	0	0.0009	0
V	0.0095	0	0.0000	0
P	0.1875	0	0.0005	0
K	0.3689	1	0.0007	0
S	0.3742	1	0.0011	0
G	0.1036	0	0.0001	0
G	0.0687	0	0.0000	0
V	0.2188	0	0.0001	0
E	0.0556	0	0.0000	0
Q	0.1582	0	0.0001	0
R	0.5346	1	0.0005	0
T	0.0680	0	0.0000	0
G	0.4251	1	0.0007	0
Q	0.0676	0	0.0000	0
I	0.0025	0	0.0000	0
R	0.1235	0	0.0005	0
S	0.2093	0	0.0007	0
K	0.0197	0	0.0000	0
M	0.0013	0	0.0000	0
R	0.4136	1	0.0055	0
G	0.0024	0	0.0000	0
E	0.0018	0	0.0000	0
N	0.0104	0	0.0000	0
V	0.0050	0	0.0000	0
H	0.0493	0	0.0002	0
R	0.1746	0	0.0011	0
Y	0.3419	0	0.0007	0
F	0.0024	0	0.0000	0
Y	0.0063	0	0.0000	0
G	0.0033	0	0.0000	0
T	0.0009	0	0.0000	0
R	0.0012	0	0.0000	0
A	0.0014	0	0.0000	0
N	0.0018	0	0.0000	0
N	0.0014	0	0.0000	0
L	0.0006	0	0.0000	0
Y	0.0006	0	0.0000	0
P	0.0003	0	0.0000	0
F	0.0012	0	0.0000	0
T	0.0003	0	0.0000	0
F	0.0002	0	0.0000	0
D	0.0002	0	0.0000	0
V	0.0001	0	0.0000	0
S	0.0007	0	0.0000	0
F	0.0006	0	0.0000	0
D	0.0005	0	0.0000	0
D	0.0015	0	0.0000	0
V	0.0004	0	0.0000	0
T	0.0020	0	0.0000	0
L	0.0003	0	0.0000	0
C	0.0004	0	0.0000	0
K	0.0026	0	0.0000	0
I	0.0004	0	0.0000	0
G	0.0003	0	0.0000	0
A	0.0002	0	0.0000	0
E	0.0002	0	0.0000	0
Q	0.0004	0	0.0000	0
L	0.0002	0	0.0000	0
P	0.0005	0	0.0000	0
D	0.0005	0	0.0000	0
S	0.0006	0	0.0000	0
C	0.0003	0	0.0000	0
L	0.0006	0	0.0000	0
P	0.0016	0	0.0000	0
F	0.0003	0	0.0000	0
G	0.0001	0	0.0000	0
M	0.0001	0	0.0000	0
E	0.0002	0	0.0000	0
V	0.0002	0	0.0000	0
E	0.0003	0	0.0000	0
N	0.0006	0	0.0000	0
H	0.0006	0	0.0000	0
E	0.0004	0	0.0000	0
T	0.0002	0	0.0000	0
K	0.0008	0	0.0000	0
L	0.0004	0	0.0000	0
V	0.0005	0	0.0000	0
I	0.0127	0	0.0000	0
M	0.0041	0	0.0000	0
E	0.0096	0	0.0000	0
P	0.0070	0	0.0000	0
S	0.0158	0	0.0000	0
A	0.0078	0	0.0000	0
D	0.0034	0	0.0000	0
I	0.0009	0	0.0000	0
K	0.0018	0	0.0000	0
H	0.0015	0	0.0000	0
H	0.0007	0	0.0000	0
L	0.0002	0	0.0000	0
F	0.0002	0	0.0000	0
A	0.0002	0	0.0000	0
F	0.0003	0	0.0000	0
S	0.0005	0	0.0000	0
R	0.0013	0	0.0000	0
S	0.0010	0	0.0000	0
T	0.0007	0	0.0000	0
K	0.0005	0	0.0000	0
A	0.0003	0	0.0000	0
D	0.0002	0	0.0000	0
E	0.0006	0	0.0000	0
N	0.0005	0	0.0000	0
V	0.0001	0	0.0000	0
L	0.0001	0	0.0000	0
K	0.0008	0	0.0000	0
S	0.0016	0	0.0000	0
P	0.0012	0	0.0000	0
V	0.0017	0	0.0000	0
F	0.0005	0	0.0000	0
G	0.0021	0	0.0000	0
F	0.0002	0	0.0000	0
C	0.0001	0	0.0000	0
L	0.0002	0	0.0000	0
V	0.0002	0	0.0000	0
T	0.0003	0	0.0000	0
E	0.0003	0	0.0000	0
V	0.0002	0	0.0000	0
D	0.0002	0	0.0000	0
L	0.0003	0	0.0000	0
E	0.0005	0	0.0000	0
K	0.0013	0	0.0000	0
R	0.0024	0	0.0000	0
T	0.0022	0	0.0000	0
M	0.0003	0	0.0000	0
S	0.0023	0	0.0000	0
I	0.0001	0	0.0000	0
L	0.0001	0	0.0000	0
C	0.0002	0	0.0000	0
P	0.0008	0	0.0000	0
Q	0.0030	0	0.0000	0
R	0.0017	0	0.0000	0
T	0.0030	0	0.0000	0
I	0.0004	0	0.0000	0
P	0.0006	0	0.0000	0
S	0.0007	0	0.0000	0
K	0.0007	0	0.0000	0
V	0.0001	0	0.0000	0
L	0.0002	0	0.0000	0
V	0.0001	0	0.0000	0
F	0.0012	0	0.0000	0
S	0.0018	0	0.0000	0
D	0.0710	0	0.0004	0
I	0.0034	0	0.0000	0
T	0.0989	0	0.0001	0
H	0.0359	0	0.0000	0
L	0.0284	0	0.0000	0
D	0.0098	0	0.0000	0
D	0.0054	0	0.0000	0
Q	0.0167	0	0.0001	0
I	0.0020	0	0.0000	0
K	0.0489	0	0.0006	0
R	0.3370	0	0.0068	0
</pre></body></html>