<html><head></head><body><pre style="word-wrap: break-word; white-space: pre-wrap;">&gt;Q27743
Amino Acid	probability_DNA	binary_DNA	probability_RNA	binary_RNA
M	0.2292	0	0.3673	1
A	0.0508	0	0.0526	0
P	0.0239	0	0.0123	0
K	0.0065	0	0.0044	0
A	0.0011	0	0.0028	0
K	0.0776	0	0.2450	1
I	0.0002	0	0.0004	0
V	0.0000	0	0.0002	0
L	0.0001	0	0.0020	0
V	0.0000	0	0.0011	0
G	0.0001	0	0.0060	0
S	0.0001	0	0.0051	0
G	0.0029	0	0.1421	0
M	0.0030	0	0.0753	0
I	0.0008	0	0.0124	0
G	0.0036	0	0.0656	0
G	0.0101	0	0.0626	0
V	0.0099	0	0.0404	0
M	0.0075	0	0.0364	0
A	0.0055	0	0.0243	0
T	0.0002	0	0.0011	0
L	0.0001	0	0.0005	0
I	0.0000	0	0.0001	0
V	0.0000	0	0.0001	0
Q	0.0001	0	0.0004	0
K	0.0003	0	0.0012	0
N	0.0000	0	0.0001	0
L	0.0000	0	0.0002	0
G	0.0000	0	0.0002	0
D	0.0003	0	0.0016	0
V	0.0000	0	0.0001	0
V	0.0005	0	0.0016	0
L	0.0001	0	0.0004	0
F	0.0008	0	0.0138	0
D	0.0048	0	0.0476	0
I	0.0254	0	0.1438	0
V	0.0015	0	0.0093	0
K	0.0019	0	0.0168	0
N	0.0012	0	0.0071	0
M	0.0077	0	0.0947	0
P	0.0002	0	0.0030	0
H	0.0003	0	0.0136	0
G	0.0003	0	0.0149	0
K	0.0001	0	0.0007	0
A	0.0001	0	0.0010	0
L	0.0010	0	0.0177	0
D	0.0094	0	0.0901	0
T	0.0012	0	0.0104	0
S	0.0133	0	0.0595	0
H	0.0486	0	0.1214	0
T	0.0034	0	0.0123	0
N	0.0139	0	0.0514	0
V	0.0310	0	0.0663	0
M	0.0243	0	0.0321	0
A	0.0018	0	0.0017	0
Y	0.0042	0	0.0056	0
S	0.0056	0	0.0081	0
N	0.0127	0	0.0128	0
C	0.0022	0	0.0019	0
K	0.0143	0	0.0112	0
V	0.0012	0	0.0007	0
S	0.0011	0	0.0008	0
G	0.0004	0	0.0004	0
S	0.0003	0	0.0004	0
N	0.0005	0	0.0006	0
T	0.0001	0	0.0002	0
Y	0.0002	0	0.0006	0
D	0.0001	0	0.0001	0
D	0.0001	0	0.0002	0
L	0.0000	0	0.0001	0
A	0.0008	0	0.0062	0
G	0.0004	0	0.0025	0
A	0.0000	0	0.0002	0
D	0.0077	0	0.0215	0
V	0.0000	0	0.0001	0
V	0.0000	0	0.0001	0
I	0.0000	0	0.0000	0
V	0.0000	0	0.0000	0
T	0.0001	0	0.0001	0
A	0.0003	0	0.0001	0
G	0.0047	0	0.0012	0
F	0.0030	0	0.0003	0
T	0.0035	0	0.0002	0
K	0.0059	0	0.0003	0
A	0.0012	0	0.0000	0
P	0.0019	0	0.0000	0
G	0.0037	0	0.0001	0
K	0.0023	0	0.0001	0
S	0.0019	0	0.0000	0
D	0.0038	0	0.0001	0
K	0.0026	0	0.0000	0
E	0.0093	0	0.0001	0
W	0.0017	0	0.0000	0
N	0.0009	0	0.0000	0
R	0.0800	0	0.0057	0
D	0.0020	0	0.0001	0
D	0.0008	0	0.0000	0
L	0.0003	0	0.0000	0
L	0.0005	0	0.0001	0
P	0.0008	0	0.0002	0
L	0.0046	0	0.0020	0
N	0.0019	0	0.0006	0
N	0.0001	0	0.0000	0
K	0.0001	0	0.0000	0
I	0.0000	0	0.0000	0
M	0.0000	0	0.0000	0
I	0.0002	0	0.0001	0
E	0.0000	0	0.0000	0
I	0.0000	0	0.0000	0
G	0.0000	0	0.0000	0
G	0.0000	0	0.0000	0
H	0.0000	0	0.0000	0
I	0.0000	0	0.0000	0
K	0.0000	0	0.0000	0
K	0.0000	0	0.0000	0
N	0.0000	0	0.0000	0
C	0.0000	0	0.0000	0
P	0.0000	0	0.0000	0
N	0.0001	0	0.0001	0
A	0.0000	0	0.0000	0
F	0.0000	0	0.0000	0
I	0.0000	0	0.0000	0
I	0.0000	0	0.0000	0
V	0.0000	0	0.0001	0
V	0.0004	0	0.0046	0
T	0.0752	0	0.6315	1
N	0.2934	0	0.8407	1
P	0.0719	0	0.4499	1
V	0.0145	0	0.1102	0
D	0.0389	0	0.2147	1
V	0.0037	0	0.0191	0
M	0.0010	0	0.0063	0
V	0.0009	0	0.0051	0
Q	0.0001	0	0.0005	0
L	0.0000	0	0.0002	0
L	0.0000	0	0.0001	0
H	0.0001	0	0.0009	0
Q	0.0003	0	0.0027	0
H	0.0000	0	0.0001	0
S	0.0000	0	0.0000	0
G	0.0000	0	0.0002	0
V	0.0000	0	0.0001	0
P	0.0001	0	0.0003	0
K	0.0002	0	0.0005	0
N	0.0001	0	0.0003	0
K	0.0002	0	0.0005	0
I	0.0001	0	0.0001	0
I	0.0002	0	0.0008	0
G	0.0019	0	0.0040	0
L	0.0045	0	0.0225	0
G	0.0250	0	0.1090	0
G	0.0200	0	0.0635	0
V	0.0136	0	0.0455	0
L	0.0013	0	0.0030	0
D	0.0009	0	0.0026	0
T	0.0013	0	0.0051	0
S	0.0008	0	0.0015	0
R	0.0980	0	0.0991	0
L	0.0006	0	0.0003	0
K	0.0068	0	0.0104	0
Y	0.0022	0	0.0055	0
Y	0.0000	0	0.0000	0
I	0.0000	0	0.0000	0
S	0.0000	0	0.0002	0
Q	0.0000	0	0.0001	0
K	0.0000	0	0.0001	0
L	0.0000	0	0.0001	0
N	0.0001	0	0.0002	0
V	0.0000	0	0.0001	0
C	0.0000	0	0.0001	0
P	0.0002	0	0.0002	0
R	0.0002	0	0.0003	0
D	0.0009	0	0.0016	0
V	0.0005	0	0.0010	0
N	0.0354	0	0.0755	0
A	0.0028	0	0.0064	0
H	0.0053	0	0.0110	0
I	0.0266	0	0.0338	0
V	0.0195	0	0.0224	0
G	0.0592	0	0.0951	0
A	0.0185	0	0.0270	0
H	0.2621	0	0.2314	1
G	0.0287	0	0.0238	0
N	0.0314	0	0.0224	0
K	0.1571	0	0.1083	0
M	0.0673	0	0.0600	0
V	0.0254	0	0.0223	0
L	0.0034	0	0.0046	0
L	0.0003	0	0.0006	0
K	0.0033	0	0.0192	0
R	0.0025	0	0.0092	0
Y	0.0004	0	0.0011	0
I	0.0000	0	0.0000	0
T	0.0001	0	0.0001	0
V	0.0000	0	0.0000	0
G	0.0001	0	0.0002	0
G	0.0000	0	0.0001	0
I	0.0001	0	0.0001	0
P	0.0002	0	0.0002	0
L	0.0003	0	0.0002	0
Q	0.0005	0	0.0006	0
E	0.0000	0	0.0001	0
F	0.0000	0	0.0000	0
I	0.0000	0	0.0000	0
N	0.0001	0	0.0001	0
N	0.0000	0	0.0000	0
K	0.0000	0	0.0000	0
L	0.0000	0	0.0000	0
I	0.0000	0	0.0000	0
S	0.0000	0	0.0000	0
D	0.0001	0	0.0001	0
A	0.0000	0	0.0000	0
E	0.0000	0	0.0000	0
L	0.0000	0	0.0001	0
E	0.0000	0	0.0001	0
A	0.0000	0	0.0001	0
I	0.0000	0	0.0000	0
F	0.0001	0	0.0001	0
D	0.0001	0	0.0001	0
R	0.0029	0	0.0031	0
T	0.0001	0	0.0001	0
V	0.0023	0	0.0028	0
N	0.0018	0	0.0021	0
T	0.0008	0	0.0005	0
A	0.0007	0	0.0006	0
L	0.0003	0	0.0004	0
E	0.0001	0	0.0001	0
I	0.0001	0	0.0001	0
V	0.0003	0	0.0004	0
N	0.0006	0	0.0009	0
L	0.0036	0	0.0078	0
H	0.2967	0	0.3728	1
A	0.0396	0	0.0550	0
S	0.2644	0	0.3069	1
P	0.0616	0	0.0572	0
Y	0.0915	0	0.0809	0
V	0.0037	0	0.0037	0
A	0.0072	0	0.0127	0
P	0.0033	0	0.0028	0
A	0.0002	0	0.0001	0
A	0.0001	0	0.0001	0
A	0.0000	0	0.0000	0
I	0.0000	0	0.0000	0
I	0.0000	0	0.0000	0
E	0.0000	0	0.0000	0
M	0.0000	0	0.0000	0
A	0.0000	0	0.0000	0
E	0.0001	0	0.0002	0
S	0.0001	0	0.0001	0
Y	0.0000	0	0.0000	0
L	0.0000	0	0.0000	0
K	0.0004	0	0.0009	0
D	0.0000	0	0.0000	0
L	0.0000	0	0.0000	0
K	0.0001	0	0.0001	0
K	0.0002	0	0.0002	0
V	0.0001	0	0.0001	0
L	0.0003	0	0.0002	0
I	0.0002	0	0.0001	0
C	0.0002	0	0.0001	0
S	0.0028	0	0.0035	0
T	0.0003	0	0.0004	0
L	0.0006	0	0.0011	0
L	0.0007	0	0.0033	0
E	0.0017	0	0.0069	0
G	0.0014	0	0.0058	0
Q	0.0008	0	0.0033	0
Y	0.0072	0	0.0243	0
G	0.0019	0	0.0058	0
H	0.0004	0	0.0008	0
S	0.0007	0	0.0014	0
D	0.0008	0	0.0019	0
I	0.0001	0	0.0001	0
F	0.0006	0	0.0008	0
G	0.0004	0	0.0006	0
G	0.0003	0	0.0005	0
T	0.0002	0	0.0002	0
P	0.0001	0	0.0001	0
V	0.0001	0	0.0000	0
V	0.0004	0	0.0002	0
L	0.0001	0	0.0000	0
G	0.0003	0	0.0001	0
A	0.0004	0	0.0002	0
N	0.0003	0	0.0002	0
G	0.0002	0	0.0002	0
V	0.0005	0	0.0011	0
E	0.0003	0	0.0010	0
Q	0.0006	0	0.0022	0
V	0.0002	0	0.0006	0
I	0.0000	0	0.0001	0
E	0.0000	0	0.0000	0
L	0.0000	0	0.0000	0
Q	0.0000	0	0.0000	0
L	0.0003	0	0.0002	0
N	0.0005	0	0.0002	0
S	0.0002	0	0.0001	0
E	0.0003	0	0.0002	0
E	0.0000	0	0.0000	0
K	0.0004	0	0.0002	0
A	0.0001	0	0.0000	0
K	0.0001	0	0.0001	0
F	0.0000	0	0.0000	0
D	0.0000	0	0.0001	0
E	0.0001	0	0.0001	0
A	0.0001	0	0.0000	0
I	0.0000	0	0.0000	0
A	0.0000	0	0.0000	0
E	0.0000	0	0.0001	0
T	0.0000	0	0.0001	0
K	0.0006	0	0.0178	0
R	0.0001	0	0.0018	0
M	0.0000	0	0.0001	0
K	0.0000	0	0.0016	0
A	0.0000	0	0.0006	0
L	0.0000	0	0.0002	0
A	0.0001	0	0.0005	0
</pre></body></html>