<html><head></head><body><pre style="word-wrap: break-word; white-space: pre-wrap;">&gt;Q9NVV9
Amino Acid	probability_DNA	binary_DNA	probability_RNA	binary_RNA
M	0.3485	0	0.0002	0
V	0.0182	0	0.0000	0
Q	0.0147	0	0.0000	0
S	0.0012	0	0.0000	0
C	0.0002	0	0.0000	0
S	0.0002	0	0.0000	0
A	0.0003	0	0.0000	0
Y	0.0002	0	0.0000	0
G	0.0006	0	0.0000	0
C	0.0004	0	0.0000	0
K	0.0470	0	0.0000	0
N	0.1374	0	0.0000	0
R	0.3480	0	0.0000	0
Y	0.3096	0	0.0000	0
D	0.2701	0	0.0000	0
K	0.6361	1	0.0000	0
D	0.1178	0	0.0000	0
K	0.1722	0	0.0000	0
P	0.4569	1	0.0000	0
V	0.0407	0	0.0000	0
S	0.4966	1	0.0000	0
F	0.0864	0	0.0000	0
H	0.1915	0	0.0000	0
K	0.5758	1	0.0000	0
F	0.0422	0	0.0000	0
P	0.0008	0	0.0000	0
L	0.0046	0	0.0000	0
T	0.0010	0	0.0000	0
R	0.0003	0	0.0000	0
P	0.0007	0	0.0000	0
S	0.0004	0	0.0000	0
L	0.0005	0	0.0000	0
C	0.0012	0	0.0000	0
K	0.0003	0	0.0000	0
E	0.0002	0	0.0000	0
W	0.0029	0	0.0000	0
E	0.0003	0	0.0000	0
A	0.0006	0	0.0000	0
A	0.0002	0	0.0000	0
V	0.0001	0	0.0000	0
R	0.0047	0	0.0000	0
R	0.1580	0	0.0000	0
K	0.0099	0	0.0000	0
N	0.0070	0	0.0000	0
F	0.0025	0	0.0000	0
K	0.0089	0	0.0000	0
P	0.0535	0	0.0000	0
T	0.5540	1	0.0000	0
K	0.6875	1	0.0000	0
Y	0.5561	1	0.0000	0
S	0.0049	0	0.0000	0
S	0.0206	0	0.0000	0
I	0.0068	0	0.0000	0
C	0.0030	0	0.0000	0
S	0.6321	1	0.0000	0
E	0.1530	0	0.0000	0
H	0.6777	1	0.0000	0
F	0.0221	0	0.0000	0
T	0.0077	0	0.0000	0
P	0.0078	0	0.0000	0
D	0.0031	0	0.0000	0
S	0.0023	0	0.0000	0
F	0.4257	1	0.0000	0
K	0.1149	0	0.0000	0
R	0.2441	0	0.0000	0
E	0.1675	0	0.0000	0
S	0.2752	0	0.0000	0
N	0.3635	1	0.0000	0
N	0.4052	1	0.0000	0
K	0.3338	0	0.0000	0
L	0.4323	1	0.0000	0
L	0.0029	0	0.0000	0
K	0.0544	0	0.0000	0
E	0.0033	0	0.0000	0
N	0.0027	0	0.0000	0
A	0.0006	0	0.0000	0
V	0.0043	0	0.0000	0
P	0.0210	0	0.0000	0
T	0.4490	1	0.0000	0
I	0.1094	0	0.0000	0
F	0.1026	0	0.0000	0
L	0.0303	0	0.0000	0
C	0.0217	0	0.0000	0
T	0.0140	0	0.0000	0
E	0.0113	0	0.0000	0
P	0.0140	0	0.0000	0
H	0.0416	0	0.0000	0
D	0.0935	0	0.0000	0
K	0.2360	0	0.0000	0
K	0.1116	0	0.0000	0
E	0.1444	0	0.0000	0
D	0.0746	0	0.0000	0
L	0.0392	0	0.0000	0
L	0.0393	0	0.0000	0
E	0.0142	0	0.0000	0
P	0.0089	0	0.0000	0
Q	0.0252	0	0.0000	0
E	0.0172	0	0.0000	0
Q	0.0290	0	0.0000	0
L	0.0327	0	0.0000	0
P	0.0072	0	0.0000	0
P	0.0072	0	0.0000	0
P	0.0067	0	0.0000	0
P	0.0112	0	0.0000	0
L	0.0156	0	0.0000	0
P	0.0037	0	0.0000	0
P	0.0039	0	0.0000	0
P	0.0096	0	0.0000	0
V	0.0059	0	0.0000	0
S	0.0106	0	0.0000	0
Q	0.0087	0	0.0000	0
V	0.0043	0	0.0000	0
D	0.0016	0	0.0000	0
A	0.0011	0	0.0000	0
A	0.0025	0	0.0000	0
I	0.0009	0	0.0000	0
G	0.0025	0	0.0000	0
L	0.0065	0	0.0000	0
L	0.0191	0	0.0000	0
M	0.0068	0	0.0000	0
P	0.0033	0	0.0000	0
P	0.0076	0	0.0000	0
L	0.0016	0	0.0000	0
Q	0.0111	0	0.0000	0
T	0.0033	0	0.0000	0
P	0.0078	0	0.0000	0
V	0.0125	0	0.0000	0
N	0.0414	0	0.0000	0
L	0.0262	0	0.0000	0
S	0.0775	0	0.0000	0
V	0.1212	0	0.0000	0
F	0.3520	1	0.0000	0
C	0.1148	0	0.0000	0
D	0.3103	0	0.0000	0
H	0.6919	1	0.0000	0
N	0.7121	1	0.0000	0
Y	0.8000	1	0.0000	0
T	0.4571	1	0.0000	0
V	0.0280	0	0.0000	0
E	0.0262	0	0.0000	0
D	0.0272	0	0.0000	0
T	0.0635	0	0.0000	0
M	0.3195	0	0.0000	0
H	0.2533	0	0.0000	0
Q	0.0230	0	0.0000	0
R	0.4012	1	0.0000	0
K	0.0212	0	0.0000	0
R	0.2279	0	0.0000	0
I	0.0018	0	0.0000	0
H	0.0014	0	0.0000	0
Q	0.0010	0	0.0000	0
L	0.0003	0	0.0000	0
E	0.0017	0	0.0000	0
Q	0.0043	0	0.0000	0
Q	0.0022	0	0.0000	0
V	0.0006	0	0.0000	0
E	0.0010	0	0.0000	0
K	0.0020	0	0.0000	0
L	0.0005	0	0.0000	0
R	0.1051	0	0.0000	0
K	0.1946	0	0.0000	0
K	0.2194	0	0.0000	0
L	0.0030	0	0.0000	0
K	0.0721	0	0.0000	0
T	0.0416	0	0.0000	0
A	0.0085	0	0.0000	0
Q	0.2432	0	0.0001	0
Q	0.2513	0	0.0001	0
R	0.5219	1	0.0001	0
C	0.0054	0	0.0000	0
R	0.6460	1	0.0002	0
R	0.6608	1	0.0001	0
Q	0.0046	0	0.0000	0
E	0.0463	0	0.0000	0
R	0.4480	1	0.0009	0
Q	0.2548	0	0.0001	0
L	0.0010	0	0.0000	0
E	0.0132	0	0.0000	0
K	0.0362	0	0.0000	0
L	0.0005	0	0.0000	0
K	0.0485	0	0.0001	0
E	0.0021	0	0.0000	0
V	0.0003	0	0.0000	0
V	0.0003	0	0.0000	0
H	0.0082	0	0.0000	0
F	0.0038	0	0.0000	0
Q	0.0045	0	0.0000	0
K	0.1518	0	0.0000	0
E	0.0205	0	0.0000	0
K	0.0575	0	0.0000	0
D	0.0069	0	0.0000	0
D	0.0092	0	0.0000	0
V	0.0255	0	0.0000	0
S	0.1019	0	0.0000	0
E	0.0311	0	0.0000	0
R	0.1161	0	0.0000	0
G	0.0017	0	0.0000	0
Y	0.0005	0	0.0000	0
V	0.0004	0	0.0000	0
I	0.0002	0	0.0000	0
L	0.0002	0	0.0000	0
P	0.0008	0	0.0000	0
N	0.0014	0	0.0000	0
D	0.0011	0	0.0000	0
Y	0.0050	0	0.0000	0
F	0.0193	0	0.0002	0
E	0.0021	0	0.0000	0
I	0.0003	0	0.0000	0
V	0.0003	0	0.0000	0
E	0.0012	0	0.0000	0
V	0.0019	0	0.0000	0
P	0.0038	0	0.0000	0
A	0.0080	0	0.0000	0
</pre></body></html>