<html><head></head><body><pre style="word-wrap: break-word; white-space: pre-wrap;">&gt;P02417
Amino Acid	probability_DNA	binary_DNA	probability_RNA	binary_RNA
M	0.0030	0	0.0008	0
K	0.0110	0	0.0020	0
V	0.0002	0	0.0000	0
I	0.0001	0	0.0000	0
F	0.0003	0	0.0001	0
L	0.0034	0	0.0020	0
K	0.0201	0	0.0185	0
D	0.0635	0	0.0486	0
V	0.0485	0	0.0583	0
K	0.1448	0	0.2162	1
G	0.2588	0	0.3177	1
K	0.0485	0	0.0387	0
G	0.0437	0	0.0268	0
K	0.1847	0	0.1430	0
K	0.1527	0	0.0815	0
G	0.0806	0	0.0533	0
E	0.0060	0	0.0026	0
I	0.0035	0	0.0011	0
K	0.0074	0	0.0023	0
N	0.0192	0	0.0076	0
V	0.0098	0	0.0017	0
A	0.6476	1	0.2196	1
D	0.5435	1	0.3340	1
G	0.7673	1	0.3900	1
Y	0.8173	1	0.3650	1
A	0.0737	0	0.0156	0
N	0.8041	1	0.2017	1
N	0.8729	1	0.0709	0
F	0.8493	1	0.0761	0
L	0.0432	0	0.0021	0
F	0.1119	0	0.0023	0
K	0.1138	0	0.0007	0
Q	0.3401	0	0.0014	0
G	0.3988	1	0.0025	0
L	0.0973	0	0.0005	0
A	0.0086	0	0.0000	0
I	0.0875	0	0.0010	0
E	0.1322	0	0.0012	0
A	0.0189	0	0.0001	0
T	0.1407	0	0.0010	0
P	0.0307	0	0.0001	0
A	0.0218	0	0.0000	0
N	0.0329	0	0.0001	0
L	0.0188	0	0.0000	0
K	0.1351	0	0.0004	0
A	0.0016	0	0.0000	0
L	0.0025	0	0.0000	0
E	0.0042	0	0.0000	0
A	0.0012	0	0.0000	0
Q	0.0039	0	0.0000	0
K	0.0415	0	0.0001	0
Q	0.0038	0	0.0000	0
K	0.0074	0	0.0000	0
E	0.0007	0	0.0000	0
Q	0.0004	0	0.0000	0
R	0.0010	0	0.0000	0
Q	0.0013	0	0.0000	0
A	0.0007	0	0.0000	0
A	0.0007	0	0.0000	0
E	0.0005	0	0.0000	0
E	0.0012	0	0.0000	0
L	0.0130	0	0.0000	0
A	0.0004	0	0.0000	0
N	0.0003	0	0.0000	0
A	0.0003	0	0.0000	0
K	0.0010	0	0.0000	0
K	0.0005	0	0.0000	0
L	0.0004	0	0.0000	0
K	0.0020	0	0.0000	0
E	0.0002	0	0.0000	0
Q	0.0002	0	0.0000	0
L	0.0001	0	0.0000	0
E	0.0002	0	0.0000	0
K	0.0002	0	0.0000	0
L	0.0001	0	0.0000	0
T	0.0009	0	0.0000	0
V	0.0004	0	0.0000	0
T	0.0374	0	0.0002	0
I	0.0252	0	0.0000	0
P	0.2138	0	0.0020	0
A	0.0301	0	0.0001	0
K	0.6113	1	0.0033	0
A	0.2015	0	0.0002	0
G	0.7472	1	0.0007	0
E	0.3456	0	0.0006	0
G	0.4573	1	0.0012	0
G	0.0950	0	0.0001	0
R	0.3020	0	0.0004	0
L	0.0059	0	0.0000	0
F	0.7797	1	0.0118	0
G	0.4932	1	0.0056	0
S	0.6579	1	0.0077	0
I	0.0625	0	0.0001	0
T	0.2195	0	0.0014	0
S	0.0037	0	0.0000	0
K	0.0054	0	0.0001	0
Q	0.0004	0	0.0000	0
I	0.0001	0	0.0000	0
A	0.0002	0	0.0000	0
E	0.0008	0	0.0000	0
S	0.0001	0	0.0000	0
L	0.0001	0	0.0000	0
Q	0.0024	0	0.0000	0
A	0.0017	0	0.0000	0
Q	0.0016	0	0.0000	0
H	0.0007	0	0.0000	0
G	0.0010	0	0.0000	0
L	0.0001	0	0.0000	0
K	0.0004	0	0.0000	0
L	0.0003	0	0.0000	0
D	0.0003	0	0.0000	0
K	0.0014	0	0.0000	0
R	0.0094	0	0.0001	0
K	0.0002	0	0.0000	0
I	0.0001	0	0.0000	0
E	0.0001	0	0.0000	0
L	0.0002	0	0.0000	0
A	0.0004	0	0.0000	0
D	0.0008	0	0.0000	0
A	0.0007	0	0.0000	0
I	0.0017	0	0.0002	0
R	0.2571	0	0.0330	0
A	0.0456	0	0.0018	0
L	0.0386	0	0.0031	0
G	0.0071	0	0.0002	0
Y	0.0383	0	0.0019	0
T	0.2453	0	0.0246	0
N	0.0184	0	0.0020	0
V	0.0002	0	0.0000	0
P	0.0054	0	0.0001	0
V	0.0005	0	0.0000	0
K	0.0625	0	0.0010	0
L	0.0067	0	0.0000	0
H	0.0643	0	0.0007	0
P	0.0112	0	0.0001	0
E	0.0043	0	0.0001	0
V	0.0004	0	0.0000	0
T	0.0009	0	0.0000	0
A	0.0001	0	0.0000	0
T	0.0049	0	0.0001	0
L	0.0001	0	0.0000	0
K	0.0023	0	0.0001	0
V	0.0001	0	0.0000	0
H	0.0003	0	0.0000	0
V	0.0002	0	0.0000	0
T	0.0004	0	0.0000	0
E	0.0004	0	0.0000	0
Q	0.0019	0	0.0000	0
K	0.0434	0	0.0002	0
</pre></body></html>