<html><head></head><body><pre style="word-wrap: break-word; white-space: pre-wrap;">&gt;F2WAD7
Amino Acid	probability_DNA	binary_DNA	probability_RNA	binary_RNA
M	0.0439	0	0.0000	0
S	0.0160	0	0.0000	0
T	0.0439	0	0.0000	0
G	0.0128	0	0.0000	0
P	0.0064	0	0.0000	0
D	0.0300	0	0.0000	0
F	0.0062	0	0.0000	0
I	0.0023	0	0.0000	0
Y	0.0030	0	0.0000	0
D	0.0022	0	0.0000	0
D	0.0011	0	0.0000	0
R	0.0018	0	0.0000	0
P	0.0043	0	0.0000	0
A	0.0176	0	0.0000	0
A	0.2432	0	0.0000	0
V	0.1233	0	0.0000	0
S	0.0927	0	0.0000	0
S	0.1575	0	0.0000	0
T	0.1551	0	0.0000	0
F	0.0130	0	0.0000	0
N	0.0059	0	0.0000	0
P	0.0021	0	0.0000	0
E	0.0036	0	0.0000	0
K	0.0011	0	0.0000	0
G	0.0003	0	0.0000	0
Y	0.0006	0	0.0000	0
M	0.0006	0	0.0000	0
D	0.0030	0	0.0000	0
F	0.0002	0	0.0000	0
I	0.0006	0	0.0000	0
T	0.0031	0	0.0000	0
A	0.0206	0	0.0000	0
Y	0.0019	0	0.0000	0
G	0.0050	0	0.0000	0
K	0.0029	0	0.0000	0
N	0.0079	0	0.0000	0
I	0.0011	0	0.0000	0
N	0.0351	0	0.0000	0
A	0.0101	0	0.0000	0
D	0.0175	0	0.0000	0
N	0.0442	0	0.0000	0
V	0.0020	0	0.0000	0
R	0.2871	0	0.0000	0
I	0.0052	0	0.0000	0
F	0.0538	0	0.0000	0
F	0.0866	0	0.0000	0
L	0.0181	0	0.0000	0
N	0.5062	1	0.0000	0
H	0.0778	0	0.0000	0
K	0.7324	1	0.0000	0
K	0.5632	1	0.0000	0
A	0.1117	0	0.0000	0
K	0.6797	1	0.0000	0
D	0.2138	0	0.0000	0
S	0.7024	1	0.0000	0
L	0.1254	0	0.0000	0
K	0.8125	1	0.0000	0
G	0.6519	1	0.0000	0
S	0.1017	0	0.0000	0
P	0.1304	0	0.0000	0
K	0.1654	0	0.0000	0
V	0.2560	0	0.0000	0
E	0.3917	1	0.0000	0
V	0.0142	0	0.0000	0
D	0.3582	1	0.0000	0
L	0.0030	0	0.0000	0
Q	0.1059	0	0.0000	0
F	0.1116	0	0.0000	0
G	0.0039	0	0.0000	0
T	0.0125	0	0.0000	0
L	0.0014	0	0.0000	0
R	0.0488	0	0.0000	0
V	0.0016	0	0.0000	0
K	0.0017	0	0.0000	0
V	0.0006	0	0.0000	0
V	0.0008	0	0.0000	0
N	0.0122	0	0.0000	0
N	0.0608	0	0.0000	0
H	0.3179	0	0.0000	0
N	0.3116	0	0.0000	0
P	0.3313	0	0.0000	0
R	0.3134	0	0.0000	0
N	0.1045	0	0.0000	0
R	0.2227	0	0.0000	0
D	0.0309	0	0.0000	0
N	0.0116	0	0.0000	0
P	0.0099	0	0.0000	0
V	0.0033	0	0.0000	0
A	0.0055	0	0.0000	0
D	0.0184	0	0.0000	0
N	0.0060	0	0.0000	0
A	0.0051	0	0.0000	0
I	0.0078	0	0.0000	0
T	0.4340	1	0.0000	0
L	0.0530	0	0.0000	0
H	0.8083	1	0.0000	0
R	0.7534	1	0.0000	0
L	0.0173	0	0.0000	0
S	0.4166	1	0.0000	0
G	0.2757	0	0.0000	0
Y	0.1488	0	0.0000	0
L	0.0036	0	0.0000	0
A	0.0009	0	0.0000	0
K	0.0107	0	0.0000	0
W	0.0013	0	0.0000	0
C	0.0002	0	0.0000	0
F	0.0004	0	0.0000	0
D	0.0005	0	0.0000	0
E	0.0002	0	0.0000	0
I	0.0002	0	0.0000	0
D	0.0003	0	0.0000	0
H	0.0002	0	0.0000	0
G	0.0003	0	0.0000	0
Q	0.0005	0	0.0000	0
I	0.0005	0	0.0000	0
E	0.0008	0	0.0000	0
E	0.0006	0	0.0000	0
A	0.0002	0	0.0000	0
E	0.0002	0	0.0000	0
V	0.0002	0	0.0000	0
K	0.0049	0	0.0000	0
S	0.0017	0	0.0000	0
K	0.0013	0	0.0000	0
V	0.0006	0	0.0000	0
V	0.0072	0	0.0000	0
I	0.1133	0	0.0000	0
P	0.0264	0	0.0000	0
L	0.0128	0	0.0000	0
A	0.0045	0	0.0000	0
E	0.0040	0	0.0000	0
A	0.0107	0	0.0000	0
K	0.0019	0	0.0000	0
G	0.0012	0	0.0000	0
C	0.0005	0	0.0000	0
K	0.0095	0	0.0000	0
W	0.0215	0	0.0000	0
G	0.0100	0	0.0000	0
D	0.0085	0	0.0000	0
G	0.0018	0	0.0000	0
V	0.0007	0	0.0000	0
A	0.0016	0	0.0000	0
L	0.0004	0	0.0000	0
Y	0.0712	0	0.0000	0
L	0.0004	0	0.0000	0
A	0.0016	0	0.0000	0
F	0.0006	0	0.0000	0
A	0.0010	0	0.0000	0
P	0.0004	0	0.0000	0
G	0.0012	0	0.0000	0
A	0.0004	0	0.0000	0
E	0.0003	0	0.0000	0
M	0.0004	0	0.0000	0
F	0.0002	0	0.0000	0
L	0.0001	0	0.0000	0
K	0.0002	0	0.0000	0
D	0.0004	0	0.0000	0
F	0.0002	0	0.0000	0
E	0.0007	0	0.0000	0
F	0.0004	0	0.0000	0
Y	0.0086	0	0.0000	0
P	0.0006	0	0.0000	0
L	0.0003	0	0.0000	0
A	0.0001	0	0.0000	0
I	0.0003	0	0.0000	0
D	0.0013	0	0.0000	0
I	0.0006	0	0.0000	0
Q	0.0344	0	0.0000	0
R	0.2535	0	0.0000	0
V	0.0031	0	0.0000	0
V	0.0047	0	0.0000	0
K	0.0333	0	0.0000	0
D	0.0021	0	0.0000	0
G	0.0010	0	0.0000	0
M	0.0009	0	0.0000	0
D	0.0024	0	0.0000	0
I	0.0008	0	0.0000	0
T	0.0045	0	0.0000	0
F	0.0112	0	0.0000	0
M	0.0007	0	0.0000	0
R	0.0143	0	0.0000	0
K	0.1740	0	0.0000	0
V	0.0068	0	0.0000	0
L	0.0049	0	0.0000	0
K	0.6165	1	0.0000	0
Q	0.0493	0	0.0000	0
R	0.7315	1	0.0000	0
Y	0.0397	0	0.0000	0
G	0.0044	0	0.0000	0
T	0.0042	0	0.0000	0
K	0.0005	0	0.0000	0
T	0.0003	0	0.0000	0
A	0.0004	0	0.0000	0
D	0.0007	0	0.0000	0
D	0.0004	0	0.0000	0
W	0.0009	0	0.0000	0
M	0.0008	0	0.0000	0
I	0.0004	0	0.0000	0
S	0.0004	0	0.0000	0
E	0.0003	0	0.0000	0
V	0.0001	0	0.0000	0
T	0.0001	0	0.0000	0
A	0.0001	0	0.0000	0
I	0.0001	0	0.0000	0
Q	0.0004	0	0.0000	0
S	0.0002	0	0.0000	0
A	0.0001	0	0.0000	0
V	0.0001	0	0.0000	0
K	0.0002	0	0.0000	0
V	0.0001	0	0.0000	0
V	0.0001	0	0.0000	0
A	0.0002	0	0.0000	0
K	0.0005	0	0.0000	0
L	0.0004	0	0.0000	0
P	0.0064	0	0.0000	0
W	0.4336	1	0.0000	0
A	0.3193	0	0.0000	0
K	0.8096	1	0.0000	0
A	0.8751	1	0.0000	0
G	0.8961	1	0.0000	0
F	0.4135	1	0.0000	0
T	0.5634	1	0.0000	0
A	0.2267	0	0.0000	0
A	0.0088	0	0.0000	0
A	0.0021	0	0.0000	0
K	0.0237	0	0.0000	0
N	0.0017	0	0.0000	0
F	0.0004	0	0.0000	0
L	0.0003	0	0.0000	0
A	0.0021	0	0.0000	0
K	0.0357	0	0.0000	0
F	0.0017	0	0.0000	0
N	0.0066	0	0.0000	0
I	0.0103	0	0.0000	0
S	0.2222	0	0.0000	0
V	0.0959	0	0.0000	0
</pre></body></html>