<html><head></head><body><pre style="word-wrap: break-word; white-space: pre-wrap;">&gt;Q0TIY5
Amino Acid	probability_DNA	binary_DNA	probability_RNA	binary_RNA
M	0.0000	0	0.9276	1
A	0.0000	0	0.9438	1
V	0.0000	0	0.7921	1
Q	0.0000	0	0.4410	1
Q	0.0000	0	0.7314	1
N	0.0000	0	0.7590	1
K	0.0000	0	0.8460	1
P	0.0000	0	0.8436	1
T	0.0000	0	0.8578	1
R	0.0000	0	0.7369	1
S	0.0000	0	0.6319	1
K	0.0000	0	0.8100	1
R	0.0001	0	0.7657	1
G	0.0002	0	0.4434	1
M	0.0000	0	0.0839	0
R	0.0020	0	0.7098	1
R	0.0051	0	0.7330	1
S	0.0003	0	0.2570	1
H	0.0020	0	0.6413	1
D	0.0005	0	0.4397	1
A	0.0000	0	0.0735	0
L	0.0000	0	0.0020	0
T	0.0000	0	0.0143	0
A	0.0000	0	0.0010	0
V	0.0000	0	0.0003	0
T	0.0000	0	0.0002	0
S	0.0000	0	0.0002	0
L	0.0000	0	0.0001	0
S	0.0000	0	0.0004	0
V	0.0000	0	0.0006	0
D	0.0000	0	0.0011	0
K	0.0000	0	0.0067	0
T	0.0000	0	0.0642	0
S	0.0000	0	0.1162	0
G	0.0000	0	0.3656	1
E	0.0001	0	0.4805	1
K	0.0000	0	0.0729	0
H	0.0007	0	0.4868	1
L	0.0013	0	0.4515	1
R	0.0008	0	0.6008	1
H	0.0012	0	0.8429	1
H	0.0004	0	0.7263	1
I	0.0000	0	0.0026	0
T	0.0000	0	0.0081	0
A	0.0000	0	0.0116	0
D	0.0000	0	0.0116	0
G	0.0000	0	0.0021	0
Y	0.0000	0	0.0022	0
Y	0.0000	0	0.0137	0
R	0.0000	0	0.1076	0
G	0.0000	0	0.0060	0
R	0.0000	0	0.0110	0
K	0.0000	0	0.0207	0
V	0.0000	0	0.0062	0
I	0.0000	0	0.0077	0
A	0.0000	0	0.0124	0
K	0.0000	0	0.0770	0
</pre></body></html>