<html><head></head><body><pre style="word-wrap: break-word; white-space: pre-wrap;">&gt;Q28TU0
Amino Acid	probability_DNA	binary_DNA	probability_RNA	binary_RNA
M	0.2425	0	0.0002	0
A	0.0338	0	0.0000	0
D	0.0058	0	0.0000	0
L	0.0005	0	0.0000	0
T	0.0029	0	0.0000	0
H	0.0022	0	0.0000	0
E	0.0014	0	0.0000	0
F	0.0001	0	0.0000	0
W	0.0007	0	0.0000	0
D	0.0005	0	0.0000	0
R	0.0002	0	0.0000	0
L	0.0001	0	0.0000	0
E	0.0002	0	0.0000	0
D	0.0002	0	0.0000	0
V	0.0001	0	0.0000	0
R	0.0015	0	0.0000	0
S	0.0006	0	0.0000	0
G	0.0007	0	0.0000	0
M	0.0083	0	0.0000	0
L	0.0010	0	0.0000	0
G	0.0038	0	0.0000	0
I	0.0127	0	0.0000	0
K	0.0480	0	0.0000	0
G	0.2176	0	0.0000	0
Q	0.1439	0	0.0000	0
G	0.0356	0	0.0000	0
R	0.0791	0	0.0000	0
L	0.0108	0	0.0000	0
I	0.1856	0	0.0000	0
P	0.1513	0	0.0000	0
M	0.3039	0	0.0000	0
S	0.3891	1	0.0002	0
P	0.0419	0	0.0000	0
Q	0.1297	0	0.0000	0
T	0.0038	0	0.0000	0
D	0.0115	0	0.0000	0
D	0.0080	0	0.0000	0
D	0.0269	0	0.0000	0
A	0.0057	0	0.0000	0
P	0.0024	0	0.0000	0
G	0.0030	0	0.0000	0
A	0.0162	0	0.0000	0
I	0.0041	0	0.0000	0
W	0.4049	1	0.0005	0
F	0.0125	0	0.0000	0
I	0.5150	1	0.0005	0
T	0.2973	0	0.0002	0
A	0.3010	0	0.0004	0
K	0.3112	0	0.0002	0
G	0.0909	0	0.0000	0
T	0.3704	1	0.0002	0
D	0.3963	1	0.0001	0
L	0.4127	1	0.0000	0
A	0.0203	0	0.0000	0
K	0.0787	0	0.0000	0
G	0.0101	0	0.0000	0
V	0.0046	0	0.0000	0
A	0.0913	0	0.0000	0
A	0.0896	0	0.0000	0
G	0.0558	0	0.0000	0
P	0.0094	0	0.0000	0
Q	0.0934	0	0.0000	0
P	0.2322	0	0.0000	0
A	0.0007	0	0.0000	0
Q	0.0069	0	0.0000	0
F	0.0003	0	0.0000	0
V	0.0004	0	0.0000	0
V	0.0009	0	0.0000	0
S	0.0006	0	0.0000	0
D	0.0012	0	0.0000	0
D	0.0172	0	0.0000	0
G	0.0124	0	0.0000	0
E	0.0080	0	0.0000	0
G	0.0042	0	0.0000	0
L	0.0008	0	0.0000	0
Y	0.0237	0	0.0000	0
A	0.0005	0	0.0000	0
D	0.0018	0	0.0000	0
L	0.0003	0	0.0000	0
D	0.0009	0	0.0000	0
G	0.0002	0	0.0000	0
T	0.0012	0	0.0000	0
L	0.0001	0	0.0000	0
E	0.0003	0	0.0000	0
R	0.0002	0	0.0000	0
S	0.0009	0	0.0000	0
T	0.0019	0	0.0000	0
D	0.0011	0	0.0000	0
R	0.0042	0	0.0000	0
E	0.0014	0	0.0000	0
A	0.0008	0	0.0000	0
L	0.0026	0	0.0000	0
D	0.0065	0	0.0000	0
E	0.0008	0	0.0000	0
F	0.0005	0	0.0000	0
W	0.0070	0	0.0000	0
S	0.0255	0	0.0000	0
F	0.0200	0	0.0000	0
V	0.0097	0	0.0000	0
A	0.0010	0	0.0000	0
D	0.0384	0	0.0000	0
A	0.0146	0	0.0000	0
W	0.2922	0	0.0007	0
F	0.0235	0	0.0000	0
D	0.0029	0	0.0000	0
G	0.0240	0	0.0000	0
G	0.0016	0	0.0000	0
Q	0.0014	0	0.0000	0
H	0.0024	0	0.0000	0
D	0.0010	0	0.0000	0
P	0.0006	0	0.0000	0
D	0.0021	0	0.0000	0
V	0.0004	0	0.0000	0
C	0.0002	0	0.0000	0
L	0.0004	0	0.0000	0
L	0.0003	0	0.0000	0
K	0.0194	0	0.0000	0
F	0.0014	0	0.0000	0
T	0.0213	0	0.0000	0
P	0.0008	0	0.0000	0
A	0.0085	0	0.0000	0
S	0.0970	0	0.0001	0
G	0.0025	0	0.0000	0
E	0.0748	0	0.0001	0
I	0.0079	0	0.0000	0
S	0.0169	0	0.0000	0
I	0.0043	0	0.0000	0
T	0.0027	0	0.0000	0
E	0.0018	0	0.0000	0
G	0.0020	0	0.0000	0
G	0.0053	0	0.0000	0
G	0.0203	0	0.0000	0
A	0.0035	0	0.0000	0
R	0.0679	0	0.0000	0
F	0.0946	0	0.0000	0
L	0.0249	0	0.0000	0
Y	0.1187	0	0.0001	0
E	0.0023	0	0.0000	0
I	0.0004	0	0.0000	0
A	0.0016	0	0.0000	0
K	0.0076	0	0.0000	0
A	0.0020	0	0.0000	0
H	0.0018	0	0.0000	0
L	0.0019	0	0.0000	0
T	0.0090	0	0.0000	0
D	0.0223	0	0.0000	0
E	0.2113	0	0.0000	0
T	0.3356	0	0.0000	0
P	0.2724	0	0.0000	0
D	0.4022	1	0.0000	0
M	0.0948	0	0.0000	0
G	0.1313	0	0.0000	0
E	0.1984	0	0.0000	0
Q	0.5816	1	0.0000	0
A	0.3182	0	0.0000	0
T	0.6089	1	0.0000	0
V	0.0195	0	0.0000	0
T	0.3760	1	0.0001	0
F	0.1635	0	0.0000	0
</pre></body></html>