<html><head></head><body><pre style="word-wrap: break-word; white-space: pre-wrap;">&gt;Q8EVR5
Amino Acid	probability_DNA	binary_DNA	probability_RNA	binary_RNA
M	0.1360	0	0.0000	0
N	0.0423	0	0.0000	0
S	0.0660	0	0.0000	0
N	0.0704	0	0.0000	0
K	0.0539	0	0.0000	0
D	0.0561	0	0.0000	0
K	0.0422	0	0.0000	0
I	0.0094	0	0.0000	0
K	0.0062	0	0.0000	0
V	0.0070	0	0.0000	0
I	0.0025	0	0.0000	0
K	0.0916	0	0.0000	0
V	0.0147	0	0.0000	0
F	0.0014	0	0.0000	0
E	0.0080	0	0.0000	0
A	0.0010	0	0.0000	0
F	0.0043	0	0.0000	0
A	0.0009	0	0.0000	0
G	0.0012	0	0.0000	0
I	0.0013	0	0.0000	0
G	0.0147	0	0.0000	0
S	0.0030	0	0.0000	0
Q	0.0047	0	0.0000	0
F	0.0229	0	0.0000	0
K	0.0013	0	0.0000	0
A	0.0003	0	0.0000	0
L	0.0003	0	0.0000	0
K	0.0008	0	0.0000	0
N	0.0005	0	0.0000	0
I	0.0002	0	0.0000	0
A	0.0007	0	0.0000	0
R	0.0014	0	0.0000	0
S	0.0006	0	0.0000	0
K	0.0003	0	0.0000	0
N	0.0005	0	0.0000	0
W	0.0002	0	0.0000	0
E	0.0005	0	0.0000	0
I	0.0005	0	0.0000	0
Q	0.0025	0	0.0000	0
H	0.0009	0	0.0000	0
S	0.0017	0	0.0000	0
G	0.0012	0	0.0000	0
M	0.0011	0	0.0000	0
V	0.0008	0	0.0000	0
E	0.0025	0	0.0000	0
W	0.0014	0	0.0000	0
F	0.0181	0	0.0000	0
V	0.0039	0	0.0000	0
D	0.0060	0	0.0000	0
A	0.0023	0	0.0000	0
I	0.0004	0	0.0000	0
V	0.0008	0	0.0000	0
S	0.0008	0	0.0000	0
Y	0.0092	0	0.0000	0
V	0.0012	0	0.0000	0
A	0.0012	0	0.0000	0
I	0.0013	0	0.0000	0
H	0.0074	0	0.0000	0
S	0.0007	0	0.0000	0
K	0.0023	0	0.0000	0
N	0.0042	0	0.0000	0
F	0.0012	0	0.0000	0
N	0.0016	0	0.0000	0
P	0.0009	0	0.0000	0
K	0.0004	0	0.0000	0
I	0.0007	0	0.0000	0
E	0.0004	0	0.0000	0
R	0.0007	0	0.0000	0
L	0.0003	0	0.0000	0
D	0.0014	0	0.0000	0
R	0.0015	0	0.0000	0
D	0.0006	0	0.0000	0
I	0.0003	0	0.0000	0
L	0.0161	0	0.0000	0
S	0.0006	0	0.0000	0
I	0.0002	0	0.0000	0
S	0.0003	0	0.0000	0
N	0.0011	0	0.0000	0
D	0.0007	0	0.0000	0
S	0.0006	0	0.0000	0
K	0.0114	0	0.0000	0
M	0.0180	0	0.0000	0
P	0.0040	0	0.0000	0
I	0.0061	0	0.0000	0
S	0.0082	0	0.0000	0
E	0.0122	0	0.0000	0
Y	0.0357	0	0.0000	0
G	0.0008	0	0.0000	0
I	0.0004	0	0.0000	0
K	0.0050	0	0.0000	0
K	0.0062	0	0.0000	0
I	0.0015	0	0.0000	0
N	0.0013	0	0.0000	0
N	0.0014	0	0.0000	0
T	0.0023	0	0.0000	0
I	0.0024	0	0.0000	0
K	0.0032	0	0.0000	0
A	0.0027	0	0.0000	0
S	0.0013	0	0.0000	0
Y	0.0004	0	0.0000	0
L	0.0012	0	0.0000	0
N	0.0012	0	0.0000	0
Y	0.0053	0	0.0000	0
A	0.0009	0	0.0000	0
K	0.0033	0	0.0000	0
K	0.0092	0	0.0000	0
H	0.0037	0	0.0000	0
F	0.0018	0	0.0000	0
N	0.0030	0	0.0000	0
N	0.0013	0	0.0000	0
L	0.0011	0	0.0000	0
F	0.0004	0	0.0000	0
D	0.0017	0	0.0000	0
I	0.0005	0	0.0000	0
K	0.0280	0	0.0000	0
K	0.0156	0	0.0000	0
V	0.0010	0	0.0000	0
N	0.0026	0	0.0000	0
K	0.0019	0	0.0000	0
D	0.0022	0	0.0000	0
N	0.0013	0	0.0000	0
F	0.0006	0	0.0000	0
P	0.0016	0	0.0000	0
K	0.0021	0	0.0000	0
N	0.0049	0	0.0000	0
I	0.0008	0	0.0000	0
D	0.0213	0	0.0000	0
I	0.0021	0	0.0000	0
F	0.0127	0	0.0000	0
T	0.0121	0	0.0000	0
Y	0.0475	0	0.0000	0
S	0.7939	1	0.0001	0
F	0.5895	1	0.0000	0
P	0.3771	1	0.0001	0
C	0.7558	1	0.0001	0
Q	0.4597	1	0.0001	0
D	0.0793	0	0.0000	0
L	0.3475	0	0.0000	0
S	0.7944	1	0.0000	0
V	0.7927	1	0.0000	0
Q	0.6159	1	0.0000	0
G	0.8484	1	0.0000	0
L	0.5700	1	0.0000	0
Q	0.8090	1	0.0000	0
K	0.4285	1	0.0000	0
G	0.2637	0	0.0000	0
I	0.1529	0	0.0000	0
D	0.0543	0	0.0000	0
K	0.0941	0	0.0000	0
E	0.0274	0	0.0000	0
L	0.0350	0	0.0000	0
N	0.0424	0	0.0000	0
T	0.0262	0	0.0000	0
R	0.3887	1	0.0000	0
S	0.0227	0	0.0000	0
G	0.0070	0	0.0000	0
L	0.0005	0	0.0000	0
L	0.0032	0	0.0000	0
W	0.0003	0	0.0000	0
E	0.0005	0	0.0000	0
I	0.0001	0	0.0000	0
E	0.0001	0	0.0000	0
R	0.0003	0	0.0000	0
I	0.0001	0	0.0000	0
L	0.0001	0	0.0000	0
E	0.0001	0	0.0000	0
E	0.0001	0	0.0000	0
I	0.0001	0	0.0000	0
K	0.0028	0	0.0000	0
N	0.0006	0	0.0000	0
S	0.0004	0	0.0000	0
F	0.0002	0	0.0000	0
S	0.0005	0	0.0000	0
K	0.0011	0	0.0000	0
E	0.0020	0	0.0000	0
E	0.0004	0	0.0000	0
M	0.0008	0	0.0000	0
P	0.0002	0	0.0000	0
K	0.0035	0	0.0000	0
Y	0.0002	0	0.0000	0
L	0.0002	0	0.0000	0
L	0.0005	0	0.0000	0
M	0.0028	0	0.0000	0
E	0.6281	1	0.0000	0
N	0.5020	1	0.0000	0
V	0.4687	1	0.0000	0
K	0.2295	0	0.0000	0
N	0.4767	1	0.0000	0
L	0.0252	0	0.0000	0
L	0.1277	0	0.0000	0
S	0.2277	0	0.0000	0
H	0.5515	1	0.0000	0
K	0.1500	0	0.0000	0
N	0.0331	0	0.0000	0
K	0.0317	0	0.0000	0
K	0.0083	0	0.0000	0
N	0.0004	0	0.0000	0
Y	0.0006	0	0.0000	0
N	0.0006	0	0.0000	0
T	0.0001	0	0.0000	0
W	0.0001	0	0.0000	0
L	0.0003	0	0.0000	0
K	0.0003	0	0.0000	0
Q	0.0001	0	0.0000	0
L	0.0002	0	0.0000	0
E	0.0005	0	0.0000	0
K	0.0003	0	0.0000	0
F	0.0001	0	0.0000	0
G	0.0003	0	0.0000	0
Y	0.0009	0	0.0000	0
K	0.0004	0	0.0000	0
S	0.0002	0	0.0000	0
K	0.0002	0	0.0000	0
T	0.0001	0	0.0000	0
Y	0.0001	0	0.0000	0
L	0.0002	0	0.0000	0
L	0.0001	0	0.0000	0
N	0.0010	0	0.0000	0
S	0.0010	0	0.0000	0
K	0.0021	0	0.0000	0
N	0.0016	0	0.0000	0
F	0.0767	0	0.0008	0
D	0.0213	0	0.0001	0
N	0.0797	0	0.0003	0
C	0.2497	0	0.0004	0
Q	0.7915	1	0.0007	0
N	0.3980	1	0.0011	0
R	0.4052	1	0.0002	0
E	0.2815	0	0.0000	0
R	0.1085	0	0.0000	0
V	0.0004	0	0.0000	0
F	0.0003	0	0.0000	0
C	0.0002	0	0.0000	0
L	0.0003	0	0.0000	0
S	0.0001	0	0.0000	0
I	0.0001	0	0.0000	0
R	0.0010	0	0.0000	0
D	0.0030	0	0.0000	0
D	0.0005	0	0.0000	0
Y	0.0006	0	0.0000	0
L	0.0005	0	0.0000	0
E	0.0011	0	0.0000	0
K	0.0006	0	0.0000	0
T	0.0003	0	0.0000	0
G	0.0006	0	0.0000	0
F	0.0006	0	0.0000	0
K	0.0010	0	0.0000	0
F	0.0067	0	0.0000	0
K	0.0012	0	0.0000	0
E	0.0009	0	0.0000	0
L	0.0006	0	0.0000	0
E	0.0006	0	0.0000	0
K	0.0012	0	0.0000	0
V	0.0003	0	0.0000	0
K	0.0013	0	0.0000	0
N	0.0019	0	0.0000	0
P	0.0022	0	0.0000	0
P	0.0055	0	0.0000	0
K	0.0049	0	0.0000	0
K	0.0310	0	0.0000	0
I	0.0014	0	0.0000	0
K	0.0254	0	0.0000	0
D	0.0010	0	0.0000	0
I	0.0002	0	0.0000	0
L	0.0003	0	0.0000	0
V	0.0006	0	0.0000	0
D	0.0007	0	0.0000	0
S	0.0006	0	0.0000	0
S	0.0005	0	0.0000	0
N	0.0010	0	0.0000	0
Y	0.0011	0	0.0000	0
K	0.0020	0	0.0000	0
Y	0.0063	0	0.0000	0
L	0.0023	0	0.0000	0
N	0.0082	0	0.0000	0
L	0.0033	0	0.0000	0
N	0.0211	0	0.0000	0
K	0.2269	0	0.0000	0
Y	0.0603	0	0.0000	0
E	0.1516	0	0.0000	0
T	0.1109	0	0.0000	0
T	0.1167	0	0.0000	0
T	0.1533	0	0.0000	0
F	0.0785	0	0.0000	0
R	0.2491	0	0.0000	0
E	0.1883	0	0.0000	0
T	0.2426	0	0.0000	0
K	0.1782	0	0.0000	0
S	0.0151	0	0.0000	0
N	0.0049	0	0.0000	0
I	0.0028	0	0.0000	0
I	0.0018	0	0.0000	0
S	0.0056	0	0.0000	0
R	0.0189	0	0.0000	0
P	0.0056	0	0.0000	0
L	0.0036	0	0.0000	0
K	0.1018	0	0.0000	0
N	0.2472	0	0.0000	0
Y	0.3282	0	0.0000	0
T	0.3117	0	0.0000	0
T	0.6095	1	0.0000	0
F	0.5567	1	0.0000	0
N	0.5646	1	0.0000	0
S	0.2388	0	0.0000	0
E	0.2872	0	0.0000	0
N	0.0148	0	0.0000	0
Y	0.1708	0	0.0000	0
V	0.1040	0	0.0000	0
Y	0.0724	0	0.0000	0
N	0.0136	0	0.0000	0
I	0.0092	0	0.0000	0
N	0.0006	0	0.0000	0
G	0.0005	0	0.0000	0
I	0.0003	0	0.0000	0
G	0.0006	0	0.0000	0
P	0.0029	0	0.0000	0
T	0.1705	0	0.0000	0
L	0.0189	0	0.0000	0
T	0.1040	0	0.0000	0
A	0.0165	0	0.0000	0
S	0.3319	0	0.0000	0
G	0.1065	0	0.0000	0
A	0.0130	0	0.0000	0
N	0.0439	0	0.0000	0
S	0.0216	0	0.0000	0
R	0.1193	0	0.0000	0
I	0.0105	0	0.0000	0
K	0.0086	0	0.0000	0
I	0.0027	0	0.0000	0
E	0.0036	0	0.0000	0
T	0.0222	0	0.0000	0
Q	0.0133	0	0.0000	0
Q	0.0082	0	0.0000	0
G	0.0054	0	0.0000	0
V	0.0011	0	0.0000	0
R	0.1441	0	0.0000	0
Y	0.6647	1	0.0000	0
L	0.4171	1	0.0000	0
T	0.7468	1	0.0000	0
P	0.0405	0	0.0000	0
L	0.4058	1	0.0001	0
E	0.1998	0	0.0000	0
C	0.0043	0	0.0000	0
F	0.0057	0	0.0000	0
K	0.4884	1	0.0005	0
Y	0.0545	0	0.0000	0
M	0.1408	0	0.0000	0
Q	0.0033	0	0.0000	0
F	0.0017	0	0.0000	0
D	0.0008	0	0.0000	0
V	0.0014	0	0.0000	0
N	0.0006	0	0.0000	0
D	0.0004	0	0.0000	0
F	0.0003	0	0.0000	0
K	0.0015	0	0.0000	0
K	0.0031	0	0.0000	0
V	0.0002	0	0.0000	0
Q	0.0006	0	0.0000	0
S	0.0017	0	0.0000	0
T	0.0009	0	0.0000	0
N	0.0024	0	0.0000	0
L	0.0020	0	0.0000	0
I	0.0122	0	0.0000	0
S	0.3809	1	0.0000	0
E	0.5422	1	0.0000	0
N	0.7383	1	0.0000	0
K	0.6875	1	0.0000	0
M	0.0165	0	0.0000	0
I	0.4906	1	0.0000	0
Y	0.5677	1	0.0000	0
I	0.0219	0	0.0000	0
A	0.0052	0	0.0000	0
G	0.0932	0	0.0000	0
N	0.5896	1	0.0001	0
S	0.0097	0	0.0000	0
I	0.0020	0	0.0000	0
P	0.0057	0	0.0000	0
V	0.0020	0	0.0000	0
K	0.0006	0	0.0000	0
I	0.0001	0	0.0000	0
L	0.0001	0	0.0000	0
E	0.0002	0	0.0000	0
A	0.0000	0	0.0000	0
I	0.0000	0	0.0000	0
F	0.0000	0	0.0000	0
N	0.0001	0	0.0000	0
T	0.0000	0	0.0000	0
L	0.0000	0	0.0000	0
E	0.0001	0	0.0000	0
F	0.0001	0	0.0000	0
V	0.0003	0	0.0000	0
N	0.0004	0	0.0000	0
N	0.0010	0	0.0000	0
E	0.0043	0	0.0000	0
E	0.0198	0	0.0000	0
</pre></body></html>