<html><head></head><body><pre style="word-wrap: break-word; white-space: pre-wrap;">&gt;Q9RRG8
Amino Acid	probability_DNA	binary_DNA	probability_RNA	binary_RNA
M	0.7196	1	0.0002	0
S	0.3467	0	0.0000	0
R	0.5176	1	0.0000	0
E	0.2249	0	0.0000	0
C	0.0017	0	0.0000	0
Y	0.0021	0	0.0000	0
L	0.0027	0	0.0000	0
T	0.0285	0	0.0000	0
G	0.0600	0	0.0000	0
K	0.5610	1	0.0000	0
K	0.6236	1	0.0000	0
N	0.5410	1	0.0000	0
L	0.5518	1	0.0000	0
V	0.6979	1	0.0000	0
V	0.2869	0	0.0000	0
N	0.8431	1	0.0000	0
S	0.6928	1	0.0000	0
V	0.7501	1	0.0000	0
I	0.8162	1	0.0000	0
R	0.6985	1	0.0000	0
R	0.4050	1	0.0000	0
G	0.1144	0	0.0000	0
K	0.2660	0	0.0000	0
A	0.1668	0	0.0000	0
R	0.2765	0	0.0000	0
A	0.3375	0	0.0000	0
D	0.1921	0	0.0000	0
G	0.3312	0	0.0000	0
G	0.3026	0	0.0000	0
V	0.3559	1	0.0000	0
G	0.4195	1	0.0000	0
R	0.3439	0	0.0000	0
K	0.6793	1	0.0000	0
T	0.4886	1	0.0000	0
T	0.3021	0	0.0000	0
G	0.4458	1	0.0000	0
I	0.5128	1	0.0000	0
T	0.4077	1	0.0000	0
K	0.5689	1	0.0000	0
R	0.8632	1	0.0000	0
V	0.5533	1	0.0000	0
Q	0.7326	1	0.0000	0
R	0.1377	0	0.0000	0
A	0.0290	0	0.0000	0
N	0.3936	1	0.0000	0
L	0.1378	0	0.0000	0
H	0.2044	0	0.0000	0
K	0.2804	0	0.0000	0
K	0.2169	0	0.0000	0
A	0.3080	0	0.0002	0
I	0.2584	0	0.0000	0
R	0.0099	0	0.0000	0
E	0.0029	0	0.0000	0
N	0.0021	0	0.0000	0
G	0.0038	0	0.0000	0
Q	0.1075	0	0.0001	0
V	0.3175	0	0.0008	0
K	0.3375	0	0.0010	0
T	0.6993	1	0.0007	0
V	0.1042	0	0.0000	0
W	0.8902	1	0.0002	0
L	0.0154	0	0.0000	0
S	0.5810	1	0.0001	0
A	0.8364	1	0.0001	0
N	0.7705	1	0.0001	0
A	0.0174	0	0.0000	0
L	0.1042	0	0.0001	0
R	0.7820	1	0.0022	0
T	0.0420	0	0.0000	0
L	0.0037	0	0.0000	0
S	0.0089	0	0.0000	0
K	0.0617	0	0.0000	0
G	0.0022	0	0.0000	0
P	0.0028	0	0.0000	0
Y	0.0052	0	0.0000	0
K	0.0045	0	0.0000	0
G	0.0006	0	0.0000	0
I	0.0005	0	0.0000	0
E	0.0011	0	0.0000	0
L	0.0007	0	0.0000	0
I	0.0022	0	0.0000	0
</pre></body></html>