<html><head></head><body><pre style="word-wrap: break-word; white-space: pre-wrap;">&gt;Q4UNB3
Amino Acid	probability_DNA	binary_DNA	probability_RNA	binary_RNA
M	0.0640	0	0.0048	0
N	0.0622	0	0.0031	0
K	0.1264	0	0.0087	0
A	0.0293	0	0.0013	0
K	0.4192	1	0.0175	0
I	0.0025	0	0.0000	0
F	0.0361	0	0.0004	0
M	0.4610	1	0.0109	0
N	0.3323	0	0.0091	0
G	0.2664	0	0.0072	0
Q	0.7905	1	0.0607	0
S	0.4945	1	0.0242	0
Q	0.4328	1	0.0166	0
A	0.0149	0	0.0001	0
V	0.0181	0	0.0007	0
R	0.5779	1	0.0295	0
L	0.0058	0	0.0001	0
P	0.0968	0	0.0018	0
K	0.0458	0	0.0006	0
E	0.0018	0	0.0000	0
F	0.0001	0	0.0000	0
R	0.0005	0	0.0000	0
F	0.0001	0	0.0000	0
S	0.0001	0	0.0000	0
V	0.0002	0	0.0000	0
K	0.0003	0	0.0000	0
E	0.0023	0	0.0000	0
V	0.0001	0	0.0000	0
S	0.0005	0	0.0000	0
V	0.0001	0	0.0000	0
I	0.0007	0	0.0000	0
P	0.0160	0	0.0005	0
L	0.0010	0	0.0000	0
G	0.0046	0	0.0003	0
K	0.0218	0	0.0011	0
G	0.0031	0	0.0001	0
I	0.0024	0	0.0001	0
V	0.0011	0	0.0001	0
L	0.0002	0	0.0000	0
Q	0.0027	0	0.0009	0
P	0.0016	0	0.0005	0
L	0.0032	0	0.0009	0
P	0.0112	0	0.0023	0
N	0.0192	0	0.0035	0
S	0.0071	0	0.0003	0
W	0.0300	0	0.0015	0
K	0.0043	0	0.0002	0
D	0.0065	0	0.0002	0
V	0.0003	0	0.0000	0
F	0.0003	0	0.0000	0
Q	0.0005	0	0.0000	0
E	0.0002	0	0.0000	0
M	0.0001	0	0.0000	0
A	0.0001	0	0.0000	0
E	0.0002	0	0.0000	0
I	0.0001	0	0.0000	0
S	0.0001	0	0.0000	0
S	0.0001	0	0.0000	0
D	0.0002	0	0.0000	0
D	0.0003	0	0.0000	0
I	0.0002	0	0.0000	0
F	0.0007	0	0.0000	0
P	0.0395	0	0.0027	0
E	0.0101	0	0.0002	0
G	0.0086	0	0.0000	0
R	0.0243	0	0.0001	0
K	0.0026	0	0.0000	0
D	0.0028	0	0.0000	0
L	0.0034	0	0.0000	0
P	0.0008	0	0.0000	0
P	0.0006	0	0.0000	0
Q	0.0026	0	0.0000	0
K	0.0046	0	0.0000	0
R	0.1357	0	0.0010	0
K	0.0331	0	0.0002	0
Y	0.0027	0	0.0000	0
F	0.0019	0	0.0000	0
E	0.0130	0	0.0003	0
</pre></body></html>