<html><head></head><body><pre style="word-wrap: break-word; white-space: pre-wrap;">&gt;Q9RWB4
Amino Acid	probability_DNA	binary_DNA	probability_RNA	binary_RNA
M	0.1407	0	0.0005	0
Q	0.0356	0	0.0002	0
T	0.0041	0	0.0000	0
H	0.0060	0	0.0000	0
I	0.0035	0	0.0000	0
K	0.0196	0	0.0000	0
I	0.0099	0	0.0000	0
N	0.0761	0	0.0000	0
R	0.2076	0	0.0001	0
G	0.0962	0	0.0000	0
E	0.0049	0	0.0000	0
L	0.0007	0	0.0000	0
L	0.0048	0	0.0000	0
R	0.0333	0	0.0001	0
G	0.0016	0	0.0000	0
I	0.0010	0	0.0000	0
E	0.0182	0	0.0001	0
Q	0.2293	0	0.0015	0
D	0.1389	0	0.0006	0
H	0.1748	0	0.0014	0
T	0.0425	0	0.0004	0
R	0.1090	0	0.0011	0
Q	0.0035	0	0.0001	0
L	0.0027	0	0.0000	0
P	0.0005	0	0.0000	0
D	0.0014	0	0.0000	0
F	0.0059	0	0.0001	0
R	0.4642	1	0.0093	0
P	0.2599	0	0.0008	0
G	0.0321	0	0.0000	0
D	0.2105	0	0.0001	0
T	0.0729	0	0.0000	0
V	0.0009	0	0.0000	0
R	0.0289	0	0.0000	0
V	0.0034	0	0.0000	0
D	0.0024	0	0.0000	0
T	0.0009	0	0.0000	0
K	0.0006	0	0.0000	0
V	0.0004	0	0.0000	0
R	0.0007	0	0.0000	0
E	0.0007	0	0.0000	0
G	0.0011	0	0.0000	0
N	0.0006	0	0.0000	0
R	0.0022	0	0.0000	0
T	0.0040	0	0.0000	0
R	0.3291	0	0.0006	0
S	0.0425	0	0.0001	0
Q	0.0090	0	0.0000	0
A	0.0085	0	0.0000	0
F	0.0004	0	0.0000	0
E	0.0014	0	0.0000	0
G	0.0003	0	0.0000	0
V	0.0020	0	0.0000	0
V	0.0003	0	0.0000	0
I	0.0049	0	0.0000	0
A	0.0179	0	0.0001	0
I	0.7455	1	0.0115	0
N	0.6807	1	0.0077	0
G	0.6845	1	0.0036	0
S	0.1701	0	0.0015	0
G	0.1905	0	0.0015	0
S	0.0025	0	0.0000	0
R	0.0173	0	0.0002	0
K	0.0065	0	0.0001	0
S	0.0047	0	0.0000	0
F	0.0028	0	0.0000	0
T	0.0074	0	0.0000	0
V	0.0004	0	0.0000	0
R	0.0086	0	0.0000	0
K	0.0007	0	0.0000	0
I	0.0008	0	0.0000	0
S	0.0002	0	0.0000	0
F	0.0010	0	0.0000	0
G	0.0146	0	0.0007	0
E	0.0005	0	0.0000	0
G	0.0005	0	0.0000	0
V	0.0050	0	0.0000	0
E	0.1850	0	0.0002	0
R	0.0402	0	0.0000	0
V	0.0088	0	0.0000	0
F	0.0025	0	0.0000	0
P	0.0075	0	0.0000	0
F	0.0059	0	0.0000	0
A	0.2147	0	0.0000	0
S	0.2119	0	0.0000	0
P	0.0472	0	0.0000	0
L	0.2066	0	0.0000	0
V	0.0085	0	0.0000	0
N	0.0421	0	0.0000	0
Q	0.0369	0	0.0000	0
V	0.0024	0	0.0000	0
T	0.0133	0	0.0000	0
I	0.0296	0	0.0000	0
V	0.0720	0	0.0000	0
E	0.1970	0	0.0001	0
R	0.3449	0	0.0001	0
G	0.2500	0	0.0001	0
K	0.7161	1	0.0000	0
V	0.1309	0	0.0000	0
R	0.9056	1	0.0000	0
R	0.7963	1	0.0000	0
A	0.6819	1	0.0000	0
K	0.9708	1	0.0000	0
L	0.2385	0	0.0000	0
Y	0.9705	1	0.0000	0
Y	0.9711	1	0.0000	0
L	0.0466	0	0.0000	0
R	0.9560	1	0.0000	0
E	0.4102	1	0.0000	0
L	0.5789	1	0.0000	0
R	0.4829	1	0.0000	0
G	0.5300	1	0.0000	0
K	0.8778	1	0.0000	0
A	0.4504	1	0.0000	0
A	0.4244	1	0.0000	0
R	0.8668	1	0.0000	0
I	0.0103	0	0.0000	0
K	0.5428	1	0.0000	0
S	0.0593	0	0.0000	0
D	0.1320	0	0.0000	0
R	0.1399	0	0.0000	0
S	0.0574	0	0.0000	0
R	0.0724	0	0.0000	0
V	0.0044	0	0.0000	0
M	0.0006	0	0.0000	0
K	0.0012	0	0.0000	0
D	0.0002	0	0.0000	0
A	0.0004	0	0.0000	0
A	0.0002	0	0.0000	0
R	0.0002	0	0.0000	0
A	0.0004	0	0.0000	0
Q	0.0003	0	0.0000	0
Q	0.0003	0	0.0000	0
D	0.0001	0	0.0000	0
K	0.0001	0	0.0000	0
A	0.0001	0	0.0000	0
N	0.0001	0	0.0000	0
A	0.0001	0	0.0000	0
S	0.0001	0	0.0000	0
A	0.0001	0	0.0000	0
S	0.0001	0	0.0000	0
Q	0.0002	0	0.0000	0
A	0.0001	0	0.0000	0
A	0.0001	0	0.0000	0
A	0.0001	0	0.0000	0
A	0.0002	0	0.0000	0
Q	0.0005	0	0.0000	0
A	0.0001	0	0.0000	0
D	0.0001	0	0.0000	0
V	0.0001	0	0.0000	0
T	0.0002	0	0.0000	0
V	0.0000	0	0.0000	0
I	0.0001	0	0.0000	0
S	0.0001	0	0.0000	0
A	0.0000	0	0.0000	0
A	0.0001	0	0.0000	0
P	0.0001	0	0.0000	0
E	0.0002	0	0.0000	0
V	0.0001	0	0.0000	0
A	0.0001	0	0.0000	0
P	0.0001	0	0.0000	0
E	0.0005	0	0.0000	0
T	0.0008	0	0.0000	0
Q	0.0008	0	0.0000	0
G	0.0006	0	0.0000	0
E	0.0030	0	0.0000	0
</pre></body></html>