<html><head></head><body><pre style="word-wrap: break-word; white-space: pre-wrap;">&gt;B8YB54
Amino Acid	probability_DNA	binary_DNA	probability_RNA	binary_RNA
M	0.0016	0	0.0004	0
E	0.0007	0	0.0001	0
N	0.0006	0	0.0002	0
V	0.0002	0	0.0000	0
I	0.0000	0	0.0000	0
D	0.0002	0	0.0003	0
E	0.0004	0	0.0002	0
K	0.0006	0	0.0006	0
D	0.0011	0	0.0008	0
K	0.0044	0	0.0037	0
S	0.0004	0	0.0003	0
Y	0.0002	0	0.0000	0
L	0.0001	0	0.0000	0
E	0.0001	0	0.0000	0
E	0.0004	0	0.0001	0
K	0.0005	0	0.0001	0
V	0.0000	0	0.0000	0
K	0.0001	0	0.0000	0
Q	0.0002	0	0.0001	0
A	0.0001	0	0.0000	0
S	0.0001	0	0.0001	0
N	0.0001	0	0.0000	0
I	0.0000	0	0.0000	0
L	0.0000	0	0.0000	0
P	0.0001	0	0.0000	0
Q	0.0000	0	0.0000	0
K	0.0001	0	0.0000	0
I	0.0000	0	0.0000	0
V	0.0001	0	0.0001	0
E	0.0001	0	0.0000	0
D	0.0001	0	0.0000	0
L	0.0000	0	0.0000	0
K	0.0002	0	0.0000	0
N	0.0003	0	0.0000	0
L	0.0006	0	0.0000	0
I	0.0001	0	0.0000	0
S	0.0003	0	0.0000	0
N	0.0008	0	0.0001	0
K	0.0707	0	0.0096	0
E	0.0024	0	0.0001	0
V	0.0004	0	0.0000	0
L	0.0027	0	0.0002	0
V	0.0017	0	0.0001	0
T	0.0051	0	0.0004	0
R	0.1229	0	0.0267	0
D	0.2242	0	0.0839	0
E	0.0124	0	0.0032	0
I	0.0005	0	0.0001	0
D	0.0057	0	0.0022	0
K	0.0039	0	0.0009	0
I	0.0001	0	0.0000	0
F	0.0002	0	0.0001	0
D	0.0002	0	0.0001	0
L	0.0006	0	0.0002	0
A	0.0001	0	0.0000	0
I	0.0001	0	0.0000	0
K	0.0007	0	0.0003	0
E	0.0233	0	0.0194	0
Y	0.0051	0	0.0042	0
S	0.0007	0	0.0005	0
E	0.0114	0	0.0186	0
G	0.0017	0	0.0011	0
L	0.0027	0	0.0025	0
I	0.0011	0	0.0008	0
A	0.0075	0	0.0127	0
P	0.0065	0	0.0143	0
G	0.0044	0	0.0080	0
E	0.0157	0	0.0299	0
A	0.0283	0	0.0691	0
I	0.0368	0	0.0916	0
G	0.2731	0	0.4801	1
I	0.0624	0	0.0877	0
V	0.0678	0	0.0583	0
A	0.0805	0	0.1020	0
A	0.0623	0	0.0417	0
Q	0.2245	0	0.1898	1
S	0.1852	0	0.1338	0
V	0.0283	0	0.0072	0
G	0.4193	1	0.2460	1
E	0.5067	1	0.2322	1
P	0.0223	0	0.0022	0
G	0.0371	0	0.0040	0
T	0.0532	0	0.0105	0
Q	0.0253	0	0.0040	0
M	0.0421	0	0.0069	0
T	0.1052	0	0.0586	0
L	0.0041	0	0.0023	0
R	0.1787	0	0.1189	0
T	0.4968	1	0.3214	1
F	0.0290	0	0.0095	0
H	0.3915	1	0.2183	1
F	0.3629	1	0.1531	1
A	0.1942	0	0.0627	0
G	0.0354	0	0.0053	0
I	0.0215	0	0.0040	0
R	0.1299	0	0.0273	0
E	0.0983	0	0.0292	0
L	0.0451	0	0.0100	0
N	0.0335	0	0.0098	0
V	0.0070	0	0.0012	0
T	0.1741	0	0.1150	0
L	0.0191	0	0.0072	0
G	0.2727	0	0.2458	1
L	0.0230	0	0.0060	0
P	0.0151	0	0.0025	0
R	0.5400	1	0.4087	1
L	0.0015	0	0.0002	0
I	0.1167	0	0.0542	0
E	0.0126	0	0.0044	0
I	0.0004	0	0.0000	0
V	0.0015	0	0.0002	0
D	0.0243	0	0.0053	0
A	0.0042	0	0.0008	0
K	0.4997	1	0.2265	1
K	0.5078	1	0.1386	0
V	0.4201	1	0.0321	0
P	0.4143	1	0.0156	0
S	0.5822	1	0.0408	0
T	0.4606	1	0.0115	0
P	0.0853	0	0.0009	0
M	0.1973	0	0.0034	0
M	0.0283	0	0.0003	0
T	0.1487	0	0.0033	0
I	0.0019	0	0.0000	0
Y	0.0055	0	0.0001	0
L	0.0003	0	0.0000	0
T	0.0012	0	0.0000	0
D	0.0003	0	0.0000	0
E	0.0003	0	0.0000	0
Y	0.0006	0	0.0000	0
K	0.0010	0	0.0000	0
H	0.0012	0	0.0000	0
D	0.0005	0	0.0000	0
K	0.0010	0	0.0000	0
E	0.0009	0	0.0000	0
K	0.0058	0	0.0000	0
A	0.0005	0	0.0000	0
L	0.0013	0	0.0000	0
E	0.0021	0	0.0000	0
V	0.0006	0	0.0000	0
A	0.0384	0	0.0009	0
R	0.0017	0	0.0000	0
K	0.0061	0	0.0001	0
L	0.0013	0	0.0000	0
E	0.0010	0	0.0000	0
Y	0.0016	0	0.0000	0
T	0.0011	0	0.0000	0
K	0.0029	0	0.0000	0
I	0.0018	0	0.0000	0
E	0.0008	0	0.0000	0
N	0.0007	0	0.0000	0
V	0.0004	0	0.0000	0
V	0.0012	0	0.0000	0
S	0.0053	0	0.0000	0
S	0.0115	0	0.0000	0
T	0.0008	0	0.0000	0
S	0.0034	0	0.0000	0
I	0.0008	0	0.0000	0
D	0.0172	0	0.0001	0
I	0.0056	0	0.0000	0
A	0.0064	0	0.0000	0
S	0.0232	0	0.0002	0
M	0.0136	0	0.0001	0
S	0.1645	0	0.0072	0
I	0.0013	0	0.0000	0
I	0.0497	0	0.0031	0
L	0.0032	0	0.0000	0
Q	0.0059	0	0.0002	0
L	0.0029	0	0.0000	0
D	0.0023	0	0.0001	0
N	0.0059	0	0.0002	0
E	0.0032	0	0.0001	0
M	0.0025	0	0.0000	0
L	0.0008	0	0.0000	0
K	0.0014	0	0.0001	0
D	0.0006	0	0.0000	0
K	0.0053	0	0.0002	0
G	0.0020	0	0.0001	0
V	0.0020	0	0.0001	0
T	0.0028	0	0.0001	0
V	0.0012	0	0.0000	0
D	0.0017	0	0.0001	0
D	0.0015	0	0.0001	0
V	0.0029	0	0.0002	0
K	0.0037	0	0.0002	0
K	0.0139	0	0.0007	0
A	0.0049	0	0.0003	0
I	0.0033	0	0.0005	0
N	0.0013	0	0.0001	0
R	0.0053	0	0.0006	0
L	0.0010	0	0.0001	0
K	0.0040	0	0.0008	0
L	0.0004	0	0.0001	0
G	0.0004	0	0.0001	0
E	0.0007	0	0.0001	0
F	0.0012	0	0.0001	0
V	0.0007	0	0.0001	0
I	0.0005	0	0.0001	0
D	0.0007	0	0.0001	0
E	0.0015	0	0.0002	0
S	0.0010	0	0.0002	0
E	0.0010	0	0.0002	0
G	0.0011	0	0.0002	0
N	0.0018	0	0.0002	0
T	0.0014	0	0.0002	0
L	0.0006	0	0.0000	0
N	0.0026	0	0.0002	0
I	0.0010	0	0.0001	0
S	0.0151	0	0.0021	0
F	0.0025	0	0.0003	0
A	0.0043	0	0.0007	0
N	0.0035	0	0.0005	0
I	0.0025	0	0.0005	0
D	0.0022	0	0.0004	0
S	0.0142	0	0.0039	0
I	0.0152	0	0.0034	0
A	0.0177	0	0.0035	0
A	0.0133	0	0.0025	0
L	0.0019	0	0.0005	0
F	0.0098	0	0.0023	0
K	0.0023	0	0.0004	0
L	0.0004	0	0.0000	0
R	0.0013	0	0.0002	0
D	0.0012	0	0.0001	0
K	0.0033	0	0.0004	0
I	0.0015	0	0.0003	0
L	0.0015	0	0.0003	0
N	0.0018	0	0.0002	0
T	0.0009	0	0.0001	0
K	0.0052	0	0.0008	0
I	0.0014	0	0.0001	0
K	0.0142	0	0.0011	0
G	0.0073	0	0.0004	0
I	0.0012	0	0.0001	0
K	0.0007	0	0.0000	0
G	0.0035	0	0.0003	0
I	0.0015	0	0.0003	0
K	0.0093	0	0.0023	0
R	0.2951	0	0.1028	0
A	0.0038	0	0.0002	0
I	0.0649	0	0.0112	0
V	0.0015	0	0.0001	0
Q	0.0042	0	0.0010	0
K	0.0049	0	0.0013	0
K	0.0066	0	0.0020	0
G	0.0078	0	0.0053	0
D	0.0023	0	0.0009	0
E	0.0014	0	0.0003	0
Y	0.0025	0	0.0006	0
I	0.0016	0	0.0006	0
I	0.0006	0	0.0002	0
L	0.0002	0	0.0001	0
T	0.0010	0	0.0007	0
D	0.0129	0	0.0140	0
G	0.0974	0	0.1068	0
S	0.0162	0	0.0110	0
N	0.0275	0	0.0118	0
L	0.0075	0	0.0027	0
S	0.0057	0	0.0031	0
G	0.0003	0	0.0001	0
V	0.0001	0	0.0001	0
L	0.0005	0	0.0006	0
S	0.0005	0	0.0003	0
V	0.0008	0	0.0004	0
K	0.0041	0	0.0039	0
G	0.0048	0	0.0051	0
V	0.0098	0	0.0109	0
D	0.2284	0	0.2016	1
I	0.1361	0	0.0497	0
A	0.3980	1	0.2144	1
K	0.5340	1	0.2688	1
V	0.1847	0	0.0310	0
E	0.3496	0	0.1515	1
T	0.4078	1	0.2506	1
N	0.4080	1	0.2738	1
N	0.3584	1	0.1173	0
I	0.0207	0	0.0027	0
R	0.0537	0	0.0421	0
E	0.0047	0	0.0016	0
I	0.0004	0	0.0001	0
E	0.0002	0	0.0001	0
E	0.0004	0	0.0002	0
V	0.0003	0	0.0001	0
F	0.0008	0	0.0004	0
G	0.0003	0	0.0001	0
I	0.0022	0	0.0005	0
E	0.0140	0	0.0035	0
A	0.0127	0	0.0020	0
A	0.0005	0	0.0001	0
R	0.0052	0	0.0037	0
E	0.0099	0	0.0025	0
I	0.0015	0	0.0001	0
I	0.0003	0	0.0000	0
I	0.0003	0	0.0000	0
R	0.0288	0	0.0018	0
E	0.0020	0	0.0000	0
I	0.0001	0	0.0000	0
S	0.0043	0	0.0003	0
K	0.0007	0	0.0000	0
V	0.0001	0	0.0000	0
L	0.0036	0	0.0003	0
A	0.0015	0	0.0001	0
E	0.0015	0	0.0002	0
Q	0.0037	0	0.0009	0
G	0.0024	0	0.0004	0
L	0.0019	0	0.0004	0
D	0.0188	0	0.0083	0
V	0.0131	0	0.0045	0
D	0.0207	0	0.0054	0
M	0.0119	0	0.0032	0
R	0.2354	0	0.0905	0
H	0.0259	0	0.0022	0
I	0.0009	0	0.0000	0
L	0.0008	0	0.0001	0
L	0.0002	0	0.0000	0
V	0.0002	0	0.0000	0
A	0.0004	0	0.0000	0
D	0.0227	0	0.0003	0
V	0.0321	0	0.0004	0
M	0.1030	0	0.0017	0
T	0.1556	0	0.0012	0
R	0.0637	0	0.0002	0
T	0.0348	0	0.0002	0
G	0.0025	0	0.0000	0
V	0.0037	0	0.0000	0
V	0.0031	0	0.0000	0
R	0.0600	0	0.0005	0
Q	0.0061	0	0.0000	0
I	0.0045	0	0.0000	0
G	0.0045	0	0.0000	0
R	0.2612	0	0.0013	0
H	0.2022	0	0.0005	0
G	0.5264	1	0.0002	0
V	0.2152	0	0.0002	0
T	0.5009	1	0.0004	0
G	0.5586	1	0.0005	0
E	0.3837	1	0.0007	0
K	0.4387	1	0.0006	0
N	0.2321	0	0.0004	0
S	0.0580	0	0.0001	0
V	0.0015	0	0.0000	0
L	0.0027	0	0.0000	0
A	0.0126	0	0.0000	0
R	0.0595	0	0.0001	0
A	0.0018	0	0.0000	0
A	0.2324	0	0.0034	0
F	0.0093	0	0.0000	0
E	0.0332	0	0.0001	0
V	0.0075	0	0.0000	0
T	0.0015	0	0.0000	0
V	0.0003	0	0.0000	0
K	0.0016	0	0.0000	0
H	0.0002	0	0.0000	0
L	0.0000	0	0.0000	0
L	0.0003	0	0.0000	0
D	0.0008	0	0.0000	0
A	0.0001	0	0.0000	0
A	0.0000	0	0.0000	0
A	0.0000	0	0.0000	0
R	0.0009	0	0.0000	0
G	0.0057	0	0.0000	0
D	0.0037	0	0.0000	0
V	0.0035	0	0.0000	0
E	0.0039	0	0.0000	0
E	0.0016	0	0.0000	0
F	0.0002	0	0.0000	0
K	0.0002	0	0.0000	0
G	0.0001	0	0.0000	0
V	0.0001	0	0.0000	0
V	0.0004	0	0.0000	0
E	0.0005	0	0.0000	0
N	0.0045	0	0.0002	0
I	0.0004	0	0.0000	0
I	0.0002	0	0.0000	0
I	0.0001	0	0.0000	0
G	0.0008	0	0.0000	0
H	0.0563	0	0.0030	0
P	0.0199	0	0.0008	0
I	0.0036	0	0.0003	0
K	0.0114	0	0.0012	0
L	0.0007	0	0.0001	0
G	0.0102	0	0.0019	0
T	0.0182	0	0.0040	0
G	0.0033	0	0.0007	0
M	0.0008	0	0.0004	0
V	0.0001	0	0.0000	0
E	0.0013	0	0.0003	0
L	0.0002	0	0.0000	0
T	0.0009	0	0.0001	0
M	0.0047	0	0.0005	0
R	0.0042	0	0.0004	0
P	0.0004	0	0.0000	0
I	0.0005	0	0.0000	0
L	0.0007	0	0.0000	0
R	0.0396	0	0.0036	0
</pre></body></html>