<html><head></head><body><pre style="word-wrap: break-word; white-space: pre-wrap;">&gt;P48436
Amino Acid	probability_DNA	binary_DNA	probability_RNA	binary_RNA
M	0.0764	0	0.0235	0
N	0.0178	0	0.0089	0
L	0.0011	0	0.0001	0
L	0.0003	0	0.0000	0
D	0.0007	0	0.0000	0
P	0.0003	0	0.0000	0
F	0.0001	0	0.0000	0
M	0.0000	0	0.0000	0
K	0.0002	0	0.0000	0
M	0.0002	0	0.0000	0
T	0.0007	0	0.0000	0
D	0.0003	0	0.0000	0
E	0.0001	0	0.0000	0
Q	0.0001	0	0.0000	0
E	0.0001	0	0.0000	0
K	0.0001	0	0.0000	0
G	0.0001	0	0.0000	0
L	0.0001	0	0.0000	0
S	0.0002	0	0.0000	0
G	0.0001	0	0.0000	0
A	0.0002	0	0.0000	0
P	0.0002	0	0.0000	0
S	0.0012	0	0.0000	0
P	0.0022	0	0.0000	0
T	0.0431	0	0.0005	0
M	0.1549	0	0.0011	0
S	0.4037	1	0.0011	0
E	0.1163	0	0.0003	0
D	0.0325	0	0.0001	0
S	0.0531	0	0.0001	0
A	0.0166	0	0.0000	0
G	0.0126	0	0.0000	0
S	0.0188	0	0.0000	0
P	0.0047	0	0.0000	0
C	0.0089	0	0.0000	0
P	0.0590	0	0.0004	0
S	0.3211	0	0.0010	0
G	0.4600	1	0.0006	0
S	0.2648	0	0.0003	0
G	0.2160	0	0.0002	0
S	0.0893	0	0.0001	0
D	0.0413	0	0.0000	0
T	0.0599	0	0.0000	0
E	0.0222	0	0.0000	0
N	0.0916	0	0.0000	0
T	0.0340	0	0.0000	0
R	0.1548	0	0.0000	0
P	0.0604	0	0.0000	0
Q	0.1833	0	0.0000	0
E	0.0744	0	0.0000	0
N	0.1592	0	0.0000	0
T	0.0194	0	0.0000	0
F	0.0158	0	0.0000	0
P	0.0110	0	0.0000	0
K	0.0140	0	0.0000	0
G	0.0083	0	0.0000	0
E	0.0031	0	0.0000	0
P	0.0029	0	0.0000	0
D	0.0051	0	0.0000	0
L	0.0047	0	0.0000	0
K	0.0131	0	0.0000	0
K	0.0139	0	0.0000	0
E	0.0013	0	0.0000	0
S	0.0015	0	0.0000	0
E	0.0004	0	0.0000	0
E	0.0003	0	0.0000	0
D	0.0004	0	0.0000	0
K	0.0014	0	0.0000	0
F	0.0002	0	0.0000	0
P	0.0005	0	0.0000	0
V	0.0012	0	0.0000	0
C	0.0007	0	0.0000	0
I	0.0016	0	0.0000	0
R	0.0021	0	0.0000	0
E	0.0008	0	0.0000	0
A	0.0007	0	0.0000	0
V	0.0006	0	0.0000	0
S	0.0038	0	0.0000	0
Q	0.0047	0	0.0000	0
V	0.0012	0	0.0000	0
L	0.0032	0	0.0000	0
K	0.0012	0	0.0000	0
G	0.0052	0	0.0000	0
Y	0.0027	0	0.0000	0
D	0.0021	0	0.0000	0
W	0.0026	0	0.0000	0
T	0.0013	0	0.0000	0
L	0.0009	0	0.0000	0
V	0.0008	0	0.0000	0
P	0.0013	0	0.0000	0
M	0.0019	0	0.0000	0
P	0.0131	0	0.0000	0
V	0.0209	0	0.0000	0
R	0.0292	0	0.0000	0
V	0.1375	0	0.0000	0
N	0.2381	0	0.0000	0
G	0.0950	0	0.0000	0
S	0.2351	0	0.0000	0
S	0.1026	0	0.0000	0
K	0.1429	0	0.0000	0
N	0.0544	0	0.0000	0
K	0.0061	0	0.0000	0
P	0.0271	0	0.0000	0
H	0.2112	0	0.0000	0
V	0.0030	0	0.0000	0
K	0.1197	0	0.0000	0
R	0.7379	1	0.0000	0
P	0.1120	0	0.0000	0
M	0.1243	0	0.0002	0
N	0.6104	1	0.0036	0
A	0.0650	0	0.0001	0
F	0.9056	1	0.0020	0
M	0.8881	1	0.0010	0
V	0.3344	0	0.0002	0
W	0.8306	1	0.0005	0
A	0.0389	0	0.0000	0
Q	0.7085	1	0.0001	0
A	0.1880	0	0.0001	0
A	0.0286	0	0.0000	0
R	0.9048	1	0.0011	0
R	0.0151	0	0.0000	0
K	0.0079	0	0.0000	0
L	0.0004	0	0.0000	0
A	0.0016	0	0.0000	0
D	0.0004	0	0.0000	0
Q	0.0016	0	0.0000	0
Y	0.0064	0	0.0000	0
P	0.0081	0	0.0000	0
H	0.0200	0	0.0001	0
L	0.0684	0	0.0001	0
H	0.1949	0	0.0004	0
N	0.3635	1	0.0002	0
A	0.1185	0	0.0001	0
E	0.0065	0	0.0000	0
L	0.0007	0	0.0000	0
S	0.4909	1	0.0039	0
K	0.4192	1	0.0007	0
T	0.0015	0	0.0000	0
L	0.0004	0	0.0000	0
G	0.0596	0	0.0000	0
K	0.0012	0	0.0000	0
L	0.0010	0	0.0000	0
W	0.0841	0	0.0001	0
R	0.0146	0	0.0000	0
L	0.0009	0	0.0000	0
L	0.0004	0	0.0000	0
N	0.0028	0	0.0000	0
E	0.0014	0	0.0000	0
S	0.0004	0	0.0000	0
E	0.0012	0	0.0000	0
K	0.3838	1	0.0006	0
R	0.0029	0	0.0000	0
P	0.0220	0	0.0001	0
F	0.6743	1	0.0100	0
V	0.0007	0	0.0000	0
E	0.0001	0	0.0000	0
E	0.0005	0	0.0000	0
A	0.0001	0	0.0000	0
E	0.0002	0	0.0000	0
R	0.0001	0	0.0000	0
L	0.0001	0	0.0000	0
R	0.0469	0	0.0006	0
V	0.0010	0	0.0000	0
Q	0.0048	0	0.0000	0
H	0.2334	0	0.0052	0
K	0.0013	0	0.0000	0
K	0.0016	0	0.0000	0
D	0.0023	0	0.0001	0
H	0.0072	0	0.0005	0
P	0.0006	0	0.0000	0
D	0.0006	0	0.0000	0
Y	0.0041	0	0.0002	0
K	0.0232	0	0.0008	0
Y	0.0060	0	0.0000	0
Q	0.1982	0	0.0039	0
P	0.0084	0	0.0000	0
R	0.3433	0	0.0011	0
R	0.1798	0	0.0003	0
R	0.3313	0	0.0003	0
K	0.3835	1	0.0001	0
S	0.1104	0	0.0000	0
V	0.1932	0	0.0001	0
K	0.5122	1	0.0002	0
N	0.4650	1	0.0001	0
G	0.4832	1	0.0001	0
Q	0.6291	1	0.0001	0
A	0.1415	0	0.0000	0
E	0.1591	0	0.0000	0
A	0.0330	0	0.0000	0
E	0.0151	0	0.0000	0
E	0.0064	0	0.0000	0
A	0.0060	0	0.0000	0
T	0.0097	0	0.0000	0
E	0.0171	0	0.0000	0
Q	0.0178	0	0.0000	0
T	0.0090	0	0.0000	0
H	0.0181	0	0.0000	0
I	0.0088	0	0.0000	0
S	0.0210	0	0.0000	0
P	0.0265	0	0.0000	0
N	0.0844	0	0.0001	0
A	0.0125	0	0.0000	0
I	0.0022	0	0.0000	0
F	0.0060	0	0.0000	0
K	0.0088	0	0.0000	0
A	0.0019	0	0.0000	0
L	0.0012	0	0.0000	0
Q	0.0036	0	0.0000	0
A	0.0089	0	0.0001	0
D	0.0039	0	0.0001	0
S	0.0119	0	0.0002	0
P	0.0224	0	0.0003	0
H	0.0147	0	0.0001	0
S	0.0219	0	0.0002	0
S	0.0204	0	0.0003	0
S	0.0698	0	0.0015	0
G	0.0581	0	0.0018	0
M	0.0198	0	0.0005	0
S	0.0324	0	0.0011	0
E	0.0218	0	0.0005	0
V	0.0146	0	0.0004	0
H	0.0170	0	0.0006	0
S	0.0085	0	0.0001	0
P	0.0250	0	0.0003	0
G	0.0233	0	0.0002	0
E	0.0110	0	0.0000	0
H	0.0133	0	0.0001	0
S	0.0348	0	0.0002	0
G	0.0070	0	0.0000	0
Q	0.0117	0	0.0000	0
S	0.0365	0	0.0001	0
Q	0.0296	0	0.0001	0
G	0.0060	0	0.0000	0
P	0.0014	0	0.0000	0
P	0.0030	0	0.0000	0
T	0.0115	0	0.0001	0
P	0.0129	0	0.0000	0
P	0.0875	0	0.0004	0
T	0.0888	0	0.0007	0
T	0.3163	0	0.0070	0
P	0.0153	0	0.0001	0
K	0.0107	0	0.0001	0
T	0.0008	0	0.0000	0
D	0.0004	0	0.0000	0
V	0.0004	0	0.0000	0
Q	0.0015	0	0.0000	0
P	0.0005	0	0.0000	0
G	0.0011	0	0.0000	0
K	0.0073	0	0.0001	0
A	0.0014	0	0.0000	0
D	0.0071	0	0.0001	0
L	0.0091	0	0.0002	0
K	0.1779	0	0.0109	0
R	0.4004	1	0.0209	0
E	0.1706	0	0.0038	0
G	0.1016	0	0.0030	0
R	0.0710	0	0.0047	0
P	0.0485	0	0.0040	0
L	0.0051	0	0.0002	0
P	0.0023	0	0.0001	0
E	0.0009	0	0.0001	0
G	0.0031	0	0.0002	0
G	0.0020	0	0.0001	0
R	0.0010	0	0.0000	0
Q	0.0032	0	0.0001	0
P	0.0007	0	0.0000	0
P	0.0024	0	0.0001	0
I	0.0009	0	0.0000	0
D	0.0057	0	0.0002	0
F	0.0022	0	0.0000	0
R	0.0014	0	0.0000	0
D	0.0025	0	0.0001	0
V	0.0004	0	0.0000	0
D	0.0004	0	0.0000	0
I	0.0002	0	0.0000	0
G	0.0004	0	0.0000	0
E	0.0014	0	0.0000	0
L	0.0014	0	0.0000	0
S	0.0042	0	0.0002	0
S	0.0012	0	0.0000	0
D	0.0005	0	0.0000	0
V	0.0002	0	0.0000	0
I	0.0007	0	0.0000	0
S	0.0009	0	0.0000	0
N	0.0010	0	0.0000	0
I	0.0002	0	0.0000	0
E	0.0002	0	0.0000	0
T	0.0003	0	0.0000	0
F	0.0001	0	0.0000	0
D	0.0001	0	0.0000	0
V	0.0001	0	0.0000	0
N	0.0001	0	0.0000	0
E	0.0001	0	0.0000	0
F	0.0001	0	0.0000	0
D	0.0001	0	0.0000	0
Q	0.0002	0	0.0000	0
Y	0.0015	0	0.0002	0
L	0.0003	0	0.0001	0
P	0.0012	0	0.0004	0
P	0.0014	0	0.0006	0
N	0.0199	0	0.0264	0
G	0.0566	0	0.0670	0
H	0.0173	0	0.0116	0
P	0.0055	0	0.0014	0
G	0.0009	0	0.0002	0
V	0.0009	0	0.0002	0
P	0.0087	0	0.0039	0
A	0.0017	0	0.0003	0
T	0.0008	0	0.0001	0
H	0.0006	0	0.0001	0
G	0.0004	0	0.0001	0
Q	0.0035	0	0.0009	0
V	0.0007	0	0.0001	0
T	0.0010	0	0.0001	0
Y	0.0038	0	0.0006	0
T	0.0033	0	0.0008	0
G	0.0019	0	0.0004	0
S	0.0078	0	0.0021	0
Y	0.0237	0	0.0045	0
G	0.0406	0	0.0057	0
I	0.0251	0	0.0013	0
S	0.0210	0	0.0009	0
S	0.0185	0	0.0007	0
T	0.0026	0	0.0001	0
A	0.0039	0	0.0001	0
A	0.0013	0	0.0000	0
T	0.0053	0	0.0001	0
P	0.0111	0	0.0003	0
A	0.0028	0	0.0001	0
S	0.0033	0	0.0001	0
A	0.0043	0	0.0001	0
G	0.0133	0	0.0002	0
H	0.1877	0	0.0009	0
V	0.0469	0	0.0000	0
W	0.0438	0	0.0001	0
M	0.0062	0	0.0000	0
S	0.0083	0	0.0000	0
K	0.0653	0	0.0003	0
Q	0.0063	0	0.0000	0
Q	0.0024	0	0.0000	0
A	0.0010	0	0.0000	0
P	0.0004	0	0.0000	0
P	0.0003	0	0.0000	0
P	0.0002	0	0.0000	0
P	0.0003	0	0.0000	0
P	0.0003	0	0.0000	0
Q	0.0002	0	0.0000	0
Q	0.0002	0	0.0000	0
P	0.0005	0	0.0000	0
P	0.0001	0	0.0000	0
Q	0.0002	0	0.0000	0
A	0.0001	0	0.0000	0
P	0.0001	0	0.0000	0
P	0.0001	0	0.0000	0
A	0.0001	0	0.0000	0
P	0.0001	0	0.0000	0
Q	0.0001	0	0.0000	0
A	0.0000	0	0.0000	0
P	0.0000	0	0.0000	0
P	0.0000	0	0.0000	0
Q	0.0000	0	0.0000	0
P	0.0000	0	0.0000	0
Q	0.0000	0	0.0000	0
A	0.0000	0	0.0000	0
A	0.0000	0	0.0000	0
P	0.0000	0	0.0000	0
P	0.0000	0	0.0000	0
Q	0.0000	0	0.0000	0
Q	0.0001	0	0.0000	0
P	0.0000	0	0.0000	0
A	0.0000	0	0.0000	0
A	0.0000	0	0.0000	0
P	0.0000	0	0.0000	0
P	0.0000	0	0.0000	0
Q	0.0001	0	0.0000	0
Q	0.0001	0	0.0000	0
P	0.0001	0	0.0000	0
Q	0.0002	0	0.0000	0
A	0.0002	0	0.0000	0
H	0.0004	0	0.0000	0
T	0.0008	0	0.0000	0
L	0.0004	0	0.0000	0
T	0.0003	0	0.0000	0
T	0.0007	0	0.0000	0
L	0.0007	0	0.0000	0
S	0.0019	0	0.0000	0
S	0.0241	0	0.0001	0
E	0.0030	0	0.0000	0
P	0.0071	0	0.0000	0
G	0.0226	0	0.0000	0
Q	0.0305	0	0.0000	0
S	0.0483	0	0.0001	0
Q	0.0410	0	0.0001	0
R	0.1554	0	0.0005	0
T	0.0096	0	0.0000	0
H	0.0261	0	0.0001	0
I	0.0026	0	0.0000	0
K	0.0144	0	0.0000	0
T	0.0074	0	0.0000	0
E	0.0085	0	0.0000	0
Q	0.0148	0	0.0001	0
L	0.0003	0	0.0000	0
S	0.0025	0	0.0000	0
P	0.0333	0	0.0004	0
S	0.0131	0	0.0001	0
H	0.0284	0	0.0004	0
Y	0.0080	0	0.0001	0
S	0.0010	0	0.0000	0
E	0.0055	0	0.0002	0
Q	0.0009	0	0.0000	0
Q	0.0008	0	0.0000	0
Q	0.0004	0	0.0000	0
H	0.0004	0	0.0000	0
S	0.0037	0	0.0003	0
P	0.0040	0	0.0002	0
Q	0.0020	0	0.0001	0
Q	0.0046	0	0.0003	0
I	0.0001	0	0.0000	0
A	0.0002	0	0.0000	0
Y	0.0003	0	0.0000	0
S	0.0002	0	0.0000	0
P	0.0007	0	0.0000	0
F	0.0003	0	0.0000	0
N	0.0011	0	0.0000	0
L	0.0002	0	0.0000	0
P	0.0014	0	0.0001	0
H	0.0032	0	0.0002	0
Y	0.0135	0	0.0025	0
S	0.0022	0	0.0004	0
P	0.0010	0	0.0001	0
S	0.0008	0	0.0001	0
Y	0.0022	0	0.0008	0
P	0.0006	0	0.0002	0
P	0.0040	0	0.0010	0
I	0.0097	0	0.0036	0
T	0.0494	0	0.0322	0
R	0.1505	0	0.0944	0
S	0.0620	0	0.0214	0
Q	0.0801	0	0.0204	0
Y	0.0096	0	0.0023	0
D	0.0053	0	0.0007	0
Y	0.0062	0	0.0003	0
T	0.0009	0	0.0001	0
D	0.0005	0	0.0000	0
H	0.0005	0	0.0000	0
Q	0.0017	0	0.0002	0
N	0.0022	0	0.0002	0
S	0.0039	0	0.0004	0
S	0.0037	0	0.0003	0
S	0.0691	0	0.0033	0
Y	0.0064	0	0.0002	0
Y	0.0011	0	0.0002	0
S	0.0020	0	0.0006	0
H	0.0008	0	0.0002	0
A	0.0002	0	0.0001	0
A	0.0004	0	0.0001	0
G	0.0085	0	0.0038	0
Q	0.1090	0	0.0478	0
G	0.0077	0	0.0018	0
T	0.0222	0	0.0044	0
G	0.0293	0	0.0025	0
L	0.0010	0	0.0000	0
Y	0.0005	0	0.0000	0
S	0.0006	0	0.0000	0
T	0.0005	0	0.0000	0
F	0.0002	0	0.0000	0
T	0.0003	0	0.0000	0
Y	0.0011	0	0.0000	0
M	0.0002	0	0.0000	0
N	0.0007	0	0.0000	0
P	0.0002	0	0.0000	0
A	0.0003	0	0.0000	0
Q	0.0009	0	0.0000	0
R	0.0014	0	0.0000	0
P	0.0003	0	0.0000	0
M	0.0001	0	0.0000	0
Y	0.0002	0	0.0000	0
T	0.0001	0	0.0000	0
P	0.0000	0	0.0000	0
I	0.0000	0	0.0000	0
A	0.0000	0	0.0000	0
D	0.0000	0	0.0000	0
T	0.0000	0	0.0000	0
S	0.0000	0	0.0000	0
G	0.0000	0	0.0000	0
V	0.0000	0	0.0000	0
P	0.0001	0	0.0000	0
S	0.0001	0	0.0000	0
I	0.0001	0	0.0000	0
P	0.0002	0	0.0000	0
Q	0.0007	0	0.0003	0
T	0.0010	0	0.0006	0
H	0.0067	0	0.0101	0
S	0.0226	0	0.0613	0
P	0.0489	0	0.1199	0
Q	0.0702	0	0.1277	0
H	0.0315	0	0.0513	0
W	0.0016	0	0.0033	0
E	0.0017	0	0.0052	0
Q	0.0016	0	0.0044	0
P	0.0001	0	0.0003	0
V	0.0001	0	0.0003	0
Y	0.0027	0	0.0108	0
T	0.0095	0	0.0176	0
Q	0.0012	0	0.0012	0
L	0.0002	0	0.0006	0
T	0.0109	0	0.0495	0
R	0.2952	0	0.5193	1
P	0.0205	0	0.0422	0
</pre></body></html>