<html><head></head><body><pre style="word-wrap: break-word; white-space: pre-wrap;">&gt;Q5SM65
Amino Acid	probability_DNA	binary_DNA	probability_RNA	binary_RNA
M	0.0217	0	0.0003	0
V	0.0037	0	0.0000	0
L	0.0005	0	0.0000	0
A	0.0003	0	0.0000	0
A	0.0001	0	0.0000	0
L	0.0001	0	0.0000	0
V	0.0001	0	0.0000	0
L	0.0001	0	0.0000	0
V	0.0001	0	0.0000	0
L	0.0002	0	0.0000	0
E	0.0010	0	0.0000	0
G	0.0012	0	0.0000	0
E	0.0010	0	0.0000	0
G	0.0015	0	0.0000	0
L	0.0007	0	0.0000	0
P	0.0005	0	0.0000	0
E	0.0010	0	0.0000	0
P	0.0029	0	0.0000	0
L	0.0027	0	0.0000	0
G	0.0020	0	0.0000	0
L	0.0065	0	0.0000	0
R	0.0695	0	0.0000	0
G	0.0206	0	0.0000	0
F	0.0004	0	0.0000	0
F	0.0002	0	0.0000	0
Y	0.0026	0	0.0000	0
G	0.0006	0	0.0000	0
L	0.0001	0	0.0000	0
L	0.0001	0	0.0000	0
R	0.0055	0	0.0000	0
E	0.0004	0	0.0000	0
V	0.0003	0	0.0000	0
A	0.0005	0	0.0000	0
P	0.0034	0	0.0000	0
E	0.0074	0	0.0000	0
V	0.0020	0	0.0000	0
H	0.0546	0	0.0001	0
D	0.0093	0	0.0000	0
Q	0.0126	0	0.0000	0
G	0.0209	0	0.0000	0
E	0.0055	0	0.0000	0
N	0.0085	0	0.0000	0
P	0.0014	0	0.0000	0
F	0.0015	0	0.0000	0
A	0.0114	0	0.0000	0
L	0.0006	0	0.0000	0
G	0.0015	0	0.0000	0
F	0.0002	0	0.0000	0
G	0.0003	0	0.0000	0
G	0.0004	0	0.0000	0
R	0.0007	0	0.0000	0
E	0.0003	0	0.0000	0
G	0.0015	0	0.0000	0
A	0.0003	0	0.0000	0
A	0.0002	0	0.0000	0
W	0.0009	0	0.0000	0
A	0.0001	0	0.0000	0
R	0.0051	0	0.0000	0
V	0.0002	0	0.0000	0
S	0.0003	0	0.0000	0
L	0.0005	0	0.0000	0
L	0.0003	0	0.0000	0
V	0.0013	0	0.0000	0
E	0.0047	0	0.0000	0
G	0.0040	0	0.0000	0
L	0.0003	0	0.0000	0
Y	0.0003	0	0.0000	0
A	0.0004	0	0.0000	0
R	0.0047	0	0.0000	0
L	0.0003	0	0.0000	0
A	0.0006	0	0.0000	0
P	0.0018	0	0.0000	0
R	0.0072	0	0.0000	0
L	0.0010	0	0.0000	0
Y	0.0094	0	0.0001	0
A	0.0062	0	0.0000	0
L	0.0008	0	0.0000	0
E	0.0007	0	0.0000	0
G	0.0031	0	0.0000	0
E	0.0007	0	0.0000	0
E	0.0011	0	0.0000	0
V	0.0009	0	0.0000	0
R	0.0079	0	0.0000	0
L	0.0006	0	0.0000	0
G	0.0006	0	0.0000	0
P	0.0010	0	0.0000	0
P	0.0014	0	0.0000	0
F	0.0009	0	0.0000	0
R	0.0034	0	0.0000	0
V	0.0005	0	0.0000	0
R	0.0022	0	0.0000	0
A	0.0033	0	0.0000	0
V	0.0036	0	0.0000	0
L	0.0029	0	0.0000	0
Q	0.0128	0	0.0000	0
E	0.0098	0	0.0000	0
G	0.0369	0	0.0002	0
H	0.0187	0	0.0000	0
P	0.0271	0	0.0000	0
W	0.0407	0	0.0001	0
A	0.0042	0	0.0000	0
G	0.0097	0	0.0000	0
V	0.0261	0	0.0001	0
S	0.0166	0	0.0000	0
T	0.1018	0	0.0001	0
Y	0.3368	0	0.0001	0
P	0.0438	0	0.0000	0
R	0.0429	0	0.0000	0
L	0.0006	0	0.0000	0
F	0.0068	0	0.0000	0
Q	0.0054	0	0.0000	0
G	0.0011	0	0.0000	0
P	0.0051	0	0.0000	0
P	0.0072	0	0.0000	0
S	0.1065	0	0.0001	0
R	0.2703	0	0.0002	0
D	0.1083	0	0.0000	0
L	0.0065	0	0.0000	0
A	0.3307	0	0.0005	0
L	0.0013	0	0.0000	0
R	0.2204	0	0.0003	0
F	0.0187	0	0.0000	0
A	0.0524	0	0.0002	0
S	0.1286	0	0.0004	0
P	0.0212	0	0.0000	0
T	0.0103	0	0.0000	0
F	0.0647	0	0.0001	0
F	0.0488	0	0.0001	0
R	0.7629	1	0.0007	0
R	0.3174	0	0.0002	0
K	0.2436	0	0.0001	0
G	0.1465	0	0.0000	0
V	0.0896	0	0.0000	0
H	0.0245	0	0.0000	0
Y	0.0013	0	0.0000	0
P	0.0003	0	0.0000	0
V	0.0004	0	0.0000	0
P	0.0002	0	0.0000	0
E	0.0006	0	0.0000	0
P	0.0018	0	0.0000	0
R	0.0015	0	0.0000	0
L	0.0006	0	0.0000	0
V	0.0004	0	0.0000	0
L	0.0036	0	0.0001	0
E	0.2518	0	0.0168	0
S	0.0505	0	0.0017	0
L	0.0022	0	0.0000	0
L	0.0055	0	0.0002	0
R	0.4718	1	0.0996	0
R	0.4226	1	0.0152	0
L	0.0192	0	0.0001	0
E	0.0442	0	0.0004	0
A	0.1191	0	0.0007	0
F	0.0043	0	0.0001	0
G	0.0079	0	0.0002	0
P	0.0020	0	0.0000	0
L	0.0055	0	0.0000	0
K	0.0095	0	0.0000	0
A	0.0020	0	0.0000	0
P	0.0159	0	0.0004	0
E	0.0100	0	0.0003	0
G	0.0126	0	0.0002	0
V	0.0064	0	0.0001	0
R	0.0009	0	0.0000	0
E	0.0034	0	0.0001	0
A	0.0005	0	0.0000	0
L	0.0003	0	0.0000	0
L	0.0006	0	0.0000	0
E	0.0063	0	0.0001	0
R	0.0377	0	0.0012	0
T	0.0007	0	0.0000	0
T	0.0014	0	0.0000	0
V	0.0038	0	0.0000	0
R	0.0235	0	0.0002	0
S	0.0542	0	0.0017	0
L	0.0070	0	0.0001	0
E	0.1534	0	0.0060	0
G	0.0236	0	0.0004	0
R	0.4415	1	0.0185	0
T	0.3963	1	0.0181	0
L	0.6853	1	0.0524	0
P	0.7863	1	0.0727	0
A	0.2283	0	0.0049	0
R	0.7890	1	0.1142	0
T	0.4116	1	0.0504	0
E	0.5800	1	0.0482	0
V	0.4730	1	0.0115	0
D	0.3665	1	0.0056	0
T	0.0282	0	0.0002	0
A	0.0077	0	0.0001	0
G	0.0025	0	0.0001	0
F	0.0025	0	0.0000	0
V	0.0064	0	0.0001	0
G	0.0096	0	0.0001	0
R	0.1424	0	0.0010	0
V	0.0053	0	0.0000	0
V	0.1122	0	0.0006	0
Y	0.0150	0	0.0000	0
H	0.0157	0	0.0000	0
L	0.0056	0	0.0000	0
P	0.0244	0	0.0000	0
R	0.2584	0	0.0001	0
A	0.0104	0	0.0000	0
T	0.0999	0	0.0000	0
E	0.0309	0	0.0000	0
E	0.0039	0	0.0000	0
E	0.0033	0	0.0000	0
A	0.0020	0	0.0000	0
L	0.0011	0	0.0000	0
W	0.0023	0	0.0000	0
L	0.0005	0	0.0000	0
S	0.0006	0	0.0000	0
A	0.0003	0	0.0000	0
L	0.0001	0	0.0000	0
G	0.0001	0	0.0000	0
R	0.0042	0	0.0002	0
F	0.0010	0	0.0000	0
A	0.0031	0	0.0000	0
F	0.0013	0	0.0000	0
Y	0.0020	0	0.0001	0
S	0.0035	0	0.0003	0
G	0.0099	0	0.0004	0
V	0.0261	0	0.0020	0
G	0.3223	0	0.0813	0
A	0.2318	0	0.2973	1
K	0.3039	0	0.2011	1
T	0.1783	0	0.1437	0
S	0.1350	0	0.0256	0
L	0.0191	0	0.0072	0
G	0.0410	0	0.0352	0
Y	0.0060	0	0.0009	0
G	0.0016	0	0.0001	0
R	0.0109	0	0.0002	0
A	0.0029	0	0.0000	0
R	0.0591	0	0.0002	0
A	0.0109	0	0.0000	0
E	0.1131	0	0.0005	0
S	0.1635	0	0.0007	0
A	0.1286	0	0.0004	0
</pre></body></html>