<html><head></head><body><pre style="word-wrap: break-word; white-space: pre-wrap;">&gt;B7UN63
Amino Acid	probability_DNA	binary_DNA	probability_RNA	binary_RNA
M	0.0051	0	0.0126	0
N	0.0025	0	0.0043	0
K	0.0067	0	0.0117	0
L	0.0002	0	0.0001	0
Q	0.0050	0	0.0145	0
S	0.0044	0	0.0058	0
Y	0.0001	0	0.0001	0
F	0.0000	0	0.0000	0
I	0.0000	0	0.0000	0
A	0.0001	0	0.0000	0
S	0.0001	0	0.0000	0
V	0.0000	0	0.0000	0
L	0.0000	0	0.0000	0
Y	0.0000	0	0.0000	0
V	0.0000	0	0.0000	0
M	0.0000	0	0.0000	0
T	0.0001	0	0.0001	0
P	0.0003	0	0.0001	0
H	0.0005	0	0.0001	0
A	0.0001	0	0.0000	0
F	0.0001	0	0.0000	0
A	0.0001	0	0.0000	0
Q	0.0001	0	0.0000	0
G	0.0001	0	0.0000	0
M	0.0001	0	0.0000	0
V	0.0001	0	0.0000	0
T	0.0006	0	0.0001	0
I	0.0001	0	0.0000	0
Y	0.0006	0	0.0000	0
L	0.0001	0	0.0000	0
P	0.0003	0	0.0000	0
G	0.0005	0	0.0000	0
E	0.0002	0	0.0000	0
Q	0.0008	0	0.0000	0
Q	0.0009	0	0.0000	0
T	0.0008	0	0.0000	0
L	0.0004	0	0.0000	0
S	0.0005	0	0.0000	0
V	0.0001	0	0.0000	0
G	0.0002	0	0.0000	0
P	0.0007	0	0.0000	0
V	0.0003	0	0.0000	0
E	0.0009	0	0.0000	0
N	0.0065	0	0.0001	0
V	0.0001	0	0.0000	0
A	0.0001	0	0.0000	0
Q	0.0002	0	0.0000	0
L	0.0000	0	0.0000	0
V	0.0001	0	0.0000	0
T	0.0001	0	0.0000	0
Q	0.0006	0	0.0000	0
P	0.0002	0	0.0000	0
Q	0.0005	0	0.0000	0
L	0.0001	0	0.0000	0
R	0.0015	0	0.0002	0
D	0.0025	0	0.0003	0
R	0.0218	0	0.0046	0
L	0.0023	0	0.0003	0
W	0.0090	0	0.0027	0
W	0.0158	0	0.0052	0
P	0.0050	0	0.0013	0
G	0.0012	0	0.0005	0
A	0.0001	0	0.0000	0
L	0.0000	0	0.0000	0
L	0.0000	0	0.0000	0
T	0.0002	0	0.0000	0
D	0.0071	0	0.0013	0
S	0.0042	0	0.0007	0
A	0.0056	0	0.0012	0
A	0.0005	0	0.0001	0
K	0.0264	0	0.0200	0
A	0.0046	0	0.0010	0
K	0.0048	0	0.0011	0
A	0.0004	0	0.0000	0
L	0.0010	0	0.0002	0
K	0.0032	0	0.0011	0
D	0.0003	0	0.0000	0
Y	0.0009	0	0.0002	0
Q	0.0013	0	0.0005	0
H	0.0003	0	0.0000	0
V	0.0000	0	0.0000	0
M	0.0000	0	0.0000	0
A	0.0002	0	0.0000	0
Q	0.0003	0	0.0001	0
L	0.0001	0	0.0000	0
A	0.0008	0	0.0003	0
S	0.0010	0	0.0007	0
W	0.0003	0	0.0001	0
E	0.0003	0	0.0001	0
A	0.0017	0	0.0005	0
E	0.0002	0	0.0000	0
A	0.0001	0	0.0000	0
D	0.0002	0	0.0001	0
D	0.0002	0	0.0001	0
D	0.0003	0	0.0001	0
V	0.0002	0	0.0000	0
A	0.0001	0	0.0000	0
A	0.0001	0	0.0000	0
T	0.0000	0	0.0000	0
I	0.0000	0	0.0000	0
K	0.0002	0	0.0000	0
S	0.0001	0	0.0000	0
V	0.0000	0	0.0000	0
R	0.0053	0	0.0008	0
Q	0.0007	0	0.0000	0
Q	0.0003	0	0.0000	0
L	0.0001	0	0.0000	0
L	0.0014	0	0.0002	0
N	0.0004	0	0.0000	0
L	0.0000	0	0.0000	0
N	0.0001	0	0.0000	0
I	0.0001	0	0.0000	0
T	0.0002	0	0.0000	0
G	0.0003	0	0.0000	0
R	0.0066	0	0.0004	0
L	0.0011	0	0.0000	0
P	0.0444	0	0.0031	0
V	0.0186	0	0.0013	0
K	0.0206	0	0.0018	0
L	0.0038	0	0.0002	0
D	0.0056	0	0.0005	0
P	0.0007	0	0.0000	0
D	0.0011	0	0.0001	0
F	0.0012	0	0.0002	0
V	0.0002	0	0.0000	0
R	0.0006	0	0.0001	0
V	0.0000	0	0.0000	0
D	0.0001	0	0.0000	0
E	0.0002	0	0.0000	0
N	0.0025	0	0.0006	0
S	0.0005	0	0.0001	0
N	0.0003	0	0.0001	0
P	0.0001	0	0.0000	0
P	0.0011	0	0.0002	0
L	0.0002	0	0.0000	0
V	0.0004	0	0.0002	0
G	0.0003	0	0.0001	0
D	0.0008	0	0.0001	0
Y	0.0005	0	0.0000	0
T	0.0015	0	0.0002	0
L	0.0001	0	0.0000	0
Y	0.0002	0	0.0000	0
T	0.0002	0	0.0000	0
V	0.0002	0	0.0000	0
Q	0.0006	0	0.0000	0
R	0.0015	0	0.0000	0
P	0.0015	0	0.0000	0
V	0.0008	0	0.0000	0
T	0.0021	0	0.0001	0
I	0.0001	0	0.0000	0
T	0.0003	0	0.0000	0
L	0.0001	0	0.0000	0
L	0.0001	0	0.0000	0
G	0.0000	0	0.0000	0
A	0.0000	0	0.0000	0
V	0.0001	0	0.0000	0
S	0.0005	0	0.0000	0
G	0.0042	0	0.0001	0
A	0.0004	0	0.0000	0
G	0.0009	0	0.0000	0
Q	0.0026	0	0.0000	0
L	0.0008	0	0.0000	0
P	0.0081	0	0.0000	0
W	0.0055	0	0.0000	0
L	0.0029	0	0.0000	0
A	0.0014	0	0.0000	0
G	0.0011	0	0.0000	0
R	0.0017	0	0.0000	0
S	0.0003	0	0.0000	0
V	0.0002	0	0.0000	0
T	0.0017	0	0.0001	0
D	0.0002	0	0.0000	0
Y	0.0002	0	0.0000	0
L	0.0000	0	0.0000	0
Q	0.0004	0	0.0000	0
D	0.0002	0	0.0000	0
H	0.0001	0	0.0000	0
P	0.0001	0	0.0000	0
R	0.0002	0	0.0000	0
L	0.0003	0	0.0000	0
A	0.0009	0	0.0001	0
G	0.0157	0	0.0040	0
A	0.0032	0	0.0005	0
D	0.0366	0	0.0120	0
K	0.3001	0	0.1634	1
N	0.0566	0	0.0138	0
N	0.0164	0	0.0025	0
V	0.0003	0	0.0001	0
M	0.0003	0	0.0001	0
V	0.0001	0	0.0000	0
I	0.0001	0	0.0000	0
T	0.0006	0	0.0002	0
P	0.0010	0	0.0006	0
E	0.0012	0	0.0010	0
G	0.0009	0	0.0009	0
E	0.0049	0	0.0040	0
T	0.0011	0	0.0007	0
V	0.0018	0	0.0008	0
V	0.0032	0	0.0008	0
A	0.0008	0	0.0001	0
P	0.0007	0	0.0001	0
V	0.0028	0	0.0004	0
A	0.0054	0	0.0009	0
L	0.0744	0	0.0740	0
W	0.0366	0	0.0616	0
N	0.0030	0	0.0063	0
K	0.0116	0	0.0297	0
R	0.0315	0	0.0352	0
H	0.0758	0	0.0527	0
V	0.0026	0	0.0101	0
E	0.0059	0	0.0250	0
P	0.0015	0	0.0034	0
P	0.0014	0	0.0052	0
P	0.0011	0	0.0023	0
G	0.0006	0	0.0017	0
S	0.0007	0	0.0010	0
Q	0.0005	0	0.0004	0
L	0.0002	0	0.0002	0
W	0.0079	0	0.0117	0
L	0.0004	0	0.0001	0
G	0.0009	0	0.0003	0
F	0.0015	0	0.0005	0
S	0.0030	0	0.0011	0
A	0.0108	0	0.0024	0
H	0.0107	0	0.0013	0
V	0.0015	0	0.0001	0
L	0.0004	0	0.0000	0
P	0.0060	0	0.0011	0
E	0.0063	0	0.0007	0
K	0.0018	0	0.0001	0
Y	0.0010	0	0.0000	0
A	0.0004	0	0.0000	0
D	0.0003	0	0.0000	0
L	0.0003	0	0.0000	0
N	0.0068	0	0.0008	0
D	0.0012	0	0.0001	0
Q	0.0001	0	0.0000	0
I	0.0001	0	0.0000	0
V	0.0001	0	0.0000	0
S	0.0004	0	0.0000	0
V	0.0001	0	0.0000	0
L	0.0001	0	0.0000	0
T	0.0013	0	0.0000	0
Q	0.0028	0	0.0000	0
R	0.0480	0	0.0015	0
V	0.0020	0	0.0002	0
P	0.0024	0	0.0008	0
E	0.0252	0	0.0099	0
</pre></body></html>