<html><head></head><body><pre style="word-wrap: break-word; white-space: pre-wrap;">&gt;O67911
Amino Acid	probability_DNA	binary_DNA	probability_RNA	binary_RNA
M	0.0142	0	0.0005	0
E	0.0051	0	0.0001	0
N	0.0028	0	0.0000	0
I	0.0005	0	0.0000	0
E	0.0005	0	0.0000	0
I	0.0003	0	0.0000	0
V	0.0003	0	0.0000	0
S	0.0008	0	0.0000	0
S	0.0067	0	0.0000	0
G	0.0122	0	0.0001	0
K	0.0697	0	0.0004	0
H	0.2258	0	0.0011	0
T	0.0047	0	0.0000	0
L	0.0006	0	0.0000	0
H	0.0051	0	0.0001	0
G	0.0043	0	0.0000	0
L	0.0008	0	0.0000	0
N	0.0017	0	0.0001	0
F	0.0015	0	0.0001	0
Y	0.0006	0	0.0000	0
L	0.0005	0	0.0000	0
S	0.0006	0	0.0000	0
Y	0.0001	0	0.0000	0
F	0.0001	0	0.0000	0
D	0.0004	0	0.0001	0
D	0.0000	0	0.0000	0
V	0.0000	0	0.0000	0
A	0.0001	0	0.0000	0
K	0.0001	0	0.0000	0
V	0.0000	0	0.0000	0
L	0.0000	0	0.0000	0
P	0.0000	0	0.0000	0
R	0.0000	0	0.0000	0
E	0.0000	0	0.0000	0
H	0.0001	0	0.0000	0
Y	0.0001	0	0.0000	0
C	0.0000	0	0.0000	0
F	0.0004	0	0.0002	0
I	0.0002	0	0.0000	0
V	0.0007	0	0.0003	0
G	0.0015	0	0.0008	0
G	0.0076	0	0.0009	0
W	0.0031	0	0.0001	0
V	0.0076	0	0.0003	0
R	0.4329	1	0.0160	0
D	0.1021	0	0.0004	0
R	0.0023	0	0.0000	0
I	0.0015	0	0.0000	0
L	0.0035	0	0.0001	0
G	0.0022	0	0.0001	0
E	0.0287	0	0.0009	0
P	0.0034	0	0.0001	0
V	0.0134	0	0.0003	0
G	0.0227	0	0.0007	0
Y	0.0111	0	0.0002	0
N	0.0478	0	0.0013	0
I	0.0300	0	0.0010	0
D	0.2877	0	0.0380	0
V	0.0051	0	0.0003	0
D	0.1208	0	0.0036	0
F	0.0030	0	0.0000	0
L	0.0059	0	0.0001	0
T	0.0015	0	0.0000	0
T	0.0005	0	0.0000	0
A	0.0004	0	0.0000	0
D	0.0007	0	0.0000	0
P	0.0004	0	0.0000	0
V	0.0004	0	0.0000	0
E	0.0004	0	0.0000	0
L	0.0001	0	0.0000	0
A	0.0002	0	0.0000	0
K	0.0004	0	0.0000	0
N	0.0001	0	0.0000	0
F	0.0001	0	0.0000	0
A	0.0003	0	0.0000	0
K	0.0005	0	0.0000	0
R	0.0011	0	0.0000	0
I	0.0003	0	0.0000	0
G	0.0020	0	0.0000	0
G	0.0037	0	0.0000	0
H	0.0091	0	0.0001	0
F	0.0027	0	0.0000	0
F	0.0008	0	0.0000	0
V	0.0017	0	0.0000	0
F	0.0008	0	0.0000	0
E	0.0083	0	0.0000	0
K	0.0138	0	0.0000	0
R	0.0313	0	0.0001	0
G	0.0200	0	0.0000	0
F	0.0141	0	0.0000	0
L	0.0061	0	0.0000	0
I	0.0084	0	0.0000	0
K	0.0029	0	0.0000	0
R	0.0342	0	0.0001	0
P	0.0077	0	0.0000	0
T	0.0356	0	0.0000	0
I	0.0087	0	0.0000	0
A	0.0187	0	0.0000	0
S	0.0388	0	0.0000	0
V	0.0155	0	0.0000	0
V	0.1600	0	0.0003	0
L	0.0163	0	0.0000	0
H	0.0305	0	0.0001	0
L	0.0084	0	0.0000	0
P	0.0240	0	0.0001	0
P	0.2414	0	0.0022	0
Y	0.0661	0	0.0001	0
R	0.2715	0	0.0012	0
Y	0.0939	0	0.0001	0
R	0.0277	0	0.0000	0
F	0.0120	0	0.0000	0
D	0.0208	0	0.0000	0
F	0.0306	0	0.0001	0
S	0.0605	0	0.0002	0
P	0.0961	0	0.0002	0
L	0.0927	0	0.0001	0
K	0.1564	0	0.0002	0
G	0.1070	0	0.0001	0
K	0.0570	0	0.0000	0
D	0.0498	0	0.0000	0
L	0.0055	0	0.0000	0
E	0.0059	0	0.0000	0
K	0.0030	0	0.0000	0
A	0.0039	0	0.0000	0
L	0.0007	0	0.0000	0
I	0.0003	0	0.0000	0
E	0.0004	0	0.0000	0
D	0.0012	0	0.0000	0
L	0.0002	0	0.0000	0
K	0.0004	0	0.0000	0
E	0.0463	0	0.0015	0
R	0.0457	0	0.0012	0
D	0.0040	0	0.0001	0
F	0.0116	0	0.0002	0
T	0.1015	0	0.0128	0
A	0.0018	0	0.0000	0
N	0.2408	0	0.0284	0
A	0.0452	0	0.0008	0
I	0.0008	0	0.0000	0
A	0.0003	0	0.0000	0
V	0.0049	0	0.0001	0
N	0.0010	0	0.0000	0
L	0.0004	0	0.0000	0
D	0.0010	0	0.0000	0
D	0.0018	0	0.0000	0
V	0.0006	0	0.0000	0
L	0.0005	0	0.0000	0
S	0.0007	0	0.0000	0
I	0.0004	0	0.0000	0
G	0.0004	0	0.0000	0
A	0.0004	0	0.0000	0
K	0.0004	0	0.0000	0
Q	0.0004	0	0.0000	0
T	0.0003	0	0.0000	0
I	0.0009	0	0.0000	0
V	0.0001	0	0.0000	0
Y	0.0000	0	0.0000	0
D	0.0002	0	0.0000	0
P	0.0001	0	0.0000	0
T	0.0002	0	0.0000	0
G	0.0007	0	0.0001	0
G	0.0006	0	0.0000	0
I	0.0027	0	0.0002	0
K	0.0011	0	0.0000	0
D	0.0050	0	0.0003	0
L	0.0004	0	0.0000	0
E	0.0050	0	0.0002	0
Q	0.0009	0	0.0000	0
G	0.0013	0	0.0000	0
L	0.0005	0	0.0000	0
L	0.0001	0	0.0000	0
R	0.0047	0	0.0003	0
P	0.0003	0	0.0000	0
V	0.0006	0	0.0000	0
S	0.0013	0	0.0000	0
I	0.0016	0	0.0000	0
E	0.0012	0	0.0000	0
N	0.1212	0	0.0016	0
L	0.0089	0	0.0001	0
K	0.0008	0	0.0000	0
R	0.0009	0	0.0000	0
D	0.0018	0	0.0000	0
P	0.0003	0	0.0000	0
V	0.0003	0	0.0000	0
R	0.0209	0	0.0005	0
V	0.0006	0	0.0000	0
L	0.0009	0	0.0000	0
R	0.3614	1	0.0239	0
G	0.0007	0	0.0000	0
F	0.0001	0	0.0000	0
R	0.0522	0	0.0088	0
I	0.0001	0	0.0000	0
A	0.0001	0	0.0000	0
I	0.0001	0	0.0000	0
E	0.0021	0	0.0003	0
K	0.0001	0	0.0000	0
N	0.0002	0	0.0000	0
L	0.0005	0	0.0000	0
Q	0.0008	0	0.0000	0
L	0.0020	0	0.0000	0
T	0.0042	0	0.0000	0
E	0.0018	0	0.0000	0
D	0.0025	0	0.0000	0
F	0.0020	0	0.0001	0
Y	0.0003	0	0.0000	0
E	0.0014	0	0.0002	0
F	0.0003	0	0.0000	0
V	0.0001	0	0.0000	0
K	0.0582	0	0.0353	0
E	0.0044	0	0.0010	0
D	0.0012	0	0.0002	0
P	0.0019	0	0.0004	0
R	0.0120	0	0.0041	0
I	0.0020	0	0.0004	0
V	0.0003	0	0.0000	0
L	0.0152	0	0.0063	0
K	0.1433	0	0.0683	0
S	0.0071	0	0.0006	0
A	0.0406	0	0.0026	0
V	0.0240	0	0.0024	0
E	0.0065	0	0.0006	0
R	0.1911	0	0.0204	0
I	0.0012	0	0.0000	0
T	0.0018	0	0.0001	0
H	0.0070	0	0.0003	0
E	0.0071	0	0.0003	0
L	0.0002	0	0.0000	0
F	0.0006	0	0.0000	0
K	0.0017	0	0.0001	0
I	0.0001	0	0.0000	0
M	0.0002	0	0.0000	0
K	0.0016	0	0.0001	0
E	0.0076	0	0.0002	0
K	0.0488	0	0.0029	0
T	0.0858	0	0.0034	0
A	0.0117	0	0.0003	0
H	0.1200	0	0.0055	0
K	0.0495	0	0.0008	0
V	0.0020	0	0.0000	0
I	0.0005	0	0.0000	0
R	0.0197	0	0.0002	0
E	0.0006	0	0.0000	0
L	0.0004	0	0.0000	0
Y	0.0062	0	0.0002	0
E	0.0021	0	0.0000	0
Y	0.0006	0	0.0000	0
G	0.0007	0	0.0000	0
V	0.0002	0	0.0000	0
L	0.0001	0	0.0000	0
E	0.0052	0	0.0001	0
A	0.0006	0	0.0000	0
I	0.0001	0	0.0000	0
I	0.0004	0	0.0000	0
P	0.0004	0	0.0000	0
E	0.0001	0	0.0000	0
I	0.0002	0	0.0000	0
G	0.0002	0	0.0000	0
R	0.0001	0	0.0000	0
L	0.0001	0	0.0000	0
R	0.0003	0	0.0000	0
E	0.0001	0	0.0000	0
V	0.0002	0	0.0000	0
K	0.0007	0	0.0000	0
D	0.0019	0	0.0001	0
Q	0.0020	0	0.0001	0
G	0.0011	0	0.0000	0
E	0.0028	0	0.0001	0
H	0.0026	0	0.0001	0
H	0.0142	0	0.0005	0
I	0.0015	0	0.0000	0
Y	0.0060	0	0.0003	0
P	0.0274	0	0.0016	0
L	0.0016	0	0.0000	0
D	0.0018	0	0.0000	0
E	0.0238	0	0.0002	0
H	0.0580	0	0.0004	0
T	0.0008	0	0.0000	0
L	0.0002	0	0.0000	0
K	0.0072	0	0.0002	0
T	0.0002	0	0.0000	0
L	0.0002	0	0.0000	0
E	0.0012	0	0.0001	0
Y	0.0005	0	0.0000	0
L	0.0002	0	0.0000	0
E	0.0003	0	0.0000	0
Q	0.0012	0	0.0001	0
V	0.0003	0	0.0000	0
I	0.0002	0	0.0000	0
E	0.0003	0	0.0000	0
D	0.0005	0	0.0000	0
R	0.0007	0	0.0001	0
A	0.0010	0	0.0001	0
K	0.0024	0	0.0003	0
Y	0.0011	0	0.0001	0
L	0.0006	0	0.0001	0
S	0.0015	0	0.0003	0
A	0.0004	0	0.0001	0
E	0.0004	0	0.0001	0
L	0.0001	0	0.0000	0
L	0.0005	0	0.0001	0
E	0.0031	0	0.0008	0
N	0.0028	0	0.0005	0
F	0.0002	0	0.0000	0
G	0.0004	0	0.0000	0
K	0.0025	0	0.0006	0
K	0.0485	0	0.0095	0
R	0.0078	0	0.0006	0
V	0.0006	0	0.0000	0
L	0.0005	0	0.0001	0
G	0.0010	0	0.0002	0
E	0.0012	0	0.0003	0
F	0.0018	0	0.0005	0
T	0.0015	0	0.0004	0
D	0.0026	0	0.0006	0
V	0.0146	0	0.0046	0
E	0.0011	0	0.0003	0
L	0.0002	0	0.0001	0
L	0.0001	0	0.0000	0
K	0.0084	0	0.0045	0
W	0.0007	0	0.0002	0
G	0.0003	0	0.0001	0
A	0.0001	0	0.0000	0
L	0.0000	0	0.0000	0
F	0.0000	0	0.0000	0
H	0.0014	0	0.0004	0
D	0.0001	0	0.0000	0
I	0.0001	0	0.0000	0
G	0.0009	0	0.0000	0
K	0.0197	0	0.0002	0
P	0.0269	0	0.0001	0
Q	0.0737	0	0.0002	0
T	0.0260	0	0.0001	0
F	0.1465	0	0.0003	0
A	0.1383	0	0.0004	0
V	0.0535	0	0.0001	0
R	0.0759	0	0.0003	0
E	0.0891	0	0.0003	0
G	0.1039	0	0.0005	0
K	0.1405	0	0.0005	0
V	0.0219	0	0.0000	0
T	0.2210	0	0.0014	0
F	0.0671	0	0.0004	0
Y	0.0375	0	0.0005	0
E	0.0127	0	0.0002	0
H	0.0675	0	0.0025	0
D	0.0054	0	0.0001	0
K	0.0034	0	0.0001	0
V	0.0013	0	0.0000	0
G	0.0008	0	0.0000	0
A	0.0013	0	0.0000	0
Q	0.0028	0	0.0001	0
I	0.0002	0	0.0000	0
V	0.0002	0	0.0000	0
R	0.0060	0	0.0002	0
E	0.0021	0	0.0000	0
I	0.0001	0	0.0000	0
G	0.0001	0	0.0000	0
E	0.0011	0	0.0000	0
R	0.0011	0	0.0000	0
L	0.0002	0	0.0000	0
R	0.0021	0	0.0001	0
W	0.0006	0	0.0000	0
G	0.0124	0	0.0003	0
D	0.0487	0	0.0015	0
E	0.0050	0	0.0001	0
A	0.0007	0	0.0000	0
T	0.0014	0	0.0001	0
E	0.0012	0	0.0001	0
F	0.0002	0	0.0000	0
V	0.0001	0	0.0000	0
A	0.0001	0	0.0000	0
K	0.0001	0	0.0000	0
L	0.0001	0	0.0000	0
V	0.0001	0	0.0000	0
R	0.0225	0	0.0009	0
H	0.0031	0	0.0000	0
H	0.0026	0	0.0000	0
L	0.0007	0	0.0000	0
R	0.0121	0	0.0002	0
P	0.0012	0	0.0000	0
F	0.0023	0	0.0000	0
F	0.0133	0	0.0002	0
L	0.0166	0	0.0003	0
R	0.0389	0	0.0007	0
E	0.0334	0	0.0003	0
A	0.0358	0	0.0003	0
F	0.0606	0	0.0003	0
K	0.2440	0	0.0030	0
K	0.4164	1	0.0141	0
G	0.3102	0	0.0045	0
E	0.2766	0	0.0044	0
L	0.0982	0	0.0024	0
K	0.1219	0	0.0042	0
R	0.1832	0	0.0102	0
R	0.2849	0	0.0273	0
G	0.0391	0	0.0009	0
M	0.0059	0	0.0003	0
A	0.0254	0	0.0033	0
N	0.0790	0	0.0185	0
F	0.0005	0	0.0000	0
W	0.0002	0	0.0000	0
R	0.0143	0	0.0034	0
E	0.0010	0	0.0001	0
C	0.0001	0	0.0000	0
G	0.0004	0	0.0000	0
D	0.0004	0	0.0000	0
I	0.0001	0	0.0000	0
A	0.0001	0	0.0000	0
P	0.0002	0	0.0000	0
H	0.0001	0	0.0000	0
L	0.0000	0	0.0000	0
F	0.0001	0	0.0000	0
L	0.0000	0	0.0000	0
L	0.0001	0	0.0000	0
S	0.0001	0	0.0000	0
I	0.0003	0	0.0000	0
A	0.0004	0	0.0000	0
D	0.0067	0	0.0014	0
A	0.0009	0	0.0000	0
M	0.0251	0	0.0017	0
A	0.0096	0	0.0002	0
S	0.4269	1	0.0388	0
G	0.2264	0	0.0049	0
D	0.0667	0	0.0007	0
E	0.0396	0	0.0002	0
E	0.0133	0	0.0001	0
E	0.0091	0	0.0000	0
D	0.0059	0	0.0000	0
I	0.0007	0	0.0000	0
K	0.0013	0	0.0000	0
A	0.0067	0	0.0003	0
L	0.0004	0	0.0000	0
M	0.0004	0	0.0000	0
E	0.0005	0	0.0000	0
T	0.0002	0	0.0000	0
I	0.0000	0	0.0000	0
A	0.0001	0	0.0000	0
E	0.0001	0	0.0000	0
L	0.0000	0	0.0000	0
E	0.0002	0	0.0000	0
S	0.0001	0	0.0000	0
F	0.0000	0	0.0000	0
N	0.0001	0	0.0000	0
R	0.0002	0	0.0000	0
N	0.0001	0	0.0000	0
E	0.0002	0	0.0000	0
M	0.0002	0	0.0000	0
K	0.0003	0	0.0000	0
E	0.0006	0	0.0001	0
E	0.0009	0	0.0001	0
I	0.0022	0	0.0002	0
Q	0.0012	0	0.0002	0
K	0.0100	0	0.0012	0
P	0.0021	0	0.0001	0
L	0.0014	0	0.0001	0
L	0.0011	0	0.0001	0
N	0.0144	0	0.0031	0
G	0.0055	0	0.0008	0
D	0.0079	0	0.0022	0
E	0.0024	0	0.0004	0
I	0.0004	0	0.0001	0
M	0.0091	0	0.0144	0
E	0.0060	0	0.0114	0
I	0.0003	0	0.0003	0
L	0.0001	0	0.0000	0
G	0.0001	0	0.0000	0
I	0.0002	0	0.0000	0
K	0.0127	0	0.0004	0
P	0.0439	0	0.0017	0
G	0.0303	0	0.0006	0
K	0.0097	0	0.0001	0
I	0.0034	0	0.0000	0
V	0.0004	0	0.0000	0
G	0.0139	0	0.0003	0
I	0.0062	0	0.0001	0
L	0.0001	0	0.0000	0
K	0.0003	0	0.0000	0
K	0.0009	0	0.0000	0
A	0.0001	0	0.0000	0
L	0.0000	0	0.0000	0
L	0.0000	0	0.0000	0
E	0.0002	0	0.0000	0
A	0.0002	0	0.0000	0
Q	0.0006	0	0.0000	0
I	0.0000	0	0.0000	0
D	0.0001	0	0.0000	0
G	0.0003	0	0.0000	0
K	0.0002	0	0.0000	0
V	0.0002	0	0.0000	0
E	0.0009	0	0.0001	0
T	0.0031	0	0.0002	0
K	0.0025	0	0.0001	0
E	0.0004	0	0.0000	0
E	0.0001	0	0.0000	0
A	0.0000	0	0.0000	0
I	0.0000	0	0.0000	0
E	0.0000	0	0.0000	0
F	0.0000	0	0.0000	0
I	0.0000	0	0.0000	0
K	0.0003	0	0.0003	0
R	0.0002	0	0.0002	0
S	0.0000	0	0.0000	0
T	0.0001	0	0.0000	0
K	0.0001	0	0.0000	0
N	0.0001	0	0.0000	0
L	0.0002	0	0.0001	0
K	0.0005	0	0.0013	0
P	0.0002	0	0.0006	0
L	0.0003	0	0.0007	0
D	0.0004	0	0.0006	0
E	0.0024	0	0.0014	0
G	0.0181	0	0.0055	0
</pre></body></html>