<html><head></head><body><pre style="word-wrap: break-word; white-space: pre-wrap;">&gt;P39805
Amino Acid	probability_DNA	binary_DNA	probability_RNA	binary_RNA
M	0.0632	0	0.0001	0
K	0.0637	0	0.0000	0
I	0.0009	0	0.0000	0
A	0.0055	0	0.0000	0
K	0.1904	0	0.0002	0
V	0.0074	0	0.0000	0
I	0.0036	0	0.0000	0
N	0.1948	0	0.0020	0
N	0.3053	0	0.0041	0
N	0.0853	0	0.0002	0
V	0.0005	0	0.0000	0
I	0.0003	0	0.0000	0
S	0.0004	0	0.0000	0
V	0.0001	0	0.0000	0
V	0.0003	0	0.0000	0
N	0.0006	0	0.0000	0
E	0.0036	0	0.0000	0
Q	0.0045	0	0.0000	0
G	0.0046	0	0.0000	0
K	0.0009	0	0.0000	0
E	0.0007	0	0.0000	0
L	0.0003	0	0.0000	0
V	0.0007	0	0.0000	0
V	0.0005	0	0.0000	0
M	0.0021	0	0.0000	0
G	0.0724	0	0.0001	0
R	0.4351	1	0.0002	0
G	0.4590	1	0.0000	0
L	0.3439	0	0.0000	0
A	0.1495	0	0.0000	0
F	0.8926	1	0.0000	0
Q	0.6547	1	0.0000	0
K	0.7196	1	0.0000	0
K	0.6944	1	0.0000	0
S	0.1559	0	0.0000	0
G	0.0415	0	0.0000	0
D	0.0042	0	0.0000	0
D	0.0028	0	0.0000	0
V	0.0009	0	0.0000	0
D	0.0033	0	0.0000	0
E	0.0091	0	0.0000	0
A	0.0565	0	0.0000	0
R	0.0654	0	0.0000	0
I	0.0071	0	0.0000	0
E	0.3356	0	0.0001	0
K	0.7925	1	0.0001	0
V	0.0123	0	0.0000	0
F	0.0023	0	0.0000	0
T	0.0057	0	0.0000	0
L	0.0006	0	0.0000	0
D	0.0083	0	0.0000	0
N	0.0062	0	0.0000	0
K	0.0039	0	0.0000	0
D	0.0025	0	0.0000	0
V	0.0025	0	0.0000	0
S	0.0022	0	0.0000	0
E	0.0010	0	0.0000	0
K	0.0037	0	0.0000	0
F	0.0002	0	0.0000	0
K	0.0006	0	0.0000	0
T	0.0001	0	0.0000	0
L	0.0001	0	0.0000	0
L	0.0001	0	0.0000	0
Y	0.0001	0	0.0000	0
D	0.0003	0	0.0000	0
I	0.0002	0	0.0000	0
P	0.0003	0	0.0000	0
I	0.0002	0	0.0000	0
E	0.0005	0	0.0000	0
C	0.0004	0	0.0000	0
M	0.0002	0	0.0000	0
E	0.0010	0	0.0000	0
V	0.0003	0	0.0000	0
S	0.0001	0	0.0000	0
E	0.0005	0	0.0000	0
E	0.0015	0	0.0000	0
I	0.0001	0	0.0000	0
I	0.0001	0	0.0000	0
S	0.0002	0	0.0000	0
Y	0.0002	0	0.0000	0
A	0.0001	0	0.0000	0
K	0.0002	0	0.0000	0
L	0.0011	0	0.0000	0
Q	0.0012	0	0.0000	0
L	0.0002	0	0.0000	0
G	0.0006	0	0.0000	0
K	0.0017	0	0.0000	0
K	0.0324	0	0.0000	0
L	0.0508	0	0.0000	0
N	0.3369	0	0.0001	0
D	0.3038	0	0.0002	0
S	0.0581	0	0.0000	0
I	0.0049	0	0.0000	0
Y	0.0148	0	0.0000	0
V	0.0026	0	0.0000	0
S	0.0059	0	0.0000	0
L	0.0006	0	0.0000	0
T	0.0067	0	0.0000	0
D	0.0018	0	0.0000	0
H	0.2252	0	0.0002	0
I	0.0014	0	0.0000	0
N	0.0031	0	0.0000	0
F	0.0148	0	0.0000	0
A	0.0059	0	0.0000	0
I	0.0012	0	0.0000	0
Q	0.0015	0	0.0000	0
R	0.2924	0	0.0035	0
N	0.0007	0	0.0000	0
Q	0.0006	0	0.0000	0
K	0.0013	0	0.0000	0
G	0.0004	0	0.0000	0
L	0.0004	0	0.0000	0
D	0.0003	0	0.0000	0
I	0.0002	0	0.0000	0
K	0.0009	0	0.0000	0
N	0.0018	0	0.0000	0
A	0.0013	0	0.0000	0
L	0.0025	0	0.0000	0
L	0.0005	0	0.0000	0
W	0.0003	0	0.0000	0
E	0.0002	0	0.0000	0
T	0.0001	0	0.0000	0
K	0.0004	0	0.0000	0
R	0.0001	0	0.0000	0
L	0.0002	0	0.0000	0
Y	0.0025	0	0.0000	0
K	0.0015	0	0.0000	0
D	0.0036	0	0.0000	0
E	0.0004	0	0.0000	0
F	0.0004	0	0.0000	0
A	0.0002	0	0.0000	0
I	0.0001	0	0.0000	0
G	0.0001	0	0.0000	0
K	0.0012	0	0.0000	0
E	0.0002	0	0.0000	0
A	0.0001	0	0.0000	0
L	0.0001	0	0.0000	0
V	0.0008	0	0.0000	0
M	0.0001	0	0.0000	0
V	0.0001	0	0.0000	0
K	0.0004	0	0.0000	0
N	0.0002	0	0.0000	0
K	0.0001	0	0.0000	0
T	0.0001	0	0.0000	0
G	0.0001	0	0.0000	0
V	0.0002	0	0.0000	0
S	0.0011	0	0.0000	0
L	0.0131	0	0.0000	0
P	0.0742	0	0.0000	0
E	0.0532	0	0.0000	0
D	0.0241	0	0.0000	0
E	0.0305	0	0.0000	0
A	0.0010	0	0.0000	0
G	0.0002	0	0.0000	0
F	0.0003	0	0.0000	0
I	0.0001	0	0.0000	0
A	0.0002	0	0.0000	0
L	0.0001	0	0.0000	0
H	0.0007	0	0.0000	0
I	0.0001	0	0.0000	0
V	0.0004	0	0.0000	0
N	0.0019	0	0.0000	0
A	0.0006	0	0.0000	0
E	0.0033	0	0.0000	0
L	0.0031	0	0.0000	0
N	0.0100	0	0.0000	0
E	0.0053	0	0.0000	0
E	0.0040	0	0.0000	0
M	0.0054	0	0.0000	0
P	0.0099	0	0.0000	0
N	0.0064	0	0.0000	0
I	0.0024	0	0.0000	0
I	0.0007	0	0.0000	0
N	0.0021	0	0.0000	0
I	0.0018	0	0.0000	0
T	0.0016	0	0.0000	0
K	0.0008	0	0.0000	0
V	0.0001	0	0.0000	0
M	0.0001	0	0.0000	0
Q	0.0015	0	0.0000	0
E	0.0003	0	0.0000	0
I	0.0001	0	0.0000	0
L	0.0001	0	0.0000	0
S	0.0006	0	0.0000	0
I	0.0001	0	0.0000	0
V	0.0001	0	0.0000	0
K	0.0006	0	0.0000	0
Y	0.0005	0	0.0000	0
H	0.0003	0	0.0000	0
F	0.0003	0	0.0000	0
K	0.0005	0	0.0000	0
I	0.0002	0	0.0000	0
E	0.0001	0	0.0000	0
F	0.0002	0	0.0000	0
N	0.0004	0	0.0000	0
E	0.0010	0	0.0000	0
E	0.0011	0	0.0000	0
S	0.0010	0	0.0000	0
L	0.0007	0	0.0000	0
H	0.0005	0	0.0000	0
Y	0.0006	0	0.0000	0
Y	0.0012	0	0.0000	0
R	0.0265	0	0.0000	0
F	0.0007	0	0.0000	0
V	0.0053	0	0.0000	0
T	0.0163	0	0.0000	0
H	0.3422	0	0.0006	0
L	0.0017	0	0.0000	0
K	0.2298	0	0.0000	0
F	0.1574	0	0.0000	0
F	0.0282	0	0.0000	0
A	0.0020	0	0.0000	0
Q	0.0035	0	0.0000	0
R	0.3925	1	0.0001	0
L	0.0008	0	0.0000	0
F	0.0053	0	0.0000	0
N	0.0433	0	0.0000	0
G	0.0054	0	0.0000	0
T	0.0035	0	0.0000	0
H	0.0022	0	0.0000	0
M	0.0005	0	0.0000	0
E	0.0020	0	0.0000	0
S	0.0008	0	0.0000	0
Q	0.0006	0	0.0000	0
D	0.0006	0	0.0000	0
D	0.0013	0	0.0000	0
F	0.0003	0	0.0000	0
L	0.0001	0	0.0000	0
L	0.0003	0	0.0000	0
D	0.0001	0	0.0000	0
T	0.0001	0	0.0000	0
V	0.0000	0	0.0000	0
K	0.0019	0	0.0000	0
E	0.0004	0	0.0000	0
K	0.0009	0	0.0000	0
Y	0.0071	0	0.0000	0
H	0.0007	0	0.0000	0
R	0.0008	0	0.0000	0
A	0.0001	0	0.0000	0
Y	0.0004	0	0.0000	0
E	0.0001	0	0.0000	0
C	0.0000	0	0.0000	0
T	0.0001	0	0.0000	0
K	0.0036	0	0.0000	0
K	0.0012	0	0.0000	0
I	0.0001	0	0.0000	0
Q	0.0001	0	0.0000	0
T	0.0011	0	0.0000	0
Y	0.0003	0	0.0000	0
I	0.0001	0	0.0000	0
E	0.0007	0	0.0000	0
R	0.0007	0	0.0000	0
E	0.0004	0	0.0000	0
Y	0.0002	0	0.0000	0
E	0.0003	0	0.0000	0
H	0.0002	0	0.0000	0
K	0.0007	0	0.0000	0
L	0.0011	0	0.0000	0
T	0.0008	0	0.0000	0
S	0.0009	0	0.0000	0
D	0.0023	0	0.0000	0
E	0.0060	0	0.0000	0
L	0.0007	0	0.0000	0
L	0.0001	0	0.0000	0
Y	0.0003	0	0.0000	0
L	0.0000	0	0.0000	0
T	0.0001	0	0.0000	0
I	0.0001	0	0.0000	0
H	0.0032	0	0.0000	0
I	0.0001	0	0.0000	0
E	0.0013	0	0.0000	0
R	0.0090	0	0.0000	0
V	0.0003	0	0.0000	0
V	0.0002	0	0.0000	0
K	0.0021	0	0.0000	0
Q	0.0154	0	0.0000	0
A	0.0107	0	0.0000	0
</pre></body></html>