<html><head></head><body><pre style="word-wrap: break-word; white-space: pre-wrap;">&gt;P88925
Amino Acid	probability_DNA	binary_DNA	probability_RNA	binary_RNA
M	0.0260	0	0.0000	0
E	0.0038	0	0.0000	0
A	0.0011	0	0.0000	0
T	0.0007	0	0.0000	0
P	0.0013	0	0.0000	0
T	0.0020	0	0.0000	0
P	0.0210	0	0.0000	0
A	0.0021	0	0.0000	0
D	0.0034	0	0.0000	0
L	0.0012	0	0.0000	0
F	0.0003	0	0.0000	0
S	0.0003	0	0.0000	0
E	0.0004	0	0.0000	0
D	0.0003	0	0.0000	0
Y	0.0003	0	0.0000	0
L	0.0001	0	0.0000	0
V	0.0001	0	0.0000	0
D	0.0001	0	0.0000	0
T	0.0000	0	0.0000	0
L	0.0000	0	0.0000	0
D	0.0001	0	0.0000	0
G	0.0001	0	0.0000	0
L	0.0001	0	0.0000	0
T	0.0001	0	0.0000	0
V	0.0002	0	0.0000	0
D	0.0003	0	0.0000	0
D	0.0006	0	0.0000	0
Q	0.0009	0	0.0000	0
Q	0.0014	0	0.0000	0
A	0.0008	0	0.0000	0
V	0.0009	0	0.0000	0
L	0.0006	0	0.0000	0
A	0.0014	0	0.0000	0
S	0.0014	0	0.0000	0
L	0.0013	0	0.0000	0
S	0.0317	0	0.0001	0
F	0.0109	0	0.0000	0
S	0.2974	0	0.0014	0
K	0.7829	1	0.0039	0
F	0.0580	0	0.0002	0
L	0.0019	0	0.0000	0
K	0.0364	0	0.0002	0
H	0.0028	0	0.0000	0
A	0.0007	0	0.0000	0
K	0.0009	0	0.0000	0
V	0.0004	0	0.0000	0
R	0.0011	0	0.0000	0
D	0.0007	0	0.0000	0
W	0.0001	0	0.0000	0
C	0.0001	0	0.0000	0
A	0.0013	0	0.0000	0
Q	0.0007	0	0.0000	0
A	0.0003	0	0.0000	0
K	0.0011	0	0.0000	0
I	0.0013	0	0.0000	0
Q	0.0020	0	0.0000	0
P	0.0041	0	0.0001	0
S	0.0183	0	0.0006	0
M	0.0215	0	0.0003	0
P	0.0372	0	0.0009	0
A	0.0043	0	0.0001	0
L	0.0026	0	0.0001	0
R	0.2392	0	0.0081	0
M	0.0319	0	0.0002	0
A	0.0071	0	0.0000	0
Y	0.4048	1	0.0016	0
N	0.0007	0	0.0000	0
Y	0.0180	0	0.0000	0
F	0.0029	0	0.0000	0
L	0.0001	0	0.0000	0
F	0.0001	0	0.0000	0
S	0.0066	0	0.0000	0
K	0.0020	0	0.0000	0
V	0.0003	0	0.0000	0
G	0.0043	0	0.0000	0
E	0.0006	0	0.0000	0
F	0.0001	0	0.0000	0
I	0.0002	0	0.0000	0
G	0.0003	0	0.0000	0
S	0.0003	0	0.0000	0
E	0.0003	0	0.0000	0
D	0.0002	0	0.0000	0
V	0.0001	0	0.0000	0
C	0.0001	0	0.0000	0
N	0.0003	0	0.0000	0
F	0.0002	0	0.0000	0
F	0.0004	0	0.0000	0
V	0.0005	0	0.0000	0
D	0.0019	0	0.0000	0
R	0.0010	0	0.0000	0
V	0.0005	0	0.0000	0
F	0.0020	0	0.0000	0
G	0.0016	0	0.0000	0
G	0.0022	0	0.0000	0
V	0.0008	0	0.0000	0
R	0.0014	0	0.0000	0
L	0.0006	0	0.0000	0
L	0.0004	0	0.0000	0
D	0.0007	0	0.0000	0
V	0.0008	0	0.0000	0
A	0.0013	0	0.0000	0
S	0.0005	0	0.0000	0
V	0.0002	0	0.0000	0
Y	0.0015	0	0.0000	0
A	0.0007	0	0.0000	0
A	0.0004	0	0.0000	0
C	0.0009	0	0.0000	0
S	0.0058	0	0.0000	0
Q	0.0069	0	0.0000	0
M	0.0034	0	0.0000	0
N	0.0057	0	0.0000	0
A	0.0047	0	0.0000	0
H	0.0093	0	0.0000	0
Q	0.0032	0	0.0000	0
R	0.0065	0	0.0000	0
H	0.0046	0	0.0000	0
H	0.0004	0	0.0000	0
I	0.0001	0	0.0000	0
C	0.0001	0	0.0000	0
C	0.0002	0	0.0000	0
L	0.0002	0	0.0000	0
V	0.0005	0	0.0000	0
E	0.1466	0	0.0002	0
R	0.0640	0	0.0001	0
A	0.0035	0	0.0000	0
T	0.1967	0	0.0013	0
S	0.8385	1	0.0012	0
S	0.3774	1	0.0002	0
Q	0.7387	1	0.0000	0
S	0.6730	1	0.0000	0
L	0.1758	0	0.0000	0
N	0.3216	0	0.0000	0
P	0.0378	0	0.0000	0
V	0.0058	0	0.0000	0
W	0.0379	0	0.0000	0
D	0.0010	0	0.0000	0
A	0.0002	0	0.0000	0
L	0.0002	0	0.0000	0
R	0.4287	1	0.0000	0
D	0.0079	0	0.0000	0
G	0.0011	0	0.0000	0
I	0.0008	0	0.0000	0
I	0.0005	0	0.0000	0
S	0.3446	0	0.0000	0
S	0.0097	0	0.0000	0
S	0.0518	0	0.0000	0
K	0.1495	0	0.0000	0
F	0.0007	0	0.0000	0
H	0.0247	0	0.0000	0
W	0.0029	0	0.0000	0
A	0.0003	0	0.0000	0
V	0.0002	0	0.0000	0
K	0.0027	0	0.0000	0
Q	0.0030	0	0.0000	0
Q	0.0059	0	0.0000	0
N	0.0098	0	0.0000	0
T	0.0030	0	0.0000	0
S	0.0163	0	0.0000	0
K	0.0050	0	0.0000	0
K	0.0058	0	0.0000	0
I	0.0006	0	0.0000	0
F	0.0003	0	0.0000	0
S	0.0006	0	0.0000	0
P	0.0003	0	0.0000	0
W	0.0002	0	0.0000	0
P	0.0002	0	0.0000	0
I	0.0003	0	0.0000	0
T	0.0007	0	0.0000	0
N	0.0008	0	0.0000	0
N	0.0008	0	0.0000	0
H	0.0003	0	0.0000	0
F	0.0001	0	0.0000	0
V	0.0003	0	0.0000	0
A	0.0001	0	0.0000	0
G	0.0001	0	0.0000	0
P	0.0003	0	0.0000	0
L	0.0002	0	0.0000	0
A	0.0003	0	0.0000	0
F	0.0159	0	0.0000	0
G	0.0007	0	0.0000	0
L	0.0012	0	0.0000	0
R	0.0024	0	0.0000	0
C	0.0217	0	0.0000	0
E	0.0231	0	0.0000	0
E	0.0032	0	0.0000	0
V	0.0002	0	0.0000	0
V	0.0001	0	0.0000	0
K	0.0007	0	0.0000	0
T	0.0001	0	0.0000	0
L	0.0000	0	0.0000	0
L	0.0000	0	0.0000	0
A	0.0000	0	0.0000	0
T	0.0000	0	0.0000	0
L	0.0000	0	0.0000	0
L	0.0000	0	0.0000	0
H	0.0001	0	0.0000	0
P	0.0001	0	0.0000	0
D	0.0003	0	0.0000	0
E	0.0001	0	0.0000	0
T	0.0001	0	0.0000	0
N	0.0001	0	0.0000	0
C	0.0002	0	0.0000	0
L	0.0005	0	0.0000	0
D	0.0024	0	0.0000	0
Y	0.0002	0	0.0000	0
G	0.0003	0	0.0000	0
F	0.0003	0	0.0000	0
M	0.0004	0	0.0000	0
Q	0.0004	0	0.0000	0
S	0.0012	0	0.0000	0
P	0.0005	0	0.0000	0
Q	0.0007	0	0.0000	0
N	0.0002	0	0.0000	0
G	0.0001	0	0.0000	0
I	0.0003	0	0.0000	0
F	0.0003	0	0.0000	0
G	0.0038	0	0.0000	0
V	0.0013	0	0.0000	0
S	0.2440	0	0.0000	0
L	0.0365	0	0.0000	0
D	0.6711	1	0.0000	0
F	0.0030	0	0.0000	0
A	0.0080	0	0.0000	0
A	0.0005	0	0.0000	0
N	0.0003	0	0.0000	0
V	0.0002	0	0.0000	0
K	0.0010	0	0.0000	0
T	0.0022	0	0.0000	0
D	0.0019	0	0.0000	0
T	0.0014	0	0.0000	0
E	0.0005	0	0.0000	0
G	0.0001	0	0.0000	0
R	0.0003	0	0.0000	0
L	0.0001	0	0.0000	0
Q	0.0001	0	0.0000	0
F	0.0001	0	0.0000	0
D	0.0001	0	0.0000	0
P	0.0001	0	0.0000	0
N	0.0001	0	0.0000	0
C	0.0001	0	0.0000	0
K	0.0001	0	0.0000	0
V	0.0001	0	0.0000	0
Y	0.0001	0	0.0000	0
E	0.0038	0	0.0000	0
I	0.0009	0	0.0000	0
K	0.3038	0	0.0000	0
C	0.0033	0	0.0000	0
R	0.1353	0	0.0000	0
F	0.0347	0	0.0000	0
K	0.2872	0	0.0000	0
Y	0.1328	0	0.0000	0
T	0.0088	0	0.0000	0
F	0.0782	0	0.0000	0
A	0.0073	0	0.0000	0
K	0.0195	0	0.0000	0
M	0.0037	0	0.0000	0
E	0.0021	0	0.0000	0
C	0.0020	0	0.0000	0
D	0.0012	0	0.0000	0
P	0.0010	0	0.0000	0
I	0.0003	0	0.0000	0
Y	0.0003	0	0.0000	0
A	0.0008	0	0.0000	0
A	0.0002	0	0.0000	0
Y	0.0009	0	0.0000	0
Q	0.0004	0	0.0000	0
R	0.0004	0	0.0000	0
L	0.0002	0	0.0000	0
Y	0.0007	0	0.0000	0
E	0.0049	0	0.0000	0
A	0.0048	0	0.0000	0
P	0.0111	0	0.0000	0
G	0.0021	0	0.0000	0
K	0.0133	0	0.0000	0
L	0.0054	0	0.0000	0
A	0.0062	0	0.0000	0
L	0.0008	0	0.0000	0
K	0.0033	0	0.0000	0
D	0.0486	0	0.0000	0
F	0.0051	0	0.0000	0
F	0.0005	0	0.0000	0
Y	0.0640	0	0.0000	0
S	0.2413	0	0.0000	0
I	0.0350	0	0.0000	0
S	0.0599	0	0.0000	0
K	0.0089	0	0.0000	0
P	0.0019	0	0.0000	0
A	0.0027	0	0.0000	0
V	0.0021	0	0.0000	0
E	0.1813	0	0.0000	0
Y	0.2269	0	0.0000	0
V	0.0242	0	0.0000	0
G	0.0021	0	0.0000	0
L	0.0014	0	0.0000	0
G	0.0028	0	0.0000	0
K	0.0039	0	0.0000	0
L	0.0013	0	0.0000	0
P	0.0068	0	0.0000	0
S	0.2384	0	0.0000	0
E	0.1458	0	0.0000	0
S	0.0647	0	0.0000	0
D	0.2620	0	0.0000	0
Y	0.0050	0	0.0000	0
L	0.0011	0	0.0000	0
V	0.0003	0	0.0000	0
A	0.0004	0	0.0000	0
Y	0.0010	0	0.0000	0
D	0.0010	0	0.0000	0
Q	0.0003	0	0.0000	0
E	0.0002	0	0.0000	0
W	0.0003	0	0.0000	0
E	0.0009	0	0.0000	0
A	0.0012	0	0.0000	0
C	0.0025	0	0.0000	0
P	0.0024	0	0.0000	0
R	0.0326	0	0.0000	0
K	0.0737	0	0.0000	0
K	0.2398	0	0.0000	0
R	0.6007	1	0.0000	0
K	0.3821	1	0.0000	0
L	0.0077	0	0.0000	0
T	0.0263	0	0.0000	0
P	0.0045	0	0.0000	0
L	0.0013	0	0.0000	0
H	0.0087	0	0.0000	0
N	0.0013	0	0.0000	0
L	0.0007	0	0.0000	0
I	0.0002	0	0.0000	0
R	0.0010	0	0.0000	0
E	0.0025	0	0.0000	0
C	0.0003	0	0.0000	0
I	0.0005	0	0.0000	0
L	0.0007	0	0.0000	0
H	0.0005	0	0.0000	0
N	0.0027	0	0.0000	0
S	0.0014	0	0.0000	0
T	0.0006	0	0.0000	0
T	0.0003	0	0.0000	0
E	0.0002	0	0.0000	0
S	0.0004	0	0.0000	0
D	0.0003	0	0.0000	0
V	0.0003	0	0.0000	0
Y	0.0001	0	0.0000	0
V	0.0001	0	0.0000	0
L	0.0006	0	0.0000	0
T	0.0008	0	0.0000	0
D	0.0004	0	0.0000	0
P	0.0003	0	0.0000	0
Q	0.0004	0	0.0000	0
D	0.0003	0	0.0000	0
T	0.0010	0	0.0000	0
R	0.0007	0	0.0000	0
G	0.0006	0	0.0000	0
Q	0.0024	0	0.0000	0
I	0.0002	0	0.0000	0
S	0.0008	0	0.0000	0
I	0.0007	0	0.0000	0
K	0.0125	0	0.0000	0
A	0.0010	0	0.0000	0
R	0.0064	0	0.0000	0
F	0.0009	0	0.0000	0
K	0.0144	0	0.0000	0
A	0.0006	0	0.0000	0
N	0.0080	0	0.0000	0
L	0.0016	0	0.0000	0
F	0.1813	0	0.0000	0
V	0.0019	0	0.0000	0
N	0.8314	1	0.0000	0
V	0.1747	0	0.0000	0
R	0.8945	1	0.0000	0
H	0.9209	1	0.0000	0
S	0.4733	1	0.0000	0
Y	0.9276	1	0.0000	0
F	0.0139	0	0.0000	0
Y	0.0138	0	0.0000	0
Q	0.0831	0	0.0000	0
V	0.0014	0	0.0000	0
L	0.0006	0	0.0000	0
L	0.0013	0	0.0000	0
Q	0.0174	0	0.0000	0
S	0.0037	0	0.0000	0
S	0.0004	0	0.0000	0
I	0.0001	0	0.0000	0
V	0.0001	0	0.0000	0
E	0.0001	0	0.0000	0
E	0.0001	0	0.0000	0
Y	0.0002	0	0.0000	0
I	0.0001	0	0.0000	0
G	0.0001	0	0.0000	0
L	0.0002	0	0.0000	0
D	0.0004	0	0.0000	0
S	0.0004	0	0.0000	0
G	0.0001	0	0.0000	0
I	0.0001	0	0.0000	0
P	0.0002	0	0.0000	0
R	0.0005	0	0.0000	0
L	0.0005	0	0.0000	0
G	0.0002	0	0.0000	0
S	0.0004	0	0.0000	0
P	0.0004	0	0.0000	0
K	0.0021	0	0.0000	0
Y	0.0004	0	0.0000	0
Y	0.0004	0	0.0000	0
I	0.0001	0	0.0000	0
A	0.0007	0	0.0000	0
T	0.0227	0	0.0000	0
G	0.0005	0	0.0000	0
F	0.0006	0	0.0000	0
F	0.0008	0	0.0000	0
R	0.1646	0	0.0000	0
K	0.1767	0	0.0000	0
R	0.5524	1	0.0000	0
G	0.0041	0	0.0000	0
Y	0.0014	0	0.0000	0
Q	0.0007	0	0.0000	0
D	0.0004	0	0.0000	0
P	0.0004	0	0.0000	0
V	0.0004	0	0.0000	0
N	0.0004	0	0.0000	0
C	0.0002	0	0.0000	0
T	0.0002	0	0.0000	0
I	0.0001	0	0.0000	0
G	0.0001	0	0.0000	0
G	0.0001	0	0.0000	0
D	0.0001	0	0.0000	0
A	0.0003	0	0.0000	0
L	0.0001	0	0.0000	0
D	0.0001	0	0.0000	0
P	0.0001	0	0.0000	0
H	0.0002	0	0.0000	0
V	0.0001	0	0.0000	0
E	0.0002	0	0.0000	0
I	0.0001	0	0.0000	0
P	0.0002	0	0.0000	0
T	0.0001	0	0.0000	0
L	0.0001	0	0.0000	0
L	0.0001	0	0.0000	0
I	0.0001	0	0.0000	0
V	0.0001	0	0.0000	0
T	0.0002	0	0.0000	0
P	0.0002	0	0.0000	0
V	0.0002	0	0.0000	0
Y	0.0003	0	0.0000	0
F	0.0001	0	0.0000	0
P	0.0001	0	0.0000	0
R	0.0001	0	0.0000	0
G	0.0001	0	0.0000	0
A	0.0000	0	0.0000	0
K	0.0000	0	0.0000	0
H	0.0001	0	0.0000	0
R	0.0000	0	0.0000	0
L	0.0000	0	0.0000	0
L	0.0000	0	0.0000	0
H	0.0002	0	0.0000	0
Q	0.0001	0	0.0000	0
A	0.0000	0	0.0000	0
A	0.0001	0	0.0000	0
N	0.0002	0	0.0000	0
F	0.0004	0	0.0000	0
W	0.0002	0	0.0000	0
S	0.0003	0	0.0000	0
R	0.0012	0	0.0000	0
S	0.0012	0	0.0000	0
A	0.0001	0	0.0000	0
K	0.0009	0	0.0000	0
D	0.0019	0	0.0000	0
T	0.0011	0	0.0000	0
F	0.0003	0	0.0000	0
P	0.0006	0	0.0000	0
Y	0.0005	0	0.0000	0
I	0.0005	0	0.0000	0
K	0.0008	0	0.0000	0
W	0.0037	0	0.0000	0
D	0.0016	0	0.0000	0
F	0.0222	0	0.0000	0
S	0.0866	0	0.0000	0
Y	0.0264	0	0.0000	0
L	0.0014	0	0.0000	0
S	0.0079	0	0.0000	0
A	0.0013	0	0.0000	0
N	0.0004	0	0.0000	0
V	0.0003	0	0.0000	0
P	0.0004	0	0.0000	0
H	0.0009	0	0.0000	0
S	0.0047	0	0.0000	0
P	0.0052	0	0.0000	0
</pre></body></html>