<html><head></head><body><pre style="word-wrap: break-word; white-space: pre-wrap;">&gt;P17678
Amino Acid	probability_DNA	binary_DNA	probability_RNA	binary_RNA
M	0.0099	0	0.0002	0
E	0.0316	0	0.0009	0
F	0.0010	0	0.0000	0
V	0.0006	0	0.0000	0
A	0.0002	0	0.0000	0
L	0.0001	0	0.0000	0
G	0.0001	0	0.0000	0
G	0.0001	0	0.0000	0
P	0.0001	0	0.0000	0
D	0.0001	0	0.0000	0
A	0.0001	0	0.0000	0
G	0.0002	0	0.0000	0
S	0.0002	0	0.0000	0
P	0.0003	0	0.0000	0
T	0.0006	0	0.0000	0
P	0.0003	0	0.0000	0
F	0.0002	0	0.0000	0
P	0.0001	0	0.0000	0
D	0.0001	0	0.0000	0
E	0.0001	0	0.0000	0
A	0.0001	0	0.0000	0
G	0.0001	0	0.0000	0
A	0.0001	0	0.0000	0
F	0.0002	0	0.0000	0
L	0.0002	0	0.0000	0
G	0.0005	0	0.0000	0
L	0.0007	0	0.0000	0
G	0.0036	0	0.0002	0
G	0.0127	0	0.0002	0
G	0.0482	0	0.0007	0
E	0.0383	0	0.0002	0
R	0.3403	0	0.0016	0
T	0.4112	1	0.0006	0
E	0.3620	1	0.0003	0
A	0.6411	1	0.0009	0
G	0.1251	0	0.0003	0
G	0.2716	0	0.0010	0
L	0.1125	0	0.0002	0
L	0.0167	0	0.0000	0
A	0.0125	0	0.0000	0
S	0.0148	0	0.0000	0
Y	0.0251	0	0.0000	0
P	0.0028	0	0.0000	0
P	0.0229	0	0.0000	0
S	0.0114	0	0.0000	0
G	0.0107	0	0.0000	0
R	0.0130	0	0.0000	0
V	0.0043	0	0.0000	0
S	0.0026	0	0.0000	0
L	0.0019	0	0.0000	0
V	0.0006	0	0.0000	0
P	0.0008	0	0.0000	0
W	0.0006	0	0.0000	0
A	0.0002	0	0.0000	0
D	0.0010	0	0.0000	0
T	0.0002	0	0.0000	0
G	0.0010	0	0.0000	0
T	0.0009	0	0.0000	0
L	0.0021	0	0.0000	0
G	0.0014	0	0.0000	0
T	0.0012	0	0.0000	0
P	0.0008	0	0.0000	0
Q	0.0006	0	0.0000	0
W	0.0005	0	0.0000	0
V	0.0002	0	0.0000	0
P	0.0002	0	0.0000	0
P	0.0002	0	0.0000	0
A	0.0001	0	0.0000	0
T	0.0001	0	0.0000	0
Q	0.0002	0	0.0000	0
M	0.0001	0	0.0000	0
E	0.0002	0	0.0000	0
P	0.0002	0	0.0000	0
P	0.0002	0	0.0000	0
H	0.0002	0	0.0000	0
Y	0.0004	0	0.0000	0
L	0.0004	0	0.0000	0
E	0.0011	0	0.0000	0
L	0.0003	0	0.0000	0
L	0.0008	0	0.0000	0
Q	0.0020	0	0.0000	0
P	0.0022	0	0.0000	0
P	0.0019	0	0.0000	0
R	0.0045	0	0.0000	0
G	0.0007	0	0.0000	0
S	0.0006	0	0.0000	0
P	0.0005	0	0.0000	0
P	0.0011	0	0.0000	0
H	0.0032	0	0.0000	0
P	0.0095	0	0.0000	0
S	0.0125	0	0.0000	0
S	0.0130	0	0.0000	0
G	0.0035	0	0.0000	0
P	0.0010	0	0.0000	0
L	0.0012	0	0.0000	0
L	0.0014	0	0.0000	0
P	0.0031	0	0.0000	0
L	0.0046	0	0.0000	0
S	0.0025	0	0.0000	0
S	0.0015	0	0.0000	0
G	0.0011	0	0.0000	0
P	0.0009	0	0.0000	0
P	0.0014	0	0.0000	0
P	0.0057	0	0.0000	0
C	0.0064	0	0.0000	0
E	0.0014	0	0.0000	0
A	0.0017	0	0.0000	0
R	0.0023	0	0.0000	0
E	0.0018	0	0.0000	0
C	0.0003	0	0.0000	0
V	0.0014	0	0.0000	0
N	0.0026	0	0.0000	0
C	0.0011	0	0.0000	0
G	0.0116	0	0.0001	0
A	0.1167	0	0.0009	0
T	0.2017	0	0.0033	0
A	0.2248	0	0.0041	0
T	0.1680	0	0.0032	0
P	0.1317	0	0.0034	0
L	0.0371	0	0.0011	0
W	0.0043	0	0.0002	0
R	0.1488	0	0.0156	0
R	0.0044	0	0.0002	0
D	0.0006	0	0.0000	0
G	0.0007	0	0.0000	0
T	0.0008	0	0.0001	0
G	0.0002	0	0.0000	0
H	0.0003	0	0.0000	0
Y	0.0009	0	0.0000	0
L	0.0005	0	0.0000	0
C	0.0007	0	0.0000	0
N	0.3208	0	0.0079	0
A	0.1622	0	0.0027	0
C	0.0073	0	0.0002	0
G	0.3626	1	0.0141	0
L	0.0192	0	0.0002	0
Y	0.4012	1	0.0075	0
H	0.1870	0	0.0019	0
R	0.5785	1	0.0032	0
L	0.0666	0	0.0002	0
N	0.2445	0	0.0012	0
G	0.3661	1	0.0011	0
Q	0.0270	0	0.0000	0
N	0.0348	0	0.0000	0
R	0.5884	1	0.0002	0
P	0.2172	0	0.0000	0
L	0.1714	0	0.0000	0
I	0.4133	1	0.0000	0
R	0.3616	1	0.0000	0
P	0.4066	1	0.0000	0
K	0.4118	1	0.0000	0
K	0.4474	1	0.0000	0
R	0.6831	1	0.0000	0
L	0.3761	1	0.0000	0
L	0.2122	0	0.0000	0
V	0.1416	0	0.0000	0
S	0.2866	0	0.0000	0
K	0.4064	1	0.0000	0
R	0.0695	0	0.0000	0
A	0.0601	0	0.0000	0
G	0.0205	0	0.0000	0
T	0.0029	0	0.0000	0
V	0.0013	0	0.0000	0
C	0.0002	0	0.0000	0
S	0.0008	0	0.0000	0
N	0.0024	0	0.0000	0
C	0.0004	0	0.0000	0
Q	0.0050	0	0.0000	0
T	0.0063	0	0.0000	0
S	0.0234	0	0.0003	0
T	0.0961	0	0.0028	0
T	0.1191	0	0.0071	0
T	0.1217	0	0.0142	0
L	0.0433	0	0.0067	0
W	0.0031	0	0.0006	0
R	0.0368	0	0.0114	0
R	0.0024	0	0.0003	0
S	0.0004	0	0.0000	0
P	0.0004	0	0.0001	0
M	0.0004	0	0.0001	0
G	0.0002	0	0.0000	0
D	0.0003	0	0.0000	0
P	0.0007	0	0.0000	0
V	0.0007	0	0.0000	0
C	0.0010	0	0.0000	0
N	0.4637	1	0.0130	0
A	0.2285	0	0.0072	0
C	0.0120	0	0.0006	0
G	0.2034	0	0.0130	0
L	0.0097	0	0.0004	0
Y	0.3802	1	0.0456	0
Y	0.0778	0	0.0050	0
K	0.6745	1	0.0792	0
L	0.1186	0	0.0092	0
H	0.3662	1	0.0484	0
Q	0.0558	0	0.0015	0
V	0.0559	0	0.0008	0
N	0.1340	0	0.0049	0
R	0.7403	1	0.0453	0
P	0.0483	0	0.0004	0
L	0.4919	1	0.0039	0
T	0.4030	1	0.0049	0
M	0.2792	0	0.0029	0
R	0.4217	1	0.0070	0
K	0.4113	1	0.0023	0
D	0.0433	0	0.0001	0
G	0.2887	0	0.0009	0
I	0.2142	0	0.0005	0
Q	0.5074	1	0.0017	0
T	0.5646	1	0.0006	0
R	0.8896	1	0.0015	0
N	0.5424	1	0.0006	0
R	0.8504	1	0.0001	0
K	0.6805	1	0.0000	0
V	0.4933	1	0.0000	0
S	0.7545	1	0.0000	0
S	0.5436	1	0.0000	0
K	0.6853	1	0.0000	0
G	0.7852	1	0.0000	0
K	0.7042	1	0.0000	0
K	0.5923	1	0.0000	0
R	0.6611	1	0.0000	0
R	0.7350	1	0.0000	0
P	0.4772	1	0.0000	0
P	0.4678	1	0.0000	0
G	0.2446	0	0.0000	0
G	0.1150	0	0.0000	0
G	0.0886	0	0.0000	0
N	0.0420	0	0.0000	0
P	0.0622	0	0.0000	0
S	0.1139	0	0.0000	0
A	0.0712	0	0.0000	0
T	0.1082	0	0.0000	0
A	0.0674	0	0.0000	0
G	0.0436	0	0.0000	0
G	0.0306	0	0.0000	0
G	0.0625	0	0.0000	0
A	0.0228	0	0.0000	0
P	0.0402	0	0.0000	0
M	0.0291	0	0.0000	0
G	0.0414	0	0.0000	0
G	0.0301	0	0.0000	0
G	0.0610	0	0.0000	0
G	0.0829	0	0.0000	0
D	0.0372	0	0.0000	0
P	0.0279	0	0.0000	0
S	0.0121	0	0.0000	0
M	0.0053	0	0.0000	0
P	0.0023	0	0.0000	0
P	0.0007	0	0.0000	0
P	0.0005	0	0.0000	0
P	0.0004	0	0.0000	0
P	0.0005	0	0.0000	0
P	0.0006	0	0.0000	0
P	0.0010	0	0.0000	0
A	0.0007	0	0.0000	0
A	0.0006	0	0.0000	0
A	0.0010	0	0.0000	0
P	0.0029	0	0.0000	0
P	0.0087	0	0.0000	0
Q	0.0255	0	0.0000	0
S	0.0199	0	0.0000	0
D	0.0099	0	0.0000	0
A	0.0202	0	0.0000	0
L	0.0044	0	0.0000	0
Y	0.0207	0	0.0000	0
A	0.0132	0	0.0000	0
L	0.0057	0	0.0000	0
G	0.0042	0	0.0000	0
P	0.0107	0	0.0000	0
V	0.0052	0	0.0000	0
V	0.0097	0	0.0000	0
L	0.0013	0	0.0000	0
S	0.0048	0	0.0000	0
G	0.0030	0	0.0000	0
H	0.0088	0	0.0000	0
F	0.0018	0	0.0000	0
L	0.0009	0	0.0000	0
P	0.0018	0	0.0000	0
F	0.0023	0	0.0000	0
G	0.0024	0	0.0000	0
N	0.0012	0	0.0000	0
S	0.0048	0	0.0000	0
G	0.0011	0	0.0000	0
G	0.0017	0	0.0000	0
F	0.0009	0	0.0000	0
F	0.0007	0	0.0000	0
G	0.0016	0	0.0000	0
G	0.0015	0	0.0000	0
G	0.0009	0	0.0000	0
A	0.0014	0	0.0000	0
G	0.0008	0	0.0000	0
G	0.0015	0	0.0000	0
Y	0.0022	0	0.0000	0
T	0.0031	0	0.0000	0
A	0.0011	0	0.0000	0
P	0.0008	0	0.0000	0
P	0.0007	0	0.0000	0
G	0.0037	0	0.0000	0
L	0.0057	0	0.0000	0
S	0.0331	0	0.0000	0
P	0.0289	0	0.0000	0
Q	0.1231	0	0.0000	0
I	0.0166	0	0.0000	0
</pre></body></html>