<html><head></head><body><pre style="word-wrap: break-word; white-space: pre-wrap;">&gt;G1T168
Amino Acid	probability_DNA	binary_DNA	probability_RNA	binary_RNA
M	0.2311	0	0.0565	0
R	0.2073	0	0.0480	0
T	0.0684	0	0.0171	0
R	0.1170	0	0.0421	0
A	0.0014	0	0.0005	0
G	0.0008	0	0.0006	0
R	0.1534	0	0.1975	1
A	0.0008	0	0.0002	0
A	0.0001	0	0.0000	0
A	0.0001	0	0.0000	0
R	0.0044	0	0.0046	0
A	0.0001	0	0.0000	0
S	0.0001	0	0.0000	0
R	0.0001	0	0.0001	0
P	0.0001	0	0.0001	0
S	0.0001	0	0.0002	0
G	0.0002	0	0.0001	0
T	0.0003	0	0.0001	0
A	0.0001	0	0.0000	0
E	0.0001	0	0.0000	0
A	0.0001	0	0.0000	0
T	0.0000	0	0.0000	0
P	0.0000	0	0.0000	0
D	0.0000	0	0.0000	0
S	0.0000	0	0.0000	0
A	0.0000	0	0.0000	0
R	0.0000	0	0.0000	0
V	0.0000	0	0.0000	0
L	0.0000	0	0.0000	0
A	0.0001	0	0.0002	0
G	0.0006	0	0.0052	0
G	0.0007	0	0.0043	0
G	0.0018	0	0.0069	0
A	0.0015	0	0.0029	0
T	0.0143	0	0.0113	0
P	0.0100	0	0.0029	0
A	0.0009	0	0.0001	0
R	0.0076	0	0.0002	0
K	0.0010	0	0.0000	0
R	0.0052	0	0.0001	0
R	0.0009	0	0.0000	0
C	0.0001	0	0.0000	0
A	0.0002	0	0.0000	0
A	0.0003	0	0.0001	0
H	0.0019	0	0.0005	0
A	0.0004	0	0.0001	0
P	0.0004	0	0.0001	0
S	0.0010	0	0.0002	0
F	0.0001	0	0.0000	0
P	0.0002	0	0.0001	0
A	0.0001	0	0.0000	0
S	0.0002	0	0.0001	0
A	0.0004	0	0.0003	0
P	0.0019	0	0.0089	0
N	0.0029	0	0.0073	0
P	0.0028	0	0.0038	0
T	0.0012	0	0.0005	0
A	0.0002	0	0.0000	0
A	0.0001	0	0.0000	0
A	0.0004	0	0.0001	0
M	0.0279	0	0.0144	0
L	0.0230	0	0.0110	0
M	0.0010	0	0.0001	0
P	0.1504	0	0.0185	0
K	0.5471	1	0.0191	0
K	0.2655	0	0.0162	0
N	0.1044	0	0.0036	0
R	0.6631	1	0.0995	0
I	0.2719	0	0.0274	0
A	0.0116	0	0.0010	0
I	0.0002	0	0.0000	0
Y	0.0015	0	0.0007	0
E	0.0136	0	0.0059	0
L	0.0008	0	0.0001	0
L	0.0001	0	0.0000	0
F	0.0007	0	0.0002	0
K	0.0315	0	0.0145	0
E	0.0003	0	0.0000	0
G	0.0004	0	0.0001	0
V	0.0001	0	0.0000	0
M	0.0001	0	0.0000	0
V	0.0001	0	0.0000	0
A	0.0004	0	0.0001	0
K	0.0228	0	0.0082	0
K	0.1092	0	0.0360	0
D	0.0272	0	0.0070	0
V	0.2536	0	0.1314	0
H	0.3595	1	0.2342	1
M	0.0565	0	0.0131	0
P	0.1040	0	0.0204	0
K	0.6111	1	0.2505	1
H	0.4402	1	0.1389	0
P	0.1366	0	0.0200	0
E	0.0407	0	0.0014	0
L	0.0064	0	0.0005	0
A	0.0023	0	0.0002	0
D	0.0016	0	0.0001	0
K	0.0032	0	0.0005	0
N	0.0053	0	0.0011	0
V	0.0127	0	0.0050	0
P	0.0422	0	0.0227	0
N	0.4277	1	0.2271	1
L	0.0030	0	0.0007	0
H	0.0046	0	0.0015	0
V	0.0041	0	0.0008	0
M	0.0085	0	0.0032	0
K	0.0788	0	0.0767	0
A	0.0020	0	0.0009	0
M	0.0099	0	0.0158	0
Q	0.4094	1	0.4925	1
S	0.3128	0	0.4683	1
L	0.0338	0	0.0921	0
K	0.2417	0	0.4987	1
S	0.3887	1	0.7593	1
R	0.2706	0	0.5896	1
G	0.0104	0	0.0529	0
Y	0.0034	0	0.0120	0
V	0.0003	0	0.0002	0
K	0.0038	0	0.0029	0
E	0.0043	0	0.0010	0
Q	0.0416	0	0.0103	0
F	0.5031	1	0.2964	1
A	0.4040	1	0.2653	1
W	0.3278	0	0.1743	1
R	0.0619	0	0.0096	0
H	0.4805	1	0.0241	0
F	0.0813	0	0.0037	0
Y	0.0465	0	0.0029	0
W	0.0009	0	0.0000	0
Y	0.0017	0	0.0001	0
L	0.0002	0	0.0000	0
T	0.0033	0	0.0002	0
N	0.0025	0	0.0002	0
E	0.0008	0	0.0000	0
G	0.0005	0	0.0000	0
I	0.0006	0	0.0000	0
Q	0.0026	0	0.0002	0
Y	0.0056	0	0.0003	0
L	0.0004	0	0.0000	0
R	0.0113	0	0.0009	0
D	0.0009	0	0.0000	0
Y	0.0002	0	0.0000	0
L	0.0001	0	0.0000	0
H	0.0003	0	0.0000	0
L	0.0001	0	0.0000	0
P	0.0007	0	0.0000	0
P	0.0006	0	0.0000	0
E	0.0015	0	0.0001	0
I	0.0013	0	0.0000	0
V	0.0132	0	0.0008	0
P	0.0375	0	0.0020	0
A	0.1870	0	0.0056	0
T	0.2566	0	0.0057	0
L	0.1109	0	0.0010	0
R	0.4171	1	0.0048	0
R	0.3859	1	0.0013	0
S	0.2201	0	0.0008	0
R	0.3944	1	0.0021	0
P	0.1356	0	0.0009	0
E	0.0292	0	0.0001	0
T	0.1033	0	0.0003	0
G	0.0175	0	0.0001	0
R	0.1165	0	0.0003	0
P	0.0370	0	0.0001	0
R	0.2173	0	0.0007	0
P	0.0114	0	0.0000	0
K	0.0601	0	0.0001	0
G	0.0169	0	0.0000	0
L	0.0224	0	0.0000	0
E	0.0063	0	0.0000	0
G	0.0233	0	0.0000	0
E	0.0061	0	0.0000	0
R	0.2764	0	0.0010	0
P	0.0544	0	0.0001	0
A	0.0338	0	0.0001	0
R	0.2006	0	0.0004	0
L	0.0139	0	0.0000	0
T	0.0056	0	0.0000	0
R	0.0162	0	0.0000	0
G	0.0118	0	0.0000	0
E	0.0118	0	0.0000	0
A	0.0062	0	0.0000	0
D	0.0103	0	0.0000	0
R	0.1586	0	0.0002	0
D	0.0814	0	0.0001	0
T	0.0255	0	0.0000	0
Y	0.1779	0	0.0002	0
R	0.4826	1	0.0002	0
R	0.4710	1	0.0001	0
S	0.0395	0	0.0000	0
A	0.0479	0	0.0000	0
V	0.0426	0	0.0000	0
P	0.0055	0	0.0000	0
P	0.0042	0	0.0000	0
G	0.0042	0	0.0000	0
A	0.0061	0	0.0000	0
D	0.0102	0	0.0000	0
K	0.0225	0	0.0000	0
K	0.0424	0	0.0000	0
A	0.0157	0	0.0000	0
E	0.0056	0	0.0000	0
A	0.0033	0	0.0000	0
G	0.0017	0	0.0000	0
A	0.0015	0	0.0000	0
G	0.0023	0	0.0000	0
S	0.0063	0	0.0000	0
A	0.0082	0	0.0001	0
T	0.0065	0	0.0000	0
E	0.0230	0	0.0001	0
F	0.0042	0	0.0000	0
Q	0.0409	0	0.0001	0
F	0.0474	0	0.0002	0
R	0.3935	1	0.0046	0
G	0.1926	0	0.0013	0
G	0.3061	0	0.0060	0
F	0.2895	0	0.0122	0
G	0.1388	0	0.0059	0
R	0.3562	1	0.0205	0
G	0.0578	0	0.0010	0
R	0.1818	0	0.0073	0
G	0.0624	0	0.0026	0
Q	0.0389	0	0.0034	0
P	0.0105	0	0.0013	0
P	0.0123	0	0.0026	0
Q	0.0572	0	0.0224	0
</pre></body></html>