<html><head></head><body><pre style="word-wrap: break-word; white-space: pre-wrap;">&gt;Q5SHP6
Amino Acid	probability_DNA	binary_DNA	probability_RNA	binary_RNA
M	0.0003	0	0.5089	1
K	0.0002	0	0.5586	1
L	0.0003	0	0.3547	1
S	0.0010	0	0.4056	1
E	0.0001	0	0.1296	0
V	0.0000	0	0.0112	0
R	0.0006	0	0.3601	1
K	0.0001	0	0.0801	0
Q	0.0001	0	0.1023	0
L	0.0000	0	0.0127	0
E	0.0001	0	0.2450	1
E	0.0000	0	0.0457	0
A	0.0000	0	0.0036	0
R	0.0002	0	0.4555	1
K	0.0000	0	0.0608	0
L	0.0000	0	0.0098	0
S	0.0000	0	0.0024	0
P	0.0000	0	0.0018	0
V	0.0000	0	0.0016	0
E	0.0000	0	0.0035	0
L	0.0000	0	0.0009	0
E	0.0000	0	0.0032	0
K	0.0000	0	0.0011	0
L	0.0000	0	0.0004	0
V	0.0000	0	0.0003	0
R	0.0000	0	0.0012	0
E	0.0000	0	0.0013	0
K	0.0000	0	0.0004	0
K	0.0000	0	0.0647	0
R	0.0000	0	0.0047	0
E	0.0000	0	0.0029	0
L	0.0000	0	0.0017	0
M	0.0000	0	0.0153	0
E	0.0000	0	0.2881	1
L	0.0000	0	0.0107	0
R	0.0001	0	0.6608	1
F	0.0000	0	0.0875	0
Q	0.0002	0	0.4601	1
A	0.0001	0	0.2334	1
S	0.0000	0	0.0881	0
I	0.0000	0	0.2205	1
G	0.0000	0	0.1633	1
Q	0.0000	0	0.1151	0
L	0.0000	0	0.0218	0
S	0.0000	0	0.2478	1
Q	0.0002	0	0.8762	1
N	0.0004	0	0.8506	1
H	0.0020	0	0.8670	1
K	0.0006	0	0.4954	1
I	0.0002	0	0.4787	1
R	0.0005	0	0.9690	1
D	0.0004	0	0.4545	1
L	0.0000	0	0.0289	0
K	0.0075	0	0.9324	1
R	0.0486	0	0.8608	1
Q	0.0004	0	0.0983	0
I	0.0001	0	0.0327	0
A	0.0009	0	0.4555	1
R	0.0034	0	0.9054	1
L	0.0000	0	0.0062	0
L	0.0010	0	0.6155	1
T	0.0024	0	0.9327	1
V	0.0000	0	0.0084	0
L	0.0000	0	0.0056	0
N	0.0034	0	0.5519	1
E	0.0004	0	0.0904	0
K	0.0007	0	0.2130	1
R	0.0001	0	0.0243	0
R	0.0001	0	0.0479	0
Q	0.0001	0	0.0634	0
N	0.0001	0	0.0795	0
A	0.0001	0	0.1021	0
</pre></body></html>