<html><head></head><body><pre style="word-wrap: break-word; white-space: pre-wrap;">&gt;P13340
Amino Acid	probability_DNA	binary_DNA	probability_RNA	binary_RNA
M	0.3473	0	0.0185	0
L	0.0310	0	0.0005	0
L	0.0709	0	0.0002	0
T	0.3471	0	0.0003	0
G	0.6282	1	0.0002	0
K	0.5236	1	0.0001	0
L	0.1943	0	0.0000	0
Y	0.2821	0	0.0000	0
K	0.1733	0	0.0000	0
E	0.0073	0	0.0000	0
E	0.0023	0	0.0000	0
K	0.0052	0	0.0000	0
Q	0.0005	0	0.0000	0
K	0.0008	0	0.0000	0
F	0.0002	0	0.0000	0
Y	0.0005	0	0.0000	0
D	0.0004	0	0.0000	0
A	0.0013	0	0.0000	0
Q	0.0009	0	0.0000	0
N	0.0005	0	0.0000	0
G	0.0029	0	0.0000	0
K	0.0090	0	0.0000	0
C	0.0009	0	0.0000	0
L	0.0082	0	0.0000	0
I	0.0003	0	0.0000	0
C	0.0002	0	0.0000	0
Q	0.0042	0	0.0000	0
R	0.0279	0	0.0000	0
E	0.0106	0	0.0000	0
L	0.0054	0	0.0000	0
N	0.0909	0	0.0001	0
P	0.0121	0	0.0000	0
D	0.0035	0	0.0000	0
V	0.0015	0	0.0000	0
Q	0.0021	0	0.0000	0
A	0.0086	0	0.0000	0
N	0.0006	0	0.0000	0
H	0.0046	0	0.0000	0
L	0.0026	0	0.0000	0
D	0.3009	0	0.0000	0
H	0.6464	1	0.0000	0
D	0.2353	0	0.0000	0
H	0.5700	1	0.0000	0
E	0.5090	1	0.0000	0
L	0.1271	0	0.0000	0
N	0.3039	0	0.0000	0
G	0.1366	0	0.0000	0
P	0.0583	0	0.0000	0
K	0.1239	0	0.0000	0
A	0.0235	0	0.0000	0
G	0.0077	0	0.0000	0
K	0.0836	0	0.0000	0
V	0.0089	0	0.0000	0
R	0.2390	0	0.0007	0
G	0.0063	0	0.0000	0
L	0.0104	0	0.0000	0
L	0.0021	0	0.0000	0
C	0.0375	0	0.0001	0
N	0.5013	1	0.0003	0
L	0.0380	0	0.0000	0
C	0.0018	0	0.0000	0
D	0.3856	1	0.0010	0
A	0.4314	1	0.0004	0
A	0.0054	0	0.0000	0
E	0.0122	0	0.0000	0
G	0.4014	1	0.0004	0
Q	0.4496	1	0.0002	0
M	0.0053	0	0.0000	0
K	0.2159	0	0.0000	0
H	0.1031	0	0.0000	0
K	0.1183	0	0.0000	0
F	0.0036	0	0.0000	0
N	0.1539	0	0.0000	0
R	0.4397	1	0.0001	0
S	0.0239	0	0.0000	0
G	0.0061	0	0.0000	0
L	0.0036	0	0.0000	0
K	0.0110	0	0.0000	0
G	0.3443	0	0.0002	0
Q	0.2327	0	0.0001	0
G	0.0068	0	0.0000	0
V	0.0100	0	0.0000	0
D	0.0095	0	0.0000	0
Y	0.0087	0	0.0000	0
L	0.0031	0	0.0000	0
E	0.0064	0	0.0000	0
W	0.0006	0	0.0000	0
L	0.0004	0	0.0000	0
E	0.0081	0	0.0000	0
N	0.0763	0	0.0000	0
L	0.0006	0	0.0000	0
L	0.0004	0	0.0000	0
T	0.0029	0	0.0000	0
Y	0.0044	0	0.0000	0
L	0.0005	0	0.0000	0
K	0.0053	0	0.0000	0
S	0.0022	0	0.0000	0
D	0.0012	0	0.0000	0
Y	0.0015	0	0.0000	0
T	0.0061	0	0.0000	0
Q	0.0197	0	0.0000	0
N	0.0172	0	0.0000	0
N	0.0162	0	0.0000	0
I	0.0020	0	0.0000	0
H	0.1473	0	0.0001	0
P	0.0086	0	0.0000	0
N	0.0407	0	0.0000	0
F	0.0136	0	0.0000	0
V	0.0066	0	0.0000	0
G	0.2595	0	0.0006	0
D	0.1167	0	0.0001	0
K	0.0187	0	0.0000	0
S	0.0100	0	0.0000	0
K	0.0780	0	0.0000	0
E	0.0303	0	0.0000	0
F	0.0038	0	0.0000	0
S	0.0432	0	0.0000	0
R	0.1022	0	0.0000	0
L	0.0052	0	0.0000	0
G	0.0151	0	0.0000	0
K	0.6038	1	0.0000	0
E	0.0605	0	0.0000	0
E	0.0100	0	0.0000	0
M	0.0006	0	0.0000	0
M	0.0007	0	0.0000	0
A	0.0006	0	0.0000	0
E	0.0004	0	0.0000	0
M	0.0005	0	0.0000	0
L	0.0008	0	0.0000	0
Q	0.0017	0	0.0000	0
R	0.0026	0	0.0000	0
G	0.0026	0	0.0000	0
F	0.0021	0	0.0000	0
E	0.0036	0	0.0000	0
Y	0.0464	0	0.0000	0
N	0.0761	0	0.0000	0
E	0.1299	0	0.0000	0
S	0.4079	1	0.0000	0
D	0.5318	1	0.0002	0
T	0.8356	1	0.0010	0
K	0.7906	1	0.0039	0
T	0.5370	1	0.0022	0
Q	0.1732	0	0.0006	0
L	0.0052	0	0.0000	0
I	0.0284	0	0.0003	0
A	0.1205	0	0.0006	0
S	0.0093	0	0.0000	0
F	0.0017	0	0.0000	0
K	0.3248	0	0.0009	0
K	0.3329	0	0.0015	0
Q	0.0137	0	0.0000	0
L	0.0007	0	0.0000	0
R	0.5202	1	0.0012	0
K	0.2930	0	0.0003	0
S	0.0280	0	0.0000	0
L	0.0036	0	0.0000	0
K	0.3795	1	0.0024	0
</pre></body></html>