<html><head></head><body><pre style="word-wrap: break-word; white-space: pre-wrap;">&gt;P12629
Amino Acid	probability_DNA	binary_DNA	probability_RNA	binary_RNA
M	0.0000	0	0.0405	0
A	0.0000	0	0.0051	0
T	0.0000	0	0.0021	0
M	0.0000	0	0.0007	0
A	0.0000	0	0.0006	0
C	0.0000	0	0.0005	0
A	0.0000	0	0.0008	0
S	0.0000	0	0.0008	0
S	0.0000	0	0.0015	0
L	0.0000	0	0.0005	0
T	0.0000	0	0.0022	0
F	0.0000	0	0.0013	0
P	0.0000	0	0.0024	0
S	0.0000	0	0.0033	0
A	0.0000	0	0.0024	0
Q	0.0000	0	0.0050	0
T	0.0000	0	0.0088	0
Q	0.0000	0	0.0157	0
K	0.0000	0	0.0156	0
S	0.0000	0	0.0163	0
F	0.0000	0	0.0402	0
F	0.0000	0	0.0176	0
G	0.0000	0	0.0058	0
T	0.0000	0	0.0089	0
N	0.0000	0	0.0065	0
V	0.0000	0	0.0030	0
K	0.0000	0	0.1009	0
Q	0.0001	0	0.2508	1
T	0.0000	0	0.0105	0
P	0.0000	0	0.0033	0
V	0.0000	0	0.0042	0
L	0.0000	0	0.0024	0
S	0.0000	0	0.0086	0
F	0.0000	0	0.0107	0
P	0.0000	0	0.0628	0
R	0.0000	0	0.0034	0
P	0.0000	0	0.0010	0
T	0.0000	0	0.0007	0
V	0.0000	0	0.0003	0
A	0.0000	0	0.0003	0
A	0.0000	0	0.0003	0
A	0.0000	0	0.0003	0
V	0.0000	0	0.0004	0
A	0.0000	0	0.0013	0
V	0.0000	0	0.0003	0
S	0.0000	0	0.0003	0
A	0.0000	0	0.0002	0
R	0.0000	0	0.0006	0
K	0.0000	0	0.0002	0
S	0.0000	0	0.0001	0
T	0.0000	0	0.0002	0
S	0.0000	0	0.0003	0
A	0.0000	0	0.0004	0
S	0.0000	0	0.0005	0
T	0.0000	0	0.0004	0
K	0.0000	0	0.0006	0
C	0.0000	0	0.0002	0
T	0.0000	0	0.0005	0
E	0.0000	0	0.0006	0
E	0.0000	0	0.0003	0
W	0.0000	0	0.0001	0
R	0.0000	0	0.0002	0
Q	0.0000	0	0.0001	0
L	0.0000	0	0.0001	0
K	0.0000	0	0.0001	0
E	0.0000	0	0.0001	0
A	0.0000	0	0.0001	0
V	0.0000	0	0.0001	0
K	0.0000	0	0.0001	0
K	0.0000	0	0.0001	0
E	0.0000	0	0.0001	0
F	0.0000	0	0.0001	0
A	0.0000	0	0.0001	0
I	0.0000	0	0.0001	0
P	0.0000	0	0.0001	0
H	0.0000	0	0.0002	0
V	0.0000	0	0.0002	0
P	0.0000	0	0.0003	0
L	0.0000	0	0.0005	0
D	0.0000	0	0.0007	0
Q	0.0000	0	0.0006	0
R	0.0000	0	0.0030	0
W	0.0000	0	0.0006	0
M	0.0000	0	0.0007	0
F	0.0000	0	0.0006	0
T	0.0000	0	0.0002	0
L	0.0000	0	0.0004	0
E	0.0000	0	0.0006	0
E	0.0000	0	0.0006	0
A	0.0000	0	0.0006	0
T	0.0000	0	0.0020	0
G	0.0000	0	0.0263	0
P	0.0000	0	0.0246	0
D	0.0000	0	0.0320	0
I	0.0000	0	0.0039	0
W	0.0000	0	0.0084	0
N	0.0000	0	0.0802	0
T	0.0000	0	0.0474	0
T	0.0000	0	0.0171	0
W	0.0000	0	0.0211	0
Y	0.0000	0	0.0179	0
P	0.0000	0	0.0055	0
K	0.0000	0	0.0367	0
S	0.0000	0	0.0067	0
A	0.0000	0	0.0086	0
D	0.0000	0	0.0122	0
H	0.0000	0	0.0025	0
V	0.0000	0	0.0013	0
P	0.0000	0	0.0012	0
T	0.0000	0	0.0006	0
D	0.0000	0	0.0012	0
K	0.0000	0	0.0034	0
K	0.0000	0	0.0024	0
W	0.0000	0	0.0015	0
Y	0.0000	0	0.0054	0
V	0.0000	0	0.0033	0
V	0.0000	0	0.0056	0
D	0.0000	0	0.1716	1
A	0.0000	0	0.1017	0
T	0.0000	0	0.3179	1
D	0.0000	0	0.1641	1
L	0.0000	0	0.1203	0
I	0.0000	0	0.0791	0
L	0.0000	0	0.0364	0
G	0.0001	0	0.6819	1
R	0.0002	0	0.8998	1
M	0.0000	0	0.0121	0
A	0.0000	0	0.0649	0
S	0.0001	0	0.8326	1
T	0.0000	0	0.0380	0
I	0.0000	0	0.0036	0
A	0.0000	0	0.0375	0
I	0.0000	0	0.2961	1
H	0.0000	0	0.0087	0
I	0.0000	0	0.0027	0
R	0.0000	0	0.2119	1
G	0.0000	0	0.0205	0
K	0.0000	0	0.2366	1
N	0.0000	0	0.0754	0
L	0.0000	0	0.2604	1
A	0.0000	0	0.0053	0
S	0.0000	0	0.0283	0
Y	0.0001	0	0.1839	1
T	0.0000	0	0.0940	0
P	0.0000	0	0.0275	0
S	0.0000	0	0.0662	0
V	0.0000	0	0.1030	0
D	0.0000	0	0.0666	0
M	0.0000	0	0.0325	0
G	0.0000	0	0.0975	0
A	0.0000	0	0.0617	0
F	0.0000	0	0.0619	0
V	0.0000	0	0.0039	0
I	0.0000	0	0.0020	0
V	0.0000	0	0.0032	0
V	0.0000	0	0.0012	0
N	0.0000	0	0.0148	0
A	0.0000	0	0.0056	0
D	0.0001	0	0.1622	1
K	0.0002	0	0.3045	1
V	0.0000	0	0.0061	0
A	0.0000	0	0.0493	0
V	0.0000	0	0.0076	0
S	0.0000	0	0.4873	1
G	0.0000	0	0.8483	1
K	0.0000	0	0.3678	1
K	0.0000	0	0.5859	1
R	0.0000	0	0.2508	1
T	0.0000	0	0.2253	1
Q	0.0000	0	0.2679	1
K	0.0000	0	0.6510	1
L	0.0000	0	0.0307	0
Y	0.0000	0	0.4460	1
R	0.0000	0	0.0484	0
R	0.0000	0	0.0805	0
H	0.0000	0	0.3277	1
S	0.0000	0	0.3754	1
G	0.0000	0	0.3386	1
R	0.0000	0	0.5396	1
P	0.0000	0	0.2347	1
G	0.0000	0	0.7297	1
G	0.0000	0	0.5925	1
L	0.0000	0	0.3896	1
K	0.0000	0	0.6109	1
E	0.0000	0	0.3679	1
E	0.0000	0	0.2622	1
T	0.0000	0	0.3091	1
F	0.0000	0	0.0230	0
D	0.0000	0	0.1236	0
Q	0.0000	0	0.0222	0
L	0.0000	0	0.0879	0
Q	0.0000	0	0.0860	0
K	0.0000	0	0.0343	0
R	0.0000	0	0.7840	1
I	0.0000	0	0.1597	1
P	0.0000	0	0.0889	0
E	0.0000	0	0.0454	0
R	0.0000	0	0.1058	0
I	0.0000	0	0.0553	0
I	0.0000	0	0.0041	0
E	0.0000	0	0.0799	0
H	0.0000	0	0.4496	1
A	0.0000	0	0.1657	1
V	0.0000	0	0.0694	0
R	0.0000	0	0.8873	1
G	0.0000	0	0.9637	1
M	0.0000	0	0.6240	1
L	0.0000	0	0.0656	0
P	0.0000	0	0.5914	1
K	0.0000	0	0.8953	1
G	0.0000	0	0.8679	1
R	0.0000	0	0.7354	1
L	0.0000	0	0.3624	1
G	0.0000	0	0.4815	1
R	0.0001	0	0.8176	1
Y	0.0000	0	0.1139	0
L	0.0000	0	0.2635	1
F	0.0000	0	0.0056	0
N	0.0000	0	0.1198	0
H	0.0000	0	0.1888	1
L	0.0000	0	0.0058	0
K	0.0000	0	0.4108	1
V	0.0000	0	0.0556	0
Y	0.0000	0	0.6740	1
K	0.0000	0	0.0657	0
G	0.0000	0	0.0297	0
A	0.0000	0	0.0088	0
E	0.0000	0	0.0083	0
H	0.0000	0	0.0146	0
P	0.0000	0	0.0014	0
H	0.0000	0	0.0029	0
Q	0.0000	0	0.0031	0
A	0.0000	0	0.0071	0
Q	0.0000	0	0.0112	0
Q	0.0000	0	0.0060	0
P	0.0000	0	0.0026	0
I	0.0000	0	0.0025	0
D	0.0000	0	0.0013	0
L	0.0000	0	0.0007	0
P	0.0000	0	0.0007	0
L	0.0000	0	0.0008	0
R	0.0000	0	0.0139	0
D	0.0000	0	0.0049	0
K	0.0000	0	0.0064	0
R	0.0000	0	0.0425	0
I	0.0000	0	0.0034	0
R	0.0000	0	0.0804	0
V	0.0000	0	0.0595	0
E	0.0000	0	0.2781	1
K	0.0000	0	0.3748	1
</pre></body></html>