<html><head></head><body><pre style="word-wrap: break-word; white-space: pre-wrap;">&gt;P47093
Amino Acid	probability_DNA	binary_DNA	probability_RNA	binary_RNA
M	0.1783	0	0.0615	0
S	0.0130	0	0.0018	0
A	0.0010	0	0.0002	0
T	0.0007	0	0.0001	0
L	0.0001	0	0.0000	0
K	0.0004	0	0.0001	0
D	0.0010	0	0.0003	0
Y	0.0001	0	0.0000	0
L	0.0001	0	0.0000	0
N	0.0002	0	0.0000	0
K	0.0013	0	0.0001	0
R	0.0016	0	0.0002	0
V	0.0001	0	0.0000	0
V	0.0001	0	0.0000	0
I	0.0000	0	0.0000	0
I	0.0009	0	0.0003	0
L	0.0003	0	0.0001	0
V	0.0722	0	0.0358	0
D	0.0058	0	0.0023	0
G	0.0355	0	0.0121	0
E	0.1409	0	0.0224	0
S	0.0049	0	0.0005	0
L	0.0007	0	0.0002	0
I	0.0007	0	0.0007	0
A	0.0002	0	0.0001	0
S	0.0007	0	0.0005	0
L	0.0009	0	0.0004	0
N	0.0311	0	0.0125	0
G	0.0015	0	0.0002	0
F	0.0247	0	0.0078	0
D	0.0775	0	0.0315	0
K	0.1724	0	0.0325	0
N	0.3490	0	0.0867	0
T	0.0016	0	0.0003	0
N	0.0222	0	0.0105	0
L	0.0005	0	0.0001	0
F	0.0004	0	0.0000	0
L	0.0005	0	0.0000	0
T	0.0005	0	0.0000	0
N	0.0036	0	0.0003	0
V	0.0009	0	0.0001	0
F	0.0054	0	0.0018	0
N	0.0079	0	0.0032	0
R	0.0381	0	0.0104	0
I	0.0287	0	0.0122	0
S	0.0044	0	0.0024	0
K	0.0041	0	0.0019	0
E	0.0040	0	0.0015	0
F	0.0093	0	0.0035	0
I	0.0027	0	0.0026	0
S	0.0014	0	0.0021	0
K	0.0420	0	0.1178	0
A	0.0039	0	0.0049	0
Q	0.0040	0	0.0023	0
L	0.0050	0	0.0046	0
L	0.0075	0	0.0023	0
R	0.7770	1	0.3721	1
G	0.3148	0	0.0946	0
S	0.4621	1	0.1297	0
E	0.2228	0	0.0466	0
I	0.0043	0	0.0008	0
A	0.0036	0	0.0007	0
L	0.0107	0	0.0031	0
V	0.0004	0	0.0001	0
G	0.0008	0	0.0001	0
L	0.0013	0	0.0002	0
I	0.0007	0	0.0001	0
D	0.0003	0	0.0000	0
A	0.0002	0	0.0000	0
E	0.0002	0	0.0000	0
N	0.0002	0	0.0000	0
D	0.0005	0	0.0000	0
D	0.0007	0	0.0000	0
S	0.0012	0	0.0000	0
L	0.0004	0	0.0000	0
A	0.0002	0	0.0000	0
P	0.0005	0	0.0000	0
I	0.0003	0	0.0000	0
D	0.0004	0	0.0000	0
E	0.0004	0	0.0000	0
K	0.0013	0	0.0000	0
K	0.0024	0	0.0000	0
V	0.0008	0	0.0000	0
P	0.0006	0	0.0000	0
M	0.0010	0	0.0000	0
L	0.0003	0	0.0000	0
K	0.0033	0	0.0027	0
D	0.0003	0	0.0000	0
T	0.0010	0	0.0001	0
K	0.1026	0	0.0111	0
N	0.0913	0	0.0020	0
K	0.1052	0	0.0016	0
I	0.0025	0	0.0001	0
E	0.0185	0	0.0010	0
N	0.1932	0	0.0074	0
E	0.0115	0	0.0001	0
H	0.0100	0	0.0002	0
V	0.0007	0	0.0000	0
I	0.0003	0	0.0000	0
W	0.0010	0	0.0000	0
E	0.0063	0	0.0002	0
K	0.0064	0	0.0001	0
V	0.0070	0	0.0001	0
Y	0.0960	0	0.0037	0
E	0.0390	0	0.0019	0
S	0.0275	0	0.0008	0
K	0.0582	0	0.0016	0
T	0.2689	0	0.0279	0
K	0.3760	1	0.0878	0
</pre></body></html>