<html><head></head><body><pre style="word-wrap: break-word; white-space: pre-wrap;">&gt;O70348
Amino Acid	probability_DNA	binary_DNA	probability_RNA	binary_RNA
M	0.4646	1	0.0106	0
E	0.2766	0	0.0016	0
P	0.1456	0	0.0003	0
R	0.3353	0	0.0010	0
G	0.0291	0	0.0001	0
T	0.0694	0	0.0001	0
K	0.1740	0	0.0001	0
R	0.1137	0	0.0000	0
K	0.0174	0	0.0000	0
A	0.0081	0	0.0000	0
E	0.0049	0	0.0000	0
K	0.0041	0	0.0000	0
T	0.0010	0	0.0000	0
E	0.0006	0	0.0000	0
V	0.0005	0	0.0000	0
E	0.0004	0	0.0000	0
K	0.0027	0	0.0000	0
P	0.0243	0	0.0003	0
L	0.2023	0	0.0051	0
N	0.3766	1	0.0122	0
K	0.5453	1	0.0163	0
L	0.1275	0	0.0003	0
P	0.1407	0	0.0003	0
R	0.2659	0	0.0006	0
A	0.0203	0	0.0001	0
V	0.0115	0	0.0000	0
P	0.0477	0	0.0002	0
S	0.0593	0	0.0001	0
L	0.0042	0	0.0000	0
R	0.1023	0	0.0002	0
T	0.0066	0	0.0000	0
Q	0.0116	0	0.0000	0
P	0.0054	0	0.0000	0
S	0.0108	0	0.0000	0
L	0.0230	0	0.0001	0
Y	0.0013	0	0.0000	0
S	0.0011	0	0.0000	0
G	0.0020	0	0.0000	0
P	0.0066	0	0.0000	0
F	0.0051	0	0.0000	0
P	0.0023	0	0.0000	0
F	0.0178	0	0.0000	0
Y	0.0038	0	0.0000	0
R	0.0331	0	0.0000	0
R	0.3054	0	0.0002	0
P	0.0032	0	0.0000	0
S	0.0038	0	0.0000	0
E	0.0188	0	0.0000	0
L	0.0480	0	0.0000	0
G	0.0282	0	0.0000	0
C	0.0516	0	0.0000	0
F	0.0046	0	0.0000	0
S	0.0260	0	0.0000	0
L	0.0531	0	0.0000	0
D	0.0087	0	0.0000	0
A	0.0278	0	0.0000	0
Q	0.0069	0	0.0000	0
R	0.0016	0	0.0000	0
Q	0.0063	0	0.0000	0
Y	0.0003	0	0.0000	0
H	0.0007	0	0.0000	0
G	0.0004	0	0.0000	0
D	0.0028	0	0.0000	0
A	0.0123	0	0.0000	0
R	0.2256	0	0.0001	0
A	0.0339	0	0.0000	0
L	0.0135	0	0.0000	0
R	0.2898	0	0.0001	0
Y	0.0823	0	0.0000	0
Y	0.0064	0	0.0000	0
S	0.0045	0	0.0000	0
P	0.0010	0	0.0000	0
P	0.0007	0	0.0000	0
P	0.0007	0	0.0000	0
I	0.0010	0	0.0000	0
N	0.0006	0	0.0000	0
G	0.0005	0	0.0000	0
P	0.0004	0	0.0000	0
G	0.0006	0	0.0000	0
P	0.0004	0	0.0000	0
D	0.0023	0	0.0000	0
F	0.0003	0	0.0000	0
D	0.0033	0	0.0000	0
L	0.0010	0	0.0000	0
R	0.1028	0	0.0003	0
D	0.0190	0	0.0000	0
G	0.0109	0	0.0000	0
Y	0.0562	0	0.0006	0
P	0.0076	0	0.0000	0
D	0.0122	0	0.0001	0
R	0.0242	0	0.0001	0
Y	0.0075	0	0.0000	0
Q	0.0076	0	0.0000	0
P	0.0025	0	0.0000	0
R	0.0053	0	0.0000	0
D	0.0038	0	0.0000	0
E	0.0018	0	0.0000	0
E	0.0025	0	0.0000	0
V	0.0029	0	0.0000	0
Q	0.0030	0	0.0000	0
E	0.0020	0	0.0000	0
R	0.0019	0	0.0000	0
L	0.0003	0	0.0000	0
D	0.0008	0	0.0000	0
H	0.0005	0	0.0000	0
L	0.0002	0	0.0000	0
L	0.0002	0	0.0000	0
R	0.0015	0	0.0000	0
W	0.0009	0	0.0000	0
V	0.0001	0	0.0000	0
L	0.0002	0	0.0000	0
E	0.0009	0	0.0000	0
H	0.0018	0	0.0000	0
R	0.0057	0	0.0000	0
N	0.0119	0	0.0000	0
Q	0.0270	0	0.0000	0
L	0.0023	0	0.0000	0
E	0.0068	0	0.0000	0
G	0.0153	0	0.0000	0
G	0.0360	0	0.0001	0
P	0.0300	0	0.0000	0
G	0.0322	0	0.0000	0
W	0.0220	0	0.0000	0
L	0.0024	0	0.0000	0
A	0.0705	0	0.0003	0
G	0.0243	0	0.0000	0
A	0.0076	0	0.0000	0
T	0.0011	0	0.0000	0
V	0.0086	0	0.0000	0
T	0.0277	0	0.0000	0
W	0.0693	0	0.0001	0
R	0.3080	0	0.0009	0
G	0.0866	0	0.0003	0
H	0.0182	0	0.0001	0
L	0.0011	0	0.0000	0
T	0.2494	0	0.0049	0
K	0.0750	0	0.0008	0
L	0.0007	0	0.0000	0
L	0.0008	0	0.0000	0
T	0.0015	0	0.0000	0
T	0.0045	0	0.0000	0
P	0.0043	0	0.0000	0
Y	0.2681	0	0.0008	0
E	0.0195	0	0.0000	0
R	0.2552	0	0.0003	0
Q	0.1592	0	0.0001	0
E	0.0065	0	0.0000	0
G	0.0010	0	0.0000	0
W	0.0004	0	0.0000	0
Q	0.0029	0	0.0000	0
L	0.0003	0	0.0000	0
A	0.0003	0	0.0000	0
A	0.0004	0	0.0000	0
S	0.0017	0	0.0000	0
R	0.0582	0	0.0000	0
F	0.1466	0	0.0002	0
Q	0.2499	0	0.0015	0
G	0.0508	0	0.0003	0
T	0.0067	0	0.0000	0
L	0.0007	0	0.0000	0
Y	0.0433	0	0.0004	0
L	0.0013	0	0.0000	0
S	0.0036	0	0.0000	0
E	0.3128	0	0.0008	0
V	0.0874	0	0.0000	0
E	0.0607	0	0.0000	0
T	0.0624	0	0.0001	0
P	0.1410	0	0.0002	0
A	0.0383	0	0.0000	0
A	0.0238	0	0.0000	0
R	0.0717	0	0.0001	0
A	0.0048	0	0.0000	0
Q	0.0445	0	0.0000	0
R	0.0220	0	0.0000	0
L	0.1605	0	0.0002	0
A	0.0595	0	0.0001	0
R	0.0626	0	0.0001	0
P	0.0497	0	0.0001	0
P	0.3230	0	0.0022	0
L	0.3405	0	0.0031	0
L	0.0509	0	0.0002	0
R	0.2755	0	0.0012	0
E	0.0288	0	0.0001	0
L	0.0186	0	0.0000	0
M	0.0246	0	0.0001	0
Y	0.0145	0	0.0000	0
M	0.0338	0	0.0002	0
G	0.0705	0	0.0005	0
Y	0.0463	0	0.0001	0
K	0.0397	0	0.0002	0
F	0.0247	0	0.0001	0
E	0.0278	0	0.0001	0
Q	0.0051	0	0.0000	0
Y	0.0015	0	0.0000	0
M	0.0003	0	0.0000	0
C	0.0016	0	0.0000	0
A	0.0032	0	0.0000	0
D	0.0044	0	0.0000	0
K	0.0535	0	0.0002	0
P	0.0122	0	0.0000	0
G	0.0264	0	0.0000	0
G	0.0086	0	0.0000	0
S	0.0154	0	0.0000	0
P	0.0036	0	0.0000	0
D	0.0045	0	0.0000	0
P	0.0026	0	0.0000	0
S	0.0035	0	0.0000	0
G	0.0012	0	0.0000	0
E	0.0007	0	0.0000	0
V	0.0002	0	0.0000	0
N	0.0004	0	0.0000	0
T	0.0004	0	0.0000	0
N	0.0009	0	0.0000	0
V	0.0003	0	0.0000	0
A	0.0009	0	0.0000	0
Y	0.0016	0	0.0000	0
C	0.0004	0	0.0000	0
S	0.0004	0	0.0000	0
V	0.0002	0	0.0000	0
L	0.0003	0	0.0000	0
R	0.0120	0	0.0000	0
S	0.0029	0	0.0000	0
R	0.0128	0	0.0000	0
L	0.0030	0	0.0000	0
G	0.0019	0	0.0000	0
N	0.0030	0	0.0000	0
H	0.0006	0	0.0000	0
P	0.0007	0	0.0000	0
L	0.0002	0	0.0000	0
L	0.0003	0	0.0000	0
F	0.0008	0	0.0000	0
S	0.0011	0	0.0000	0
G	0.0025	0	0.0000	0
E	0.0030	0	0.0000	0
V	0.0031	0	0.0000	0
D	0.2777	0	0.0000	0
C	0.0131	0	0.0000	0
L	0.0203	0	0.0000	0
N	0.0191	0	0.0000	0
P	0.0124	0	0.0000	0
Q	0.0125	0	0.0000	0
A	0.0029	0	0.0000	0
P	0.0061	0	0.0000	0
C	0.0056	0	0.0000	0
T	0.0043	0	0.0000	0
Q	0.0058	0	0.0000	0
P	0.0012	0	0.0000	0
P	0.0011	0	0.0000	0
S	0.0069	0	0.0000	0
C	0.0036	0	0.0000	0
Y	0.0462	0	0.0000	0
V	0.0035	0	0.0000	0
E	0.4002	1	0.0004	0
L	0.0066	0	0.0000	0
K	0.7002	1	0.0004	0
T	0.3388	0	0.0001	0
S	0.4758	1	0.0000	0
K	0.7506	1	0.0000	0
E	0.4100	1	0.0000	0
M	0.2871	0	0.0000	0
H	0.6745	1	0.0000	0
S	0.6193	1	0.0000	0
P	0.7141	1	0.0001	0
G	0.7770	1	0.0002	0
Q	0.4118	1	0.0001	0
W	0.0248	0	0.0000	0
R	0.1565	0	0.0001	0
S	0.2896	0	0.0002	0
F	0.0841	0	0.0000	0
Y	0.0399	0	0.0000	0
R	0.8714	1	0.0031	0
H	0.5662	1	0.0018	0
K	0.6373	1	0.0012	0
L	0.0943	0	0.0000	0
L	0.0345	0	0.0001	0
K	0.3945	1	0.0037	0
W	0.0389	0	0.0001	0
W	0.0708	0	0.0009	0
A	0.0033	0	0.0000	0
Q	0.4156	1	0.0176	0
S	0.1226	0	0.0012	0
F	0.0046	0	0.0000	0
L	0.0058	0	0.0000	0
P	0.0018	0	0.0000	0
G	0.0461	0	0.0007	0
V	0.0028	0	0.0000	0
P	0.0178	0	0.0000	0
H	0.3275	0	0.0028	0
V	0.0022	0	0.0000	0
V	0.0039	0	0.0000	0
A	0.0108	0	0.0000	0
G	0.0223	0	0.0003	0
F	0.0486	0	0.0004	0
R	0.5152	1	0.0354	0
N	0.1145	0	0.0015	0
P	0.0432	0	0.0004	0
E	0.0367	0	0.0003	0
G	0.0031	0	0.0000	0
F	0.0375	0	0.0003	0
V	0.0022	0	0.0000	0
C	0.0480	0	0.0001	0
S	0.0963	0	0.0002	0
L	0.0471	0	0.0001	0
K	0.1458	0	0.0002	0
T	0.2410	0	0.0002	0
F	0.0155	0	0.0000	0
P	0.0546	0	0.0000	0
T	0.3905	1	0.0003	0
M	0.3332	0	0.0002	0
E	0.0688	0	0.0001	0
M	0.0026	0	0.0000	0
F	0.0556	0	0.0002	0
E	0.3294	0	0.0021	0
N	0.1352	0	0.0003	0
V	0.0169	0	0.0000	0
R	0.4052	1	0.0023	0
N	0.2739	0	0.0008	0
D	0.0960	0	0.0002	0
R	0.5406	1	0.0022	0
E	0.0970	0	0.0002	0
G	0.0136	0	0.0000	0
W	0.2528	0	0.0010	0
N	0.2986	0	0.0003	0
P	0.0123	0	0.0000	0
S	0.0076	0	0.0000	0
V	0.0009	0	0.0000	0
C	0.0001	0	0.0000	0
M	0.0021	0	0.0000	0
N	0.0039	0	0.0000	0
F	0.0010	0	0.0000	0
C	0.0001	0	0.0000	0
A	0.0003	0	0.0000	0
A	0.0002	0	0.0000	0
F	0.0001	0	0.0000	0
L	0.0001	0	0.0000	0
S	0.0008	0	0.0000	0
F	0.0003	0	0.0000	0
A	0.0001	0	0.0000	0
Q	0.0005	0	0.0000	0
S	0.0007	0	0.0000	0
T	0.0003	0	0.0000	0
V	0.0001	0	0.0000	0
V	0.0010	0	0.0000	0
Q	0.0051	0	0.0000	0
D	0.0067	0	0.0000	0
D	0.0017	0	0.0000	0
P	0.0099	0	0.0000	0
R	0.0659	0	0.0001	0
L	0.0027	0	0.0000	0
V	0.0019	0	0.0000	0
H	0.0007	0	0.0000	0
L	0.0020	0	0.0000	0
F	0.0009	0	0.0000	0
S	0.0354	0	0.0000	0
W	0.0130	0	0.0000	0
E	0.0085	0	0.0000	0
P	0.0017	0	0.0000	0
G	0.0032	0	0.0000	0
G	0.0015	0	0.0000	0
P	0.0039	0	0.0000	0
V	0.0004	0	0.0000	0
T	0.0036	0	0.0000	0
V	0.0014	0	0.0000	0
S	0.0084	0	0.0000	0
V	0.0038	0	0.0000	0
H	0.0077	0	0.0000	0
R	0.0123	0	0.0000	0
D	0.0021	0	0.0000	0
A	0.0028	0	0.0000	0
P	0.0032	0	0.0000	0
Y	0.0033	0	0.0000	0
A	0.0012	0	0.0000	0
F	0.0066	0	0.0000	0
L	0.0079	0	0.0000	0
P	0.1175	0	0.0000	0
S	0.0165	0	0.0000	0
W	0.0689	0	0.0000	0
Y	0.0048	0	0.0000	0
V	0.0012	0	0.0000	0
E	0.0072	0	0.0000	0
T	0.0065	0	0.0000	0
M	0.0006	0	0.0000	0
T	0.0011	0	0.0000	0
Q	0.0018	0	0.0000	0
D	0.0030	0	0.0000	0
L	0.0085	0	0.0000	0
P	0.0043	0	0.0000	0
P	0.0036	0	0.0000	0
L	0.0008	0	0.0000	0
S	0.0029	0	0.0000	0
K	0.0057	0	0.0000	0
T	0.0046	0	0.0000	0
P	0.0014	0	0.0000	0
S	0.0107	0	0.0000	0
P	0.0041	0	0.0000	0
K	0.0164	0	0.0001	0
D	0.0294	0	0.0001	0
</pre></body></html>