<html><head></head><body><pre style="word-wrap: break-word; white-space: pre-wrap;">&gt;Q16540
Amino Acid	probability_DNA	binary_DNA	probability_RNA	binary_RNA
M	0.2720	0	0.0019	0
A	0.0574	0	0.0003	0
R	0.0871	0	0.0005	0
N	0.0311	0	0.0002	0
V	0.0010	0	0.0000	0
V	0.0004	0	0.0000	0
Y	0.0120	0	0.0004	0
P	0.0023	0	0.0001	0
L	0.0004	0	0.0000	0
Y	0.0014	0	0.0000	0
R	0.0120	0	0.0002	0
L	0.0358	0	0.0004	0
G	0.0068	0	0.0001	0
G	0.0111	0	0.0001	0
P	0.0096	0	0.0000	0
Q	0.0613	0	0.0002	0
L	0.0050	0	0.0000	0
R	0.0534	0	0.0003	0
V	0.0011	0	0.0000	0
F	0.0144	0	0.0010	0
R	0.0020	0	0.0003	0
T	0.0024	0	0.0006	0
N	0.0457	0	0.0247	0
F	0.0032	0	0.0014	0
F	0.0028	0	0.0021	0
I	0.0010	0	0.0006	0
Q	0.0648	0	0.0598	0
L	0.0012	0	0.0003	0
V	0.0015	0	0.0005	0
R	0.1674	0	0.0823	0
P	0.1291	0	0.0438	0
G	0.1118	0	0.0366	0
V	0.0157	0	0.0049	0
A	0.0186	0	0.0137	0
Q	0.0293	0	0.0196	0
P	0.0305	0	0.0207	0
E	0.1395	0	0.0813	0
D	0.4186	1	0.1926	1
T	0.4851	1	0.1031	0
V	0.0410	0	0.0019	0
Q	0.3847	1	0.0202	0
F	0.0048	0	0.0000	0
R	0.0321	0	0.0007	0
I	0.0087	0	0.0001	0
P	0.1396	0	0.0017	0
M	0.0527	0	0.0003	0
E	0.1257	0	0.0013	0
M	0.0010	0	0.0000	0
T	0.0716	0	0.0030	0
R	0.7652	1	0.0303	0
V	0.0257	0	0.0001	0
D	0.0074	0	0.0000	0
L	0.0014	0	0.0000	0
R	0.1190	0	0.0010	0
N	0.0019	0	0.0000	0
Y	0.0001	0	0.0000	0
L	0.0002	0	0.0000	0
E	0.0174	0	0.0000	0
G	0.0016	0	0.0000	0
I	0.0003	0	0.0000	0
Y	0.0103	0	0.0000	0
N	0.0006	0	0.0000	0
V	0.0002	0	0.0000	0
P	0.0036	0	0.0000	0
V	0.0012	0	0.0000	0
A	0.0174	0	0.0000	0
A	0.4559	1	0.0004	0
V	0.0115	0	0.0000	0
R	0.6691	1	0.0007	0
T	0.5814	1	0.0006	0
R	0.2692	0	0.0004	0
V	0.3485	0	0.0007	0
Q	0.5934	1	0.0007	0
H	0.5327	1	0.0014	0
G	0.2041	0	0.0005	0
S	0.7520	1	0.0012	0
N	0.4382	1	0.0006	0
K	0.7847	1	0.0005	0
R	0.8631	1	0.0001	0
R	0.3113	0	0.0000	0
D	0.7228	1	0.0000	0
H	0.7545	1	0.0000	0
R	0.8428	1	0.0000	0
N	0.5481	1	0.0000	0
V	0.3245	0	0.0000	0
R	0.7281	1	0.0000	0
I	0.2059	0	0.0000	0
K	0.8490	1	0.0000	0
K	0.5108	1	0.0001	0
P	0.3377	0	0.0001	0
D	0.0862	0	0.0000	0
Y	0.1382	0	0.0001	0
K	0.5832	1	0.0001	0
V	0.6213	1	0.0000	0
A	0.0057	0	0.0000	0
Y	0.4507	1	0.0000	0
V	0.0006	0	0.0000	0
Q	0.0082	0	0.0000	0
L	0.0007	0	0.0000	0
A	0.0051	0	0.0000	0
H	0.0030	0	0.0000	0
G	0.0030	0	0.0000	0
Q	0.0061	0	0.0000	0
T	0.0827	0	0.0000	0
F	0.0082	0	0.0000	0
T	0.0139	0	0.0000	0
F	0.0109	0	0.0000	0
P	0.0009	0	0.0000	0
D	0.0019	0	0.0000	0
L	0.0005	0	0.0000	0
F	0.0016	0	0.0000	0
P	0.0005	0	0.0000	0
E	0.0007	0	0.0000	0
K	0.0007	0	0.0000	0
D	0.0009	0	0.0000	0
E	0.0011	0	0.0000	0
S	0.0006	0	0.0000	0
P	0.0004	0	0.0000	0
E	0.0004	0	0.0000	0
G	0.0004	0	0.0000	0
S	0.0008	0	0.0000	0
A	0.0018	0	0.0000	0
A	0.0007	0	0.0000	0
D	0.0009	0	0.0000	0
D	0.0007	0	0.0000	0
L	0.0002	0	0.0000	0
Y	0.0014	0	0.0000	0
S	0.0003	0	0.0000	0
M	0.0001	0	0.0000	0
L	0.0001	0	0.0000	0
E	0.0001	0	0.0000	0
E	0.0001	0	0.0000	0
E	0.0002	0	0.0000	0
R	0.0002	0	0.0000	0
Q	0.0001	0	0.0000	0
Q	0.0001	0	0.0000	0
R	0.0008	0	0.0000	0
Q	0.0009	0	0.0000	0
S	0.0007	0	0.0000	0
S	0.0022	0	0.0000	0
D	0.0035	0	0.0000	0
P	0.0018	0	0.0000	0
R	0.0029	0	0.0000	0
R	0.0097	0	0.0000	0
G	0.0020	0	0.0000	0
G	0.0022	0	0.0000	0
V	0.0025	0	0.0000	0
P	0.0072	0	0.0000	0
S	0.0460	0	0.0001	0
W	0.0253	0	0.0000	0
F	0.0034	0	0.0000	0
G	0.0910	0	0.0002	0
L	0.0565	0	0.0000	0
</pre></body></html>