<html><head></head><body><pre style="word-wrap: break-word; white-space: pre-wrap;">&gt;O15516
Amino Acid	probability_DNA	binary_DNA	probability_RNA	binary_RNA
M	0.2613	0	0.0001	0
L	0.0393	0	0.0000	0
F	0.0060	0	0.0000	0
T	0.1569	0	0.0001	0
V	0.0010	0	0.0000	0
S	0.0194	0	0.0000	0
C	0.0061	0	0.0000	0
S	0.0033	0	0.0000	0
K	0.0028	0	0.0000	0
M	0.0014	0	0.0000	0
S	0.0084	0	0.0000	0
S	0.0172	0	0.0000	0
I	0.0474	0	0.0000	0
V	0.0520	0	0.0000	0
D	0.0117	0	0.0000	0
R	0.0149	0	0.0000	0
D	0.0046	0	0.0000	0
D	0.0068	0	0.0000	0
S	0.0211	0	0.0000	0
S	0.0312	0	0.0000	0
I	0.0033	0	0.0000	0
F	0.1123	0	0.0000	0
D	0.0274	0	0.0000	0
G	0.0231	0	0.0000	0
L	0.0599	0	0.0000	0
V	0.0267	0	0.0000	0
E	0.0121	0	0.0000	0
E	0.0036	0	0.0000	0
D	0.0046	0	0.0000	0
D	0.0147	0	0.0000	0
K	0.4258	1	0.0000	0
D	0.0729	0	0.0000	0
K	0.3796	1	0.0000	0
A	0.1977	0	0.0000	0
K	0.1713	0	0.0000	0
R	0.1256	0	0.0000	0
V	0.0336	0	0.0000	0
S	0.1793	0	0.0000	0
R	0.7971	1	0.0001	0
N	0.6415	1	0.0001	0
K	0.4077	1	0.0000	0
S	0.7175	1	0.0002	0
E	0.0862	0	0.0000	0
K	0.9410	1	0.0004	0
K	0.3039	0	0.0003	0
R	0.8679	1	0.0006	0
R	0.8629	1	0.0009	0
D	0.0948	0	0.0000	0
Q	0.4405	1	0.0018	0
F	0.0046	0	0.0000	0
N	0.4272	1	0.0057	0
V	0.0528	0	0.0001	0
L	0.0007	0	0.0000	0
I	0.0002	0	0.0000	0
K	0.0040	0	0.0000	0
E	0.0002	0	0.0000	0
L	0.0001	0	0.0000	0
G	0.0001	0	0.0000	0
S	0.0001	0	0.0000	0
M	0.0001	0	0.0000	0
L	0.0001	0	0.0000	0
P	0.0003	0	0.0000	0
G	0.0007	0	0.0000	0
N	0.0009	0	0.0000	0
A	0.0062	0	0.0003	0
R	0.0067	0	0.0001	0
K	0.0218	0	0.0002	0
M	0.0138	0	0.0001	0
D	0.3283	0	0.0037	0
K	0.7237	1	0.0024	0
S	0.0035	0	0.0000	0
T	0.0055	0	0.0000	0
V	0.0011	0	0.0000	0
L	0.0002	0	0.0000	0
Q	0.0141	0	0.0001	0
K	0.0005	0	0.0000	0
S	0.0001	0	0.0000	0
I	0.0001	0	0.0000	0
D	0.0005	0	0.0000	0
F	0.0074	0	0.0001	0
L	0.0002	0	0.0000	0
R	0.0415	0	0.0008	0
K	0.0039	0	0.0000	0
H	0.0039	0	0.0001	0
K	0.0022	0	0.0000	0
E	0.0002	0	0.0000	0
I	0.0003	0	0.0000	0
T	0.0008	0	0.0000	0
A	0.0004	0	0.0000	0
Q	0.0004	0	0.0000	0
S	0.0003	0	0.0000	0
D	0.0004	0	0.0000	0
A	0.0004	0	0.0000	0
S	0.0004	0	0.0000	0
E	0.0003	0	0.0000	0
I	0.0005	0	0.0000	0
R	0.0015	0	0.0000	0
Q	0.0005	0	0.0000	0
D	0.0013	0	0.0000	0
W	0.0122	0	0.0001	0
K	0.0167	0	0.0001	0
P	0.0115	0	0.0000	0
T	0.0092	0	0.0000	0
F	0.0005	0	0.0000	0
L	0.0003	0	0.0000	0
S	0.0019	0	0.0000	0
N	0.0011	0	0.0000	0
E	0.0007	0	0.0000	0
E	0.0005	0	0.0000	0
F	0.0003	0	0.0000	0
T	0.0044	0	0.0002	0
Q	0.0032	0	0.0001	0
L	0.0002	0	0.0000	0
M	0.0001	0	0.0000	0
L	0.0002	0	0.0000	0
E	0.0014	0	0.0000	0
A	0.0005	0	0.0000	0
L	0.0002	0	0.0000	0
D	0.0003	0	0.0000	0
G	0.0001	0	0.0000	0
F	0.0001	0	0.0000	0
F	0.0000	0	0.0000	0
L	0.0000	0	0.0000	0
A	0.0001	0	0.0000	0
I	0.0001	0	0.0000	0
M	0.0001	0	0.0000	0
T	0.0002	0	0.0000	0
D	0.0007	0	0.0000	0
G	0.0004	0	0.0000	0
S	0.0008	0	0.0000	0
I	0.0006	0	0.0000	0
I	0.0009	0	0.0000	0
Y	0.0071	0	0.0001	0
V	0.0011	0	0.0000	0
S	0.0344	0	0.0010	0
E	0.0143	0	0.0002	0
S	0.0297	0	0.0002	0
V	0.0097	0	0.0001	0
T	0.0038	0	0.0000	0
S	0.0017	0	0.0000	0
L	0.0002	0	0.0000	0
L	0.0001	0	0.0000	0
E	0.0006	0	0.0000	0
H	0.0011	0	0.0000	0
L	0.0015	0	0.0000	0
P	0.0106	0	0.0000	0
S	0.0004	0	0.0000	0
D	0.0002	0	0.0000	0
L	0.0001	0	0.0000	0
V	0.0002	0	0.0000	0
D	0.0002	0	0.0000	0
Q	0.0003	0	0.0000	0
S	0.0012	0	0.0000	0
I	0.0006	0	0.0000	0
F	0.0012	0	0.0000	0
N	0.0016	0	0.0000	0
F	0.0004	0	0.0000	0
I	0.0004	0	0.0000	0
P	0.0101	0	0.0001	0
E	0.0022	0	0.0000	0
G	0.0042	0	0.0000	0
E	0.0225	0	0.0001	0
H	0.0401	0	0.0002	0
S	0.0003	0	0.0000	0
E	0.0002	0	0.0000	0
V	0.0001	0	0.0000	0
Y	0.0004	0	0.0000	0
K	0.0001	0	0.0000	0
I	0.0001	0	0.0000	0
L	0.0001	0	0.0000	0
S	0.0004	0	0.0000	0
T	0.0009	0	0.0000	0
H	0.0004	0	0.0000	0
L	0.0001	0	0.0000	0
L	0.0001	0	0.0000	0
E	0.0020	0	0.0000	0
S	0.0014	0	0.0000	0
D	0.0042	0	0.0000	0
S	0.0025	0	0.0000	0
L	0.0036	0	0.0000	0
T	0.0013	0	0.0000	0
P	0.0022	0	0.0000	0
E	0.0020	0	0.0000	0
Y	0.0079	0	0.0000	0
L	0.0065	0	0.0000	0
K	0.0087	0	0.0000	0
S	0.0203	0	0.0001	0
K	0.0588	0	0.0003	0
N	0.1198	0	0.0004	0
Q	0.1373	0	0.0004	0
L	0.0739	0	0.0002	0
E	0.0407	0	0.0001	0
F	0.0273	0	0.0000	0
C	0.0017	0	0.0000	0
C	0.0003	0	0.0000	0
H	0.2151	0	0.0010	0
M	0.0075	0	0.0000	0
L	0.1404	0	0.0012	0
R	0.2506	0	0.0016	0
G	0.0440	0	0.0001	0
T	0.0414	0	0.0001	0
I	0.0030	0	0.0000	0
D	0.0005	0	0.0000	0
P	0.0009	0	0.0000	0
K	0.0004	0	0.0000	0
E	0.0004	0	0.0000	0
P	0.0004	0	0.0000	0
S	0.0005	0	0.0000	0
T	0.0002	0	0.0000	0
Y	0.0002	0	0.0000	0
E	0.0001	0	0.0000	0
Y	0.0002	0	0.0000	0
V	0.0001	0	0.0000	0
K	0.0002	0	0.0000	0
F	0.0002	0	0.0000	0
I	0.0023	0	0.0000	0
G	0.0007	0	0.0000	0
N	0.2043	0	0.0004	0
F	0.0064	0	0.0000	0
K	0.2586	0	0.0006	0
S	0.0032	0	0.0000	0
L	0.0107	0	0.0000	0
N	0.0111	0	0.0000	0
S	0.0086	0	0.0000	0
V	0.0026	0	0.0000	0
S	0.0296	0	0.0001	0
S	0.0074	0	0.0000	0
S	0.0105	0	0.0000	0
A	0.0018	0	0.0000	0
H	0.0151	0	0.0000	0
N	0.0120	0	0.0000	0
G	0.0045	0	0.0000	0
F	0.0116	0	0.0000	0
E	0.0140	0	0.0000	0
G	0.0028	0	0.0000	0
T	0.0105	0	0.0000	0
I	0.0009	0	0.0000	0
Q	0.0023	0	0.0000	0
R	0.0035	0	0.0000	0
T	0.0019	0	0.0000	0
H	0.0022	0	0.0000	0
R	0.0019	0	0.0000	0
P	0.0016	0	0.0000	0
S	0.0009	0	0.0000	0
Y	0.0032	0	0.0000	0
E	0.0012	0	0.0000	0
D	0.0034	0	0.0000	0
R	0.0026	0	0.0000	0
V	0.0003	0	0.0000	0
C	0.0002	0	0.0000	0
F	0.0021	0	0.0000	0
V	0.0001	0	0.0000	0
A	0.0001	0	0.0000	0
T	0.0002	0	0.0000	0
V	0.0002	0	0.0000	0
R	0.0036	0	0.0001	0
L	0.0010	0	0.0000	0
A	0.0033	0	0.0001	0
T	0.0509	0	0.0021	0
P	0.0708	0	0.0034	0
Q	0.1892	0	0.0107	0
F	0.0986	0	0.0015	0
I	0.0114	0	0.0001	0
K	0.1299	0	0.0032	0
E	0.0110	0	0.0001	0
M	0.0025	0	0.0000	0
C	0.0028	0	0.0000	0
T	0.0011	0	0.0000	0
V	0.0004	0	0.0000	0
E	0.0016	0	0.0000	0
E	0.0006	0	0.0000	0
P	0.0021	0	0.0000	0
N	0.0023	0	0.0000	0
E	0.0005	0	0.0000	0
E	0.0003	0	0.0000	0
F	0.0003	0	0.0000	0
T	0.0001	0	0.0000	0
S	0.0001	0	0.0000	0
R	0.0034	0	0.0000	0
H	0.0003	0	0.0000	0
S	0.0002	0	0.0000	0
L	0.0001	0	0.0000	0
E	0.0001	0	0.0000	0
W	0.0000	0	0.0000	0
K	0.0001	0	0.0000	0
F	0.0001	0	0.0000	0
L	0.0001	0	0.0000	0
F	0.0002	0	0.0000	0
L	0.0003	0	0.0000	0
D	0.0418	0	0.0045	0
H	0.0167	0	0.0010	0
R	0.1189	0	0.0081	0
A	0.0007	0	0.0000	0
P	0.0004	0	0.0000	0
P	0.0005	0	0.0000	0
I	0.0003	0	0.0000	0
I	0.0002	0	0.0000	0
G	0.0018	0	0.0000	0
Y	0.0010	0	0.0000	0
L	0.0001	0	0.0000	0
P	0.0002	0	0.0000	0
F	0.0001	0	0.0000	0
E	0.0002	0	0.0000	0
V	0.0002	0	0.0000	0
L	0.0005	0	0.0000	0
G	0.0004	0	0.0000	0
T	0.0017	0	0.0000	0
S	0.0013	0	0.0000	0
G	0.0008	0	0.0000	0
Y	0.0163	0	0.0003	0
D	0.0028	0	0.0000	0
Y	0.0004	0	0.0000	0
Y	0.0018	0	0.0000	0
H	0.0309	0	0.0002	0
V	0.0084	0	0.0000	0
D	0.0263	0	0.0001	0
D	0.0374	0	0.0004	0
L	0.0567	0	0.0008	0
E	0.0170	0	0.0001	0
N	0.0021	0	0.0000	0
L	0.0001	0	0.0000	0
A	0.0013	0	0.0000	0
K	0.0018	0	0.0000	0
C	0.0004	0	0.0000	0
H	0.0145	0	0.0000	0
E	0.0009	0	0.0000	0
H	0.0001	0	0.0000	0
L	0.0001	0	0.0000	0
M	0.0002	0	0.0000	0
Q	0.0006	0	0.0000	0
Y	0.0007	0	0.0000	0
G	0.0002	0	0.0000	0
K	0.0003	0	0.0000	0
G	0.0003	0	0.0000	0
K	0.0007	0	0.0000	0
S	0.0016	0	0.0000	0
C	0.0005	0	0.0000	0
Y	0.0005	0	0.0000	0
Y	0.0005	0	0.0000	0
R	0.0731	0	0.0002	0
F	0.0003	0	0.0000	0
L	0.0153	0	0.0000	0
T	0.0043	0	0.0000	0
K	0.0304	0	0.0003	0
G	0.0045	0	0.0001	0
Q	0.0034	0	0.0001	0
Q	0.0025	0	0.0001	0
W	0.0051	0	0.0005	0
I	0.0017	0	0.0001	0
W	0.0085	0	0.0007	0
L	0.0003	0	0.0000	0
Q	0.0109	0	0.0009	0
T	0.0025	0	0.0001	0
H	0.0024	0	0.0001	0
Y	0.0019	0	0.0001	0
Y	0.0477	0	0.0030	0
I	0.0010	0	0.0000	0
T	0.0009	0	0.0000	0
Y	0.0248	0	0.0014	0
H	0.0521	0	0.0052	0
Q	0.0286	0	0.0018	0
W	0.1205	0	0.0219	0
N	0.2284	0	0.0477	0
S	0.1380	0	0.0151	0
R	0.3327	0	0.0312	0
P	0.0106	0	0.0002	0
E	0.0296	0	0.0004	0
F	0.0173	0	0.0002	0
I	0.0098	0	0.0002	0
V	0.0012	0	0.0000	0
C	0.0053	0	0.0001	0
T	0.0416	0	0.0011	0
H	0.1120	0	0.0032	0
T	0.0508	0	0.0014	0
V	0.0032	0	0.0000	0
V	0.0011	0	0.0000	0
S	0.0013	0	0.0000	0
Y	0.0014	0	0.0000	0
A	0.0056	0	0.0001	0
E	0.0007	0	0.0000	0
V	0.0003	0	0.0000	0
R	0.0004	0	0.0000	0
A	0.0002	0	0.0000	0
E	0.0004	0	0.0000	0
R	0.0005	0	0.0000	0
R	0.0008	0	0.0000	0
R	0.0024	0	0.0000	0
E	0.0042	0	0.0000	0
L	0.0011	0	0.0000	0
G	0.0005	0	0.0000	0
I	0.0005	0	0.0000	0
E	0.0008	0	0.0000	0
E	0.0003	0	0.0000	0
S	0.0002	0	0.0000	0
L	0.0001	0	0.0000	0
P	0.0002	0	0.0000	0
E	0.0002	0	0.0000	0
T	0.0003	0	0.0000	0
A	0.0005	0	0.0000	0
A	0.0004	0	0.0000	0
D	0.0006	0	0.0000	0
K	0.0024	0	0.0000	0
S	0.0026	0	0.0000	0
Q	0.0015	0	0.0000	0
D	0.0019	0	0.0000	0
S	0.0043	0	0.0000	0
G	0.0158	0	0.0000	0
S	0.0074	0	0.0000	0
D	0.0033	0	0.0000	0
N	0.0031	0	0.0000	0
R	0.0015	0	0.0000	0
I	0.0003	0	0.0000	0
N	0.0002	0	0.0000	0
T	0.0003	0	0.0000	0
V	0.0003	0	0.0000	0
S	0.0003	0	0.0000	0
L	0.0003	0	0.0000	0
K	0.0007	0	0.0000	0
E	0.0009	0	0.0000	0
A	0.0014	0	0.0000	0
L	0.0007	0	0.0000	0
E	0.0004	0	0.0000	0
R	0.0012	0	0.0000	0
F	0.0012	0	0.0000	0
D	0.0021	0	0.0000	0
H	0.0059	0	0.0000	0
S	0.0023	0	0.0000	0
P	0.0039	0	0.0000	0
T	0.0062	0	0.0000	0
P	0.0081	0	0.0000	0
S	0.0847	0	0.0001	0
A	0.0646	0	0.0000	0
S	0.2135	0	0.0002	0
S	0.3503	1	0.0001	0
R	0.2538	0	0.0001	0
S	0.2102	0	0.0001	0
S	0.0810	0	0.0000	0
R	0.1182	0	0.0001	0
K	0.1214	0	0.0000	0
S	0.1592	0	0.0001	0
S	0.0848	0	0.0000	0
H	0.0205	0	0.0000	0
T	0.0059	0	0.0000	0
A	0.0018	0	0.0000	0
V	0.0016	0	0.0000	0
S	0.0057	0	0.0000	0
D	0.0028	0	0.0000	0
P	0.0032	0	0.0000	0
S	0.0014	0	0.0000	0
S	0.0015	0	0.0000	0
T	0.0045	0	0.0000	0
P	0.0011	0	0.0000	0
T	0.0013	0	0.0000	0
K	0.0035	0	0.0000	0
I	0.0012	0	0.0000	0
P	0.0016	0	0.0000	0
T	0.0014	0	0.0000	0
D	0.0039	0	0.0000	0
T	0.0044	0	0.0000	0
S	0.0045	0	0.0000	0
T	0.0017	0	0.0000	0
P	0.0008	0	0.0000	0
P	0.0005	0	0.0000	0
R	0.0038	0	0.0000	0
Q	0.0028	0	0.0000	0
H	0.0042	0	0.0000	0
L	0.0004	0	0.0000	0
P	0.0004	0	0.0000	0
A	0.0004	0	0.0000	0
H	0.0005	0	0.0000	0
E	0.0008	0	0.0000	0
K	0.0019	0	0.0000	0
M	0.0034	0	0.0000	0
V	0.0125	0	0.0000	0
Q	0.0151	0	0.0000	0
R	0.0427	0	0.0000	0
R	0.0563	0	0.0000	0
S	0.2596	0	0.0003	0
S	0.2311	0	0.0002	0
F	0.0286	0	0.0000	0
S	0.0752	0	0.0000	0
S	0.0780	0	0.0000	0
Q	0.0170	0	0.0000	0
S	0.0070	0	0.0000	0
I	0.0006	0	0.0000	0
N	0.0013	0	0.0000	0
S	0.0008	0	0.0000	0
Q	0.0011	0	0.0000	0
S	0.0007	0	0.0000	0
V	0.0002	0	0.0000	0
G	0.0002	0	0.0000	0
S	0.0001	0	0.0000	0
S	0.0000	0	0.0000	0
L	0.0000	0	0.0000	0
T	0.0001	0	0.0000	0
Q	0.0001	0	0.0000	0
P	0.0001	0	0.0000	0
V	0.0000	0	0.0000	0
M	0.0000	0	0.0000	0
S	0.0001	0	0.0000	0
Q	0.0001	0	0.0000	0
A	0.0001	0	0.0000	0
T	0.0001	0	0.0000	0
N	0.0001	0	0.0000	0
L	0.0001	0	0.0000	0
P	0.0001	0	0.0000	0
I	0.0001	0	0.0000	0
P	0.0001	0	0.0000	0
Q	0.0001	0	0.0000	0
G	0.0001	0	0.0000	0
M	0.0001	0	0.0000	0
S	0.0001	0	0.0000	0
Q	0.0002	0	0.0000	0
F	0.0001	0	0.0000	0
Q	0.0002	0	0.0000	0
F	0.0003	0	0.0000	0
S	0.0008	0	0.0000	0
A	0.0005	0	0.0000	0
Q	0.0016	0	0.0000	0
L	0.0001	0	0.0000	0
G	0.0001	0	0.0000	0
A	0.0001	0	0.0000	0
M	0.0001	0	0.0000	0
Q	0.0003	0	0.0000	0
H	0.0007	0	0.0000	0
L	0.0002	0	0.0000	0
K	0.0013	0	0.0000	0
D	0.0003	0	0.0000	0
Q	0.0002	0	0.0000	0
L	0.0002	0	0.0000	0
E	0.0031	0	0.0000	0
Q	0.0045	0	0.0000	0
R	0.0095	0	0.0000	0
T	0.0034	0	0.0000	0
R	0.0029	0	0.0000	0
M	0.0005	0	0.0000	0
I	0.0001	0	0.0000	0
E	0.0004	0	0.0000	0
A	0.0001	0	0.0000	0
N	0.0001	0	0.0000	0
I	0.0001	0	0.0000	0
H	0.0001	0	0.0000	0
R	0.0002	0	0.0000	0
Q	0.0002	0	0.0000	0
Q	0.0003	0	0.0000	0
E	0.0002	0	0.0000	0
E	0.0001	0	0.0000	0
L	0.0001	0	0.0000	0
R	0.0019	0	0.0000	0
K	0.0002	0	0.0000	0
I	0.0000	0	0.0000	0
Q	0.0002	0	0.0000	0
E	0.0001	0	0.0000	0
Q	0.0001	0	0.0000	0
L	0.0000	0	0.0000	0
Q	0.0000	0	0.0000	0
M	0.0000	0	0.0000	0
V	0.0000	0	0.0000	0
H	0.0001	0	0.0000	0
G	0.0001	0	0.0000	0
Q	0.0001	0	0.0000	0
G	0.0003	0	0.0000	0
L	0.0002	0	0.0000	0
Q	0.0006	0	0.0000	0
M	0.0003	0	0.0000	0
F	0.0001	0	0.0000	0
L	0.0001	0	0.0000	0
Q	0.0002	0	0.0000	0
Q	0.0001	0	0.0000	0
S	0.0001	0	0.0000	0
N	0.0000	0	0.0000	0
P	0.0001	0	0.0000	0
G	0.0001	0	0.0000	0
L	0.0002	0	0.0000	0
N	0.0037	0	0.0000	0
F	0.0008	0	0.0000	0
G	0.0136	0	0.0001	0
S	0.0296	0	0.0002	0
V	0.0033	0	0.0000	0
Q	0.0036	0	0.0000	0
L	0.0012	0	0.0000	0
S	0.0007	0	0.0000	0
S	0.0004	0	0.0000	0
G	0.0004	0	0.0000	0
N	0.0004	0	0.0000	0
S	0.0005	0	0.0000	0
S	0.0003	0	0.0000	0
N	0.0003	0	0.0000	0
I	0.0005	0	0.0000	0
Q	0.0007	0	0.0000	0
Q	0.0004	0	0.0000	0
L	0.0007	0	0.0000	0
A	0.0005	0	0.0000	0
P	0.0006	0	0.0000	0
I	0.0006	0	0.0000	0
N	0.0007	0	0.0000	0
M	0.0009	0	0.0000	0
Q	0.0143	0	0.0001	0
G	0.0038	0	0.0000	0
Q	0.0025	0	0.0000	0
V	0.0003	0	0.0000	0
V	0.0004	0	0.0000	0
P	0.0009	0	0.0000	0
T	0.0008	0	0.0000	0
N	0.0005	0	0.0000	0
Q	0.0002	0	0.0000	0
I	0.0001	0	0.0000	0
Q	0.0001	0	0.0000	0
S	0.0002	0	0.0000	0
G	0.0001	0	0.0000	0
M	0.0001	0	0.0000	0
N	0.0001	0	0.0000	0
T	0.0002	0	0.0000	0
G	0.0001	0	0.0000	0
H	0.0003	0	0.0000	0
I	0.0002	0	0.0000	0
G	0.0001	0	0.0000	0
T	0.0004	0	0.0000	0
T	0.0004	0	0.0000	0
Q	0.0015	0	0.0000	0
H	0.0010	0	0.0000	0
M	0.0002	0	0.0000	0
I	0.0002	0	0.0000	0
Q	0.0012	0	0.0000	0
Q	0.0005	0	0.0000	0
Q	0.0007	0	0.0000	0
T	0.0006	0	0.0000	0
L	0.0009	0	0.0000	0
Q	0.0153	0	0.0000	0
S	0.0098	0	0.0000	0
T	0.0345	0	0.0000	0
S	0.0355	0	0.0000	0
T	0.0273	0	0.0000	0
Q	0.2308	0	0.0005	0
S	0.1909	0	0.0003	0
Q	0.5235	1	0.0006	0
Q	0.6353	1	0.0004	0
N	0.2514	0	0.0001	0
V	0.0062	0	0.0000	0
L	0.0138	0	0.0000	0
S	0.0060	0	0.0000	0
G	0.0036	0	0.0000	0
H	0.0043	0	0.0000	0
S	0.0011	0	0.0000	0
Q	0.0008	0	0.0000	0
Q	0.0006	0	0.0000	0
T	0.0003	0	0.0000	0
S	0.0001	0	0.0000	0
L	0.0001	0	0.0000	0
P	0.0001	0	0.0000	0
S	0.0001	0	0.0000	0
Q	0.0002	0	0.0000	0
T	0.0006	0	0.0000	0
Q	0.0012	0	0.0000	0
S	0.0007	0	0.0000	0
T	0.0004	0	0.0000	0
L	0.0002	0	0.0000	0
T	0.0004	0	0.0000	0
A	0.0002	0	0.0000	0
P	0.0002	0	0.0000	0
L	0.0001	0	0.0000	0
Y	0.0025	0	0.0002	0
N	0.0102	0	0.0007	0
T	0.0031	0	0.0001	0
M	0.0025	0	0.0001	0
V	0.0042	0	0.0001	0
I	0.0022	0	0.0000	0
S	0.0027	0	0.0002	0
Q	0.0031	0	0.0002	0
P	0.0054	0	0.0003	0
A	0.0009	0	0.0000	0
A	0.0003	0	0.0000	0
G	0.0002	0	0.0000	0
S	0.0002	0	0.0000	0
M	0.0001	0	0.0000	0
V	0.0001	0	0.0000	0
Q	0.0002	0	0.0000	0
I	0.0001	0	0.0000	0
P	0.0006	0	0.0000	0
S	0.0009	0	0.0000	0
S	0.0002	0	0.0000	0
M	0.0001	0	0.0000	0
P	0.0001	0	0.0000	0
Q	0.0006	0	0.0000	0
N	0.0008	0	0.0000	0
S	0.0008	0	0.0000	0
T	0.0017	0	0.0000	0
Q	0.0027	0	0.0000	0
S	0.0010	0	0.0000	0
A	0.0008	0	0.0000	0
A	0.0006	0	0.0000	0
V	0.0006	0	0.0000	0
T	0.0004	0	0.0000	0
T	0.0005	0	0.0000	0
F	0.0010	0	0.0000	0
T	0.0217	0	0.0009	0
Q	0.0358	0	0.0009	0
D	0.0068	0	0.0001	0
R	0.0012	0	0.0000	0
Q	0.0008	0	0.0000	0
I	0.0001	0	0.0000	0
R	0.0007	0	0.0000	0
F	0.0003	0	0.0000	0
S	0.0001	0	0.0000	0
Q	0.0004	0	0.0000	0
G	0.0007	0	0.0000	0
Q	0.0016	0	0.0000	0
Q	0.0046	0	0.0000	0
L	0.0002	0	0.0000	0
V	0.0007	0	0.0000	0
T	0.0008	0	0.0000	0
K	0.0010	0	0.0000	0
L	0.0002	0	0.0000	0
V	0.0002	0	0.0000	0
T	0.0002	0	0.0000	0
A	0.0001	0	0.0000	0
P	0.0002	0	0.0000	0
V	0.0001	0	0.0000	0
A	0.0001	0	0.0000	0
C	0.0001	0	0.0000	0
G	0.0001	0	0.0000	0
A	0.0001	0	0.0000	0
V	0.0001	0	0.0000	0
M	0.0003	0	0.0000	0
V	0.0002	0	0.0000	0
P	0.0016	0	0.0000	0
S	0.0016	0	0.0000	0
T	0.0017	0	0.0000	0
M	0.0009	0	0.0000	0
L	0.0016	0	0.0000	0
M	0.0020	0	0.0000	0
G	0.0049	0	0.0000	0
Q	0.0039	0	0.0000	0
V	0.0004	0	0.0000	0
V	0.0003	0	0.0000	0
T	0.0003	0	0.0000	0
A	0.0001	0	0.0000	0
Y	0.0005	0	0.0000	0
P	0.0003	0	0.0000	0
T	0.0002	0	0.0000	0
F	0.0003	0	0.0000	0
A	0.0002	0	0.0000	0
T	0.0001	0	0.0000	0
Q	0.0002	0	0.0000	0
Q	0.0002	0	0.0000	0
Q	0.0001	0	0.0000	0
Q	0.0000	0	0.0000	0
S	0.0001	0	0.0000	0
Q	0.0002	0	0.0000	0
T	0.0001	0	0.0000	0
L	0.0001	0	0.0000	0
S	0.0003	0	0.0000	0
V	0.0002	0	0.0000	0
T	0.0002	0	0.0000	0
Q	0.0002	0	0.0000	0
Q	0.0002	0	0.0000	0
Q	0.0001	0	0.0000	0
Q	0.0001	0	0.0000	0
Q	0.0001	0	0.0000	0
Q	0.0001	0	0.0000	0
S	0.0001	0	0.0000	0
S	0.0001	0	0.0000	0
Q	0.0001	0	0.0000	0
E	0.0001	0	0.0000	0
Q	0.0001	0	0.0000	0
Q	0.0001	0	0.0000	0
L	0.0001	0	0.0000	0
T	0.0001	0	0.0000	0
S	0.0001	0	0.0000	0
V	0.0001	0	0.0000	0
Q	0.0002	0	0.0000	0
Q	0.0001	0	0.0000	0
P	0.0001	0	0.0000	0
S	0.0001	0	0.0000	0
Q	0.0001	0	0.0000	0
A	0.0000	0	0.0000	0
Q	0.0000	0	0.0000	0
L	0.0000	0	0.0000	0
T	0.0001	0	0.0000	0
Q	0.0002	0	0.0000	0
P	0.0002	0	0.0000	0
P	0.0003	0	0.0000	0
Q	0.0007	0	0.0000	0
Q	0.0005	0	0.0000	0
F	0.0003	0	0.0000	0
L	0.0002	0	0.0000	0
Q	0.0033	0	0.0000	0
T	0.0011	0	0.0000	0
S	0.0007	0	0.0000	0
R	0.0040	0	0.0000	0
L	0.0002	0	0.0000	0
L	0.0001	0	0.0000	0
H	0.0019	0	0.0001	0
G	0.0009	0	0.0000	0
N	0.0005	0	0.0000	0
P	0.0005	0	0.0000	0
S	0.0006	0	0.0000	0
T	0.0002	0	0.0000	0
Q	0.0003	0	0.0000	0
L	0.0001	0	0.0000	0
I	0.0000	0	0.0000	0
L	0.0001	0	0.0000	0
S	0.0003	0	0.0000	0
A	0.0003	0	0.0000	0
A	0.0003	0	0.0000	0
F	0.0001	0	0.0000	0
P	0.0001	0	0.0000	0
L	0.0001	0	0.0000	0
Q	0.0048	0	0.0001	0
Q	0.0014	0	0.0000	0
S	0.0026	0	0.0000	0
T	0.0043	0	0.0001	0
F	0.0022	0	0.0000	0
P	0.0046	0	0.0001	0
Q	0.0074	0	0.0001	0
S	0.0034	0	0.0001	0
H	0.0010	0	0.0000	0
H	0.0033	0	0.0001	0
Q	0.0054	0	0.0001	0
Q	0.0019	0	0.0000	0
H	0.0029	0	0.0000	0
Q	0.0006	0	0.0000	0
S	0.0009	0	0.0000	0
Q	0.0018	0	0.0002	0
Q	0.0027	0	0.0006	0
Q	0.0081	0	0.0018	0
Q	0.0063	0	0.0012	0
Q	0.0172	0	0.0015	0
L	0.0050	0	0.0004	0
S	0.0043	0	0.0002	0
R	0.0319	0	0.0015	0
H	0.0480	0	0.0009	0
R	0.0869	0	0.0010	0
T	0.0021	0	0.0000	0
D	0.0026	0	0.0000	0
S	0.0064	0	0.0000	0
L	0.0080	0	0.0001	0
P	0.0305	0	0.0005	0
D	0.0017	0	0.0000	0
P	0.0024	0	0.0001	0
S	0.0021	0	0.0000	0
K	0.0043	0	0.0000	0
V	0.0012	0	0.0000	0
Q	0.0067	0	0.0000	0
P	0.0040	0	0.0000	0
Q	0.0433	0	0.0002	0
</pre></body></html>