<html><head></head><body><pre style="word-wrap: break-word; white-space: pre-wrap;">&gt;P27001
Amino Acid	probability_DNA	binary_DNA	probability_RNA	binary_RNA
M	0.0358	0	0.0000	0
L	0.0033	0	0.0000	0
E	0.0013	0	0.0000	0
E	0.0006	0	0.0000	0
A	0.0001	0	0.0000	0
L	0.0006	0	0.0000	0
A	0.0004	0	0.0000	0
A	0.0002	0	0.0000	0
I	0.0003	0	0.0000	0
Q	0.0005	0	0.0000	0
N	0.0006	0	0.0000	0
A	0.0004	0	0.0000	0
R	0.0026	0	0.0000	0
D	0.0029	0	0.0000	0
L	0.0046	0	0.0000	0
E	0.0015	0	0.0000	0
E	0.0005	0	0.0000	0
L	0.0021	0	0.0000	0
K	0.0043	0	0.0000	0
A	0.0006	0	0.0000	0
L	0.0009	0	0.0000	0
K	0.1354	0	0.0000	0
A	0.0521	0	0.0000	0
R	0.1873	0	0.0000	0
Y	0.1041	0	0.0000	0
L	0.1499	0	0.0000	0
G	0.0930	0	0.0000	0
K	0.6733	1	0.0000	0
K	0.8366	1	0.0000	0
G	0.3680	1	0.0000	0
L	0.0192	0	0.0000	0
L	0.1833	0	0.0000	0
T	0.4086	1	0.0000	0
Q	0.0658	0	0.0000	0
E	0.0126	0	0.0000	0
M	0.1739	0	0.0000	0
K	0.4692	1	0.0000	0
G	0.0488	0	0.0000	0
L	0.0438	0	0.0000	0
S	0.3984	1	0.0000	0
A	0.0198	0	0.0000	0
L	0.0018	0	0.0000	0
P	0.0017	0	0.0000	0
L	0.0032	0	0.0000	0
E	0.0020	0	0.0000	0
E	0.0070	0	0.0000	0
R	0.4754	1	0.0000	0
R	0.3953	1	0.0000	0
K	0.0799	0	0.0000	0
R	0.1803	0	0.0000	0
G	0.3002	0	0.0000	0
Q	0.0784	0	0.0000	0
E	0.0255	0	0.0000	0
L	0.0324	0	0.0000	0
N	0.2073	0	0.0000	0
A	0.0028	0	0.0000	0
I	0.0024	0	0.0000	0
K	0.4711	1	0.0000	0
A	0.0051	0	0.0000	0
A	0.0017	0	0.0000	0
L	0.0043	0	0.0000	0
E	0.0027	0	0.0000	0
A	0.0009	0	0.0000	0
A	0.0007	0	0.0000	0
L	0.0016	0	0.0000	0
E	0.0010	0	0.0000	0
A	0.0007	0	0.0000	0
R	0.0147	0	0.0000	0
E	0.0029	0	0.0000	0
K	0.0011	0	0.0000	0
A	0.0005	0	0.0000	0
L	0.0003	0	0.0000	0
E	0.0017	0	0.0000	0
E	0.0005	0	0.0000	0
A	0.0010	0	0.0000	0
A	0.0009	0	0.0000	0
L	0.0009	0	0.0000	0
K	0.0016	0	0.0000	0
E	0.0019	0	0.0000	0
A	0.0284	0	0.0000	0
L	0.0458	0	0.0000	0
E	0.0039	0	0.0000	0
R	0.0076	0	0.0000	0
E	0.0259	0	0.0000	0
R	0.0955	0	0.0000	0
V	0.0217	0	0.0000	0
D	0.1697	0	0.0000	0
V	0.3954	1	0.0000	0
S	0.3721	1	0.0000	0
L	0.1027	0	0.0000	0
P	0.0105	0	0.0000	0
G	0.0082	0	0.0000	0
A	0.0222	0	0.0000	0
S	0.0163	0	0.0000	0
L	0.1586	0	0.0000	0
F	0.3297	0	0.0000	0
S	0.4142	1	0.0000	0
G	0.4249	1	0.0000	0
G	0.8648	1	0.0000	0
L	0.8017	1	0.0000	0
H	0.9685	1	0.0000	0
P	0.0432	0	0.0000	0
I	0.0726	0	0.0000	0
T	0.0441	0	0.0000	0
L	0.0018	0	0.0000	0
M	0.0003	0	0.0000	0
E	0.0028	0	0.0000	0
R	0.0010	0	0.0000	0
E	0.0007	0	0.0000	0
L	0.0003	0	0.0000	0
V	0.0022	0	0.0000	0
E	0.0010	0	0.0000	0
I	0.0002	0	0.0000	0
F	0.0006	0	0.0000	0
R	0.0056	0	0.0000	0
A	0.0030	0	0.0000	0
L	0.0007	0	0.0000	0
G	0.0019	0	0.0000	0
Y	0.0023	0	0.0000	0
Q	0.0003	0	0.0000	0
A	0.0002	0	0.0000	0
V	0.0002	0	0.0000	0
E	0.0004	0	0.0000	0
G	0.0002	0	0.0000	0
P	0.0002	0	0.0000	0
E	0.0003	0	0.0000	0
V	0.0002	0	0.0000	0
E	0.0093	0	0.0000	0
S	0.0023	0	0.0000	0
E	0.0014	0	0.0000	0
F	0.0005	0	0.0000	0
F	0.0001	0	0.0000	0
N	0.0002	0	0.0000	0
F	0.0004	0	0.0000	0
D	0.0004	0	0.0000	0
A	0.0001	0	0.0000	0
L	0.0005	0	0.0000	0
N	0.0006	0	0.0000	0
I	0.0004	0	0.0000	0
P	0.0010	0	0.0000	0
E	0.0032	0	0.0000	0
H	0.0125	0	0.0000	0
H	0.1813	0	0.0001	0
P	0.0043	0	0.0000	0
A	0.0011	0	0.0000	0
R	0.0244	0	0.0000	0
D	0.0344	0	0.0000	0
M	0.0144	0	0.0000	0
W	0.0260	0	0.0000	0
D	0.1359	0	0.0000	0
T	0.0247	0	0.0000	0
F	0.0031	0	0.0000	0
W	0.0302	0	0.0000	0
L	0.0011	0	0.0000	0
T	0.0165	0	0.0000	0
G	0.0320	0	0.0000	0
E	0.0890	0	0.0000	0
G	0.0927	0	0.0000	0
F	0.0199	0	0.0000	0
R	0.0163	0	0.0000	0
L	0.0064	0	0.0000	0
E	0.0103	0	0.0000	0
G	0.0097	0	0.0000	0
P	0.0106	0	0.0000	0
L	0.1188	0	0.0000	0
G	0.0774	0	0.0000	0
E	0.0089	0	0.0000	0
E	0.0135	0	0.0000	0
V	0.0149	0	0.0000	0
E	0.0352	0	0.0000	0
G	0.0674	0	0.0000	0
R	0.1474	0	0.0000	0
L	0.1483	0	0.0000	0
L	0.0134	0	0.0000	0
L	0.0039	0	0.0000	0
R	0.4991	1	0.0000	0
T	0.0442	0	0.0000	0
H	0.3686	1	0.0000	0
T	0.2164	0	0.0000	0
S	0.2824	0	0.0000	0
P	0.2217	0	0.0000	0
M	0.2880	0	0.0000	0
Q	0.2651	0	0.0000	0
V	0.0311	0	0.0000	0
R	0.4196	1	0.0000	0
Y	0.0212	0	0.0000	0
M	0.0020	0	0.0000	0
V	0.0116	0	0.0000	0
A	0.0060	0	0.0000	0
H	0.0069	0	0.0000	0
T	0.0021	0	0.0000	0
P	0.0020	0	0.0000	0
P	0.0088	0	0.0000	0
F	0.0025	0	0.0000	0
R	0.0244	0	0.0000	0
I	0.0034	0	0.0000	0
V	0.0057	0	0.0000	0
V	0.0596	0	0.0000	0
P	0.1702	0	0.0000	0
G	0.3532	1	0.0000	0
R	0.4333	1	0.0000	0
V	0.0786	0	0.0000	0
F	0.3217	0	0.0000	0
R	0.6513	1	0.0000	0
F	0.5508	1	0.0000	0
E	0.4399	1	0.0000	0
Q	0.5223	1	0.0000	0
T	0.2036	0	0.0000	0
D	0.4564	1	0.0000	0
A	0.5804	1	0.0000	0
T	0.5061	1	0.0000	0
H	0.4683	1	0.0000	0
E	0.0141	0	0.0000	0
A	0.0012	0	0.0000	0
V	0.0014	0	0.0000	0
F	0.0085	0	0.0000	0
H	0.0112	0	0.0000	0
Q	0.1034	0	0.0000	0
L	0.0042	0	0.0000	0
E	0.0312	0	0.0000	0
G	0.0015	0	0.0000	0
L	0.0003	0	0.0000	0
V	0.0004	0	0.0000	0
V	0.0007	0	0.0000	0
G	0.0031	0	0.0000	0
E	0.0181	0	0.0000	0
G	0.0456	0	0.0000	0
I	0.0089	0	0.0000	0
A	0.0218	0	0.0000	0
M	0.0725	0	0.0000	0
A	0.0068	0	0.0000	0
H	0.0051	0	0.0000	0
L	0.0003	0	0.0000	0
K	0.0104	0	0.0000	0
G	0.0005	0	0.0000	0
A	0.0002	0	0.0000	0
I	0.0001	0	0.0000	0
Y	0.0037	0	0.0000	0
E	0.0008	0	0.0000	0
L	0.0001	0	0.0000	0
A	0.0001	0	0.0000	0
Q	0.0002	0	0.0000	0
A	0.0003	0	0.0000	0
L	0.0001	0	0.0000	0
F	0.0001	0	0.0000	0
G	0.0001	0	0.0000	0
P	0.0002	0	0.0000	0
D	0.0003	0	0.0000	0
S	0.0002	0	0.0000	0
K	0.0005	0	0.0000	0
V	0.0002	0	0.0000	0
R	0.0110	0	0.0000	0
F	0.0011	0	0.0000	0
Q	0.2007	0	0.0000	0
P	0.0059	0	0.0000	0
V	0.0178	0	0.0000	0
Y	0.5454	1	0.0000	0
F	0.0732	0	0.0000	0
P	0.0086	0	0.0000	0
F	0.0595	0	0.0000	0
V	0.0232	0	0.0000	0
E	0.1036	0	0.0000	0
P	0.0032	0	0.0000	0
G	0.0195	0	0.0000	0
A	0.0023	0	0.0000	0
Q	0.0343	0	0.0000	0
F	0.0020	0	0.0000	0
A	0.0403	0	0.0000	0
V	0.0050	0	0.0000	0
W	0.2026	0	0.0000	0
W	0.0363	0	0.0000	0
P	0.0364	0	0.0000	0
E	0.0127	0	0.0000	0
G	0.0057	0	0.0000	0
G	0.0017	0	0.0000	0
K	0.0019	0	0.0000	0
W	0.0277	0	0.0000	0
L	0.0017	0	0.0000	0
E	0.1247	0	0.0000	0
L	0.0065	0	0.0000	0
G	0.0032	0	0.0000	0
G	0.0082	0	0.0000	0
A	0.0008	0	0.0000	0
G	0.0012	0	0.0000	0
M	0.0026	0	0.0000	0
V	0.0035	0	0.0000	0
H	0.5234	1	0.0000	0
P	0.0511	0	0.0000	0
K	0.0311	0	0.0000	0
V	0.0025	0	0.0000	0
F	0.0019	0	0.0000	0
Q	0.0099	0	0.0000	0
A	0.0022	0	0.0000	0
V	0.0006	0	0.0000	0
D	0.0004	0	0.0000	0
A	0.0040	0	0.0000	0
Y	0.0021	0	0.0000	0
R	0.0017	0	0.0000	0
E	0.0040	0	0.0000	0
R	0.0080	0	0.0000	0
L	0.0034	0	0.0000	0
G	0.0103	0	0.0000	0
L	0.0100	0	0.0000	0
P	0.0360	0	0.0000	0
P	0.0201	0	0.0000	0
A	0.0084	0	0.0000	0
Y	0.0059	0	0.0000	0
R	0.0245	0	0.0000	0
G	0.0149	0	0.0000	0
V	0.0548	0	0.0000	0
T	0.0153	0	0.0000	0
G	0.0103	0	0.0000	0
F	0.0049	0	0.0000	0
A	0.1493	0	0.0000	0
F	0.0289	0	0.0000	0
G	0.0121	0	0.0000	0
L	0.0068	0	0.0000	0
G	0.0402	0	0.0000	0
V	0.0166	0	0.0000	0
E	0.2046	0	0.0000	0
R	0.5034	1	0.0000	0
L	0.0013	0	0.0000	0
A	0.0004	0	0.0000	0
M	0.0035	0	0.0000	0
L	0.0004	0	0.0000	0
R	0.0022	0	0.0000	0
Y	0.0021	0	0.0000	0
G	0.0012	0	0.0000	0
I	0.0012	0	0.0000	0
P	0.0018	0	0.0000	0
D	0.0088	0	0.0000	0
I	0.0016	0	0.0000	0
R	0.0953	0	0.0000	0
Y	0.0011	0	0.0000	0
F	0.0008	0	0.0000	0
F	0.0204	0	0.0000	0
G	0.0039	0	0.0000	0
G	0.0449	0	0.0000	0
R	0.0478	0	0.0000	0
L	0.0032	0	0.0000	0
K	0.2918	0	0.0000	0
F	0.0095	0	0.0000	0
L	0.0031	0	0.0000	0
E	0.0045	0	0.0000	0
Q	0.0100	0	0.0000	0
F	0.0006	0	0.0000	0
K	0.0042	0	0.0000	0
G	0.0036	0	0.0000	0
V	0.0027	0	0.0000	0
L	0.0082	0	0.0000	0
</pre></body></html>