<html><head></head><body><pre style="word-wrap: break-word; white-space: pre-wrap;">&gt;P27002
Amino Acid	probability_DNA	binary_DNA	probability_RNA	binary_RNA
M	0.2025	0	0.0249	0
R	0.5032	1	0.0080	0
V	0.0608	0	0.0005	0
P	0.4216	1	0.0013	0
F	0.0373	0	0.0001	0
S	0.3628	1	0.0029	0
W	0.0153	0	0.0002	0
L	0.0005	0	0.0000	0
K	0.0175	0	0.0008	0
A	0.0028	0	0.0001	0
Y	0.0004	0	0.0000	0
V	0.0001	0	0.0000	0
P	0.0001	0	0.0000	0
E	0.0002	0	0.0000	0
L	0.0001	0	0.0000	0
E	0.0001	0	0.0000	0
S	0.0002	0	0.0000	0
P	0.0003	0	0.0000	0
E	0.0001	0	0.0000	0
V	0.0001	0	0.0000	0
L	0.0000	0	0.0000	0
E	0.0001	0	0.0000	0
E	0.0003	0	0.0000	0
R	0.0006	0	0.0000	0
L	0.0001	0	0.0000	0
A	0.0004	0	0.0000	0
G	0.0001	0	0.0000	0
L	0.0000	0	0.0000	0
G	0.0000	0	0.0000	0
F	0.0001	0	0.0000	0
E	0.0001	0	0.0000	0
T	0.0001	0	0.0000	0
D	0.0005	0	0.0000	0
R	0.0013	0	0.0000	0
I	0.0035	0	0.0000	0
E	0.0028	0	0.0000	0
R	0.0031	0	0.0000	0
V	0.0013	0	0.0000	0
F	0.0014	0	0.0000	0
P	0.0043	0	0.0000	0
I	0.0072	0	0.0000	0
P	0.0775	0	0.0000	0
R	0.0672	0	0.0000	0
G	0.0753	0	0.0000	0
V	0.0007	0	0.0000	0
V	0.0080	0	0.0000	0
F	0.0030	0	0.0000	0
A	0.0005	0	0.0000	0
R	0.0114	0	0.0000	0
V	0.0021	0	0.0000	0
L	0.0028	0	0.0000	0
E	0.0029	0	0.0000	0
A	0.0004	0	0.0000	0
H	0.0003	0	0.0000	0
P	0.0006	0	0.0000	0
I	0.0033	0	0.0000	0
P	0.0047	0	0.0000	0
G	0.0130	0	0.0000	0
T	0.0056	0	0.0000	0
R	0.0640	0	0.0001	0
L	0.0008	0	0.0000	0
K	0.0036	0	0.0000	0
R	0.0054	0	0.0000	0
L	0.0004	0	0.0000	0
V	0.0437	0	0.0001	0
L	0.0019	0	0.0000	0
D	0.0037	0	0.0000	0
A	0.0019	0	0.0000	0
G	0.0008	0	0.0000	0
R	0.0011	0	0.0000	0
T	0.0017	0	0.0000	0
V	0.0006	0	0.0000	0
E	0.0006	0	0.0000	0
V	0.0005	0	0.0000	0
V	0.0041	0	0.0002	0
S	0.0020	0	0.0000	0
G	0.3032	0	0.0230	0
A	0.3649	1	0.0452	0
E	0.1504	0	0.0077	0
N	0.2349	0	0.0085	0
A	0.0089	0	0.0001	0
R	0.1182	0	0.0026	0
K	0.0364	0	0.0004	0
G	0.0036	0	0.0001	0
I	0.0015	0	0.0001	0
G	0.0058	0	0.0004	0
V	0.0026	0	0.0006	0
A	0.0008	0	0.0001	0
L	0.0008	0	0.0002	0
A	0.0009	0	0.0002	0
L	0.3872	1	0.1642	1
P	0.0225	0	0.0068	0
G	0.0398	0	0.0118	0
T	0.0053	0	0.0009	0
E	0.0224	0	0.0025	0
L	0.0024	0	0.0003	0
P	0.0010	0	0.0001	0
G	0.0016	0	0.0002	0
L	0.0011	0	0.0002	0
G	0.0014	0	0.0002	0
Q	0.0014	0	0.0000	0
K	0.0066	0	0.0001	0
V	0.0003	0	0.0000	0
G	0.0024	0	0.0000	0
E	0.0018	0	0.0000	0
R	0.0152	0	0.0003	0
V	0.0490	0	0.0017	0
I	0.0039	0	0.0005	0
Q	0.2560	0	0.1495	0
G	0.0452	0	0.0137	0
V	0.0106	0	0.0045	0
R	0.0144	0	0.0077	0
S	0.1194	0	0.0437	0
F	0.0074	0	0.0017	0
G	0.0050	0	0.0016	0
M	0.1615	0	0.0605	0
A	0.0033	0	0.0004	0
L	0.0008	0	0.0001	0
S	0.0043	0	0.0001	0
P	0.0025	0	0.0000	0
R	0.0047	0	0.0002	0
E	0.0011	0	0.0001	0
L	0.0001	0	0.0000	0
G	0.0000	0	0.0000	0
V	0.0001	0	0.0000	0
G	0.0001	0	0.0000	0
E	0.0002	0	0.0000	0
Y	0.0003	0	0.0000	0
G	0.0010	0	0.0000	0
G	0.0006	0	0.0000	0
G	0.0004	0	0.0000	0
L	0.0001	0	0.0000	0
L	0.0001	0	0.0000	0
E	0.0001	0	0.0000	0
F	0.0001	0	0.0000	0
P	0.0001	0	0.0000	0
E	0.0001	0	0.0000	0
D	0.0001	0	0.0000	0
A	0.0001	0	0.0000	0
L	0.0001	0	0.0000	0
P	0.0001	0	0.0000	0
P	0.0001	0	0.0000	0
G	0.0001	0	0.0000	0
T	0.0001	0	0.0000	0
P	0.0001	0	0.0000	0
L	0.0008	0	0.0000	0
S	0.0008	0	0.0000	0
E	0.0003	0	0.0000	0
A	0.0011	0	0.0000	0
W	0.0002	0	0.0000	0
P	0.0003	0	0.0000	0
E	0.0003	0	0.0000	0
E	0.0002	0	0.0000	0
V	0.0002	0	0.0000	0
V	0.0001	0	0.0000	0
L	0.0000	0	0.0000	0
D	0.0004	0	0.0000	0
L	0.0001	0	0.0000	0
E	0.0005	0	0.0000	0
V	0.0013	0	0.0001	0
T	0.1758	0	0.0495	0
P	0.1445	0	0.0963	0
N	0.7133	1	0.6467	1
R	0.6507	1	0.7239	1
P	0.0987	0	0.0396	0
D	0.4725	1	0.4525	1
A	0.0257	0	0.0034	0
L	0.1254	0	0.0679	0
G	0.5092	1	0.4385	1
L	0.0401	0	0.0045	0
L	0.0348	0	0.0032	0
G	0.2865	0	0.0330	0
L	0.0119	0	0.0006	0
A	0.0009	0	0.0000	0
R	0.6755	1	0.0709	0
D	0.0082	0	0.0000	0
L	0.0004	0	0.0000	0
H	0.0474	0	0.0014	0
A	0.0004	0	0.0000	0
L	0.0007	0	0.0000	0
G	0.0041	0	0.0001	0
Y	0.0010	0	0.0000	0
A	0.0017	0	0.0000	0
L	0.0026	0	0.0000	0
V	0.0058	0	0.0001	0
E	0.0014	0	0.0000	0
P	0.0006	0	0.0000	0
E	0.0017	0	0.0000	0
A	0.0011	0	0.0000	0
A	0.0004	0	0.0000	0
L	0.0003	0	0.0000	0
K	0.0010	0	0.0000	0
A	0.0003	0	0.0000	0
E	0.0004	0	0.0000	0
A	0.0005	0	0.0000	0
L	0.0013	0	0.0000	0
P	0.0015	0	0.0000	0
L	0.0005	0	0.0000	0
P	0.0018	0	0.0000	0
F	0.0005	0	0.0000	0
A	0.0104	0	0.0005	0
L	0.0004	0	0.0000	0
K	0.0159	0	0.0010	0
V	0.0033	0	0.0002	0
E	0.0091	0	0.0007	0
D	0.0021	0	0.0001	0
P	0.0169	0	0.0012	0
E	0.0225	0	0.0016	0
G	0.0043	0	0.0003	0
A	0.0207	0	0.0030	0
P	0.1010	0	0.0170	0
H	0.0404	0	0.0051	0
F	0.0181	0	0.0034	0
T	0.0029	0	0.0004	0
L	0.0003	0	0.0000	0
G	0.0002	0	0.0000	0
Y	0.0002	0	0.0000	0
A	0.0002	0	0.0000	0
F	0.0315	0	0.0046	0
G	0.0156	0	0.0017	0
L	0.0022	0	0.0001	0
R	0.0097	0	0.0005	0
V	0.0023	0	0.0001	0
A	0.0137	0	0.0014	0
P	0.0057	0	0.0006	0
S	0.0069	0	0.0011	0
P	0.0075	0	0.0013	0
L	0.0033	0	0.0008	0
W	0.1310	0	0.0827	0
M	0.0179	0	0.0066	0
Q	0.0234	0	0.0141	0
R	0.0010	0	0.0004	0
A	0.0084	0	0.0035	0
L	0.0008	0	0.0003	0
F	0.0015	0	0.0008	0
A	0.0011	0	0.0006	0
A	0.0037	0	0.0020	0
G	0.0165	0	0.0178	0
M	0.0126	0	0.0122	0
R	0.1677	0	0.1623	1
P	0.0472	0	0.0473	0
I	0.1293	0	0.1500	0
N	0.0529	0	0.0874	0
N	0.0045	0	0.0063	0
V	0.0005	0	0.0005	0
V	0.0008	0	0.0012	0
D	0.0015	0	0.0014	0
V	0.0008	0	0.0005	0
T	0.0227	0	0.0164	0
N	0.3647	1	0.2208	1
Y	0.0074	0	0.0018	0
V	0.0015	0	0.0004	0
M	0.0038	0	0.0017	0
L	0.0008	0	0.0007	0
E	0.0005	0	0.0004	0
R	0.0007	0	0.0005	0
A	0.0002	0	0.0001	0
Q	0.0003	0	0.0001	0
P	0.0020	0	0.0011	0
M	0.0012	0	0.0002	0
H	0.0131	0	0.0030	0
A	0.0004	0	0.0000	0
F	0.0011	0	0.0001	0
D	0.0011	0	0.0001	0
L	0.0003	0	0.0000	0
R	0.0017	0	0.0000	0
F	0.0229	0	0.0011	0
V	0.0002	0	0.0000	0
G	0.0001	0	0.0000	0
E	0.0002	0	0.0000	0
G	0.0005	0	0.0000	0
I	0.0002	0	0.0000	0
A	0.0005	0	0.0000	0
V	0.0003	0	0.0000	0
R	0.0162	0	0.0003	0
R	0.0083	0	0.0001	0
A	0.0064	0	0.0002	0
R	0.0514	0	0.0028	0
E	0.0014	0	0.0001	0
G	0.0009	0	0.0000	0
E	0.0007	0	0.0000	0
R	0.0014	0	0.0000	0
L	0.0004	0	0.0000	0
K	0.0002	0	0.0000	0
T	0.0001	0	0.0000	0
L	0.0002	0	0.0000	0
D	0.0001	0	0.0000	0
G	0.0003	0	0.0000	0
V	0.0005	0	0.0000	0
E	0.0002	0	0.0000	0
R	0.0001	0	0.0000	0
T	0.0001	0	0.0000	0
L	0.0000	0	0.0000	0
H	0.0000	0	0.0000	0
P	0.0000	0	0.0000	0
E	0.0000	0	0.0000	0
D	0.0000	0	0.0000	0
L	0.0000	0	0.0000	0
V	0.0000	0	0.0000	0
I	0.0001	0	0.0000	0
A	0.0001	0	0.0000	0
G	0.0001	0	0.0000	0
W	0.0002	0	0.0000	0
R	0.0005	0	0.0000	0
G	0.0003	0	0.0000	0
E	0.0004	0	0.0000	0
E	0.0005	0	0.0000	0
S	0.0002	0	0.0000	0
F	0.0002	0	0.0000	0
P	0.0001	0	0.0000	0
L	0.0001	0	0.0000	0
G	0.0002	0	0.0000	0
L	0.0031	0	0.0007	0
A	0.0018	0	0.0004	0
G	0.0019	0	0.0006	0
V	0.0022	0	0.0005	0
M	0.0028	0	0.0005	0
G	0.0332	0	0.0070	0
G	0.0057	0	0.0004	0
A	0.0026	0	0.0001	0
E	0.0168	0	0.0007	0
S	0.0124	0	0.0006	0
E	0.0187	0	0.0007	0
V	0.0022	0	0.0000	0
R	0.0093	0	0.0001	0
E	0.0077	0	0.0001	0
D	0.0760	0	0.0030	0
T	0.0362	0	0.0014	0
E	0.0804	0	0.0022	0
A	0.0592	0	0.0011	0
I	0.0003	0	0.0000	0
A	0.0015	0	0.0000	0
L	0.0004	0	0.0000	0
E	0.0185	0	0.0015	0
V	0.0005	0	0.0000	0
A	0.0010	0	0.0000	0
C	0.0020	0	0.0000	0
F	0.0101	0	0.0003	0
D	0.0180	0	0.0005	0
P	0.0349	0	0.0007	0
V	0.1044	0	0.0033	0
S	0.0274	0	0.0004	0
I	0.0022	0	0.0000	0
R	0.0813	0	0.0008	0
K	0.1009	0	0.0006	0
T	0.1593	0	0.0006	0
A	0.0062	0	0.0000	0
R	0.3737	1	0.0024	0
R	0.2898	0	0.0007	0
H	0.3264	0	0.0005	0
G	0.5040	1	0.0012	0
L	0.1427	0	0.0001	0
R	0.4095	1	0.0018	0
T	0.4508	1	0.0024	0
E	0.1140	0	0.0004	0
A	0.0534	0	0.0003	0
S	0.0372	0	0.0003	0
H	0.0049	0	0.0000	0
R	0.1959	0	0.0019	0
F	0.0075	0	0.0000	0
E	0.0017	0	0.0000	0
R	0.0905	0	0.0006	0
G	0.0009	0	0.0000	0
V	0.0003	0	0.0000	0
D	0.0007	0	0.0000	0
P	0.0004	0	0.0000	0
L	0.0001	0	0.0000	0
G	0.0001	0	0.0000	0
Q	0.0001	0	0.0000	0
V	0.0001	0	0.0000	0
P	0.0001	0	0.0000	0
A	0.0000	0	0.0000	0
Q	0.0000	0	0.0000	0
R	0.0001	0	0.0000	0
R	0.0000	0	0.0000	0
A	0.0000	0	0.0000	0
L	0.0000	0	0.0000	0
S	0.0000	0	0.0000	0
L	0.0000	0	0.0000	0
L	0.0000	0	0.0000	0
Q	0.0000	0	0.0000	0
A	0.0000	0	0.0000	0
L	0.0000	0	0.0000	0
A	0.0000	0	0.0000	0
G	0.0000	0	0.0000	0
A	0.0000	0	0.0000	0
R	0.0002	0	0.0000	0
V	0.0002	0	0.0000	0
A	0.0003	0	0.0000	0
E	0.0012	0	0.0000	0
A	0.0029	0	0.0000	0
L	0.0025	0	0.0000	0
L	0.0021	0	0.0000	0
E	0.0029	0	0.0000	0
A	0.0005	0	0.0000	0
G	0.0008	0	0.0000	0
S	0.0008	0	0.0000	0
P	0.0005	0	0.0000	0
K	0.0020	0	0.0000	0
P	0.0013	0	0.0000	0
P	0.0010	0	0.0000	0
E	0.0037	0	0.0000	0
A	0.0028	0	0.0000	0
I	0.0005	0	0.0000	0
P	0.0020	0	0.0000	0
F	0.0004	0	0.0000	0
R	0.0058	0	0.0000	0
P	0.0009	0	0.0000	0
E	0.0021	0	0.0000	0
Y	0.0034	0	0.0000	0
A	0.0002	0	0.0000	0
N	0.0106	0	0.0006	0
R	0.0509	0	0.0054	0
L	0.0002	0	0.0000	0
L	0.0001	0	0.0000	0
G	0.0120	0	0.0021	0
T	0.0010	0	0.0000	0
S	0.0032	0	0.0001	0
Y	0.0031	0	0.0000	0
P	0.0050	0	0.0001	0
E	0.0039	0	0.0000	0
A	0.0017	0	0.0000	0
E	0.0015	0	0.0000	0
Q	0.0002	0	0.0000	0
I	0.0001	0	0.0000	0
A	0.0002	0	0.0000	0
I	0.0001	0	0.0000	0
L	0.0001	0	0.0000	0
K	0.0009	0	0.0001	0
R	0.0026	0	0.0004	0
L	0.0002	0	0.0000	0
G	0.0003	0	0.0000	0
C	0.0002	0	0.0000	0
R	0.0002	0	0.0000	0
V	0.0002	0	0.0000	0
E	0.0004	0	0.0000	0
G	0.0004	0	0.0000	0
E	0.0003	0	0.0000	0
G	0.0003	0	0.0000	0
P	0.0003	0	0.0000	0
T	0.0004	0	0.0000	0
Y	0.0001	0	0.0000	0
R	0.0006	0	0.0000	0
V	0.0001	0	0.0000	0
T	0.0006	0	0.0000	0
P	0.0006	0	0.0000	0
P	0.0002	0	0.0000	0
S	0.0005	0	0.0000	0
H	0.0011	0	0.0000	0
R	0.0140	0	0.0000	0
L	0.0011	0	0.0000	0
D	0.0002	0	0.0000	0
L	0.0001	0	0.0000	0
R	0.0005	0	0.0000	0
L	0.0016	0	0.0001	0
E	0.0001	0	0.0000	0
E	0.0000	0	0.0000	0
D	0.0005	0	0.0000	0
L	0.0001	0	0.0000	0
V	0.0000	0	0.0000	0
E	0.0002	0	0.0000	0
E	0.0004	0	0.0000	0
V	0.0001	0	0.0000	0
A	0.0000	0	0.0000	0
R	0.0003	0	0.0002	0
I	0.0001	0	0.0000	0
Q	0.0002	0	0.0000	0
G	0.0001	0	0.0000	0
Y	0.0010	0	0.0001	0
E	0.0011	0	0.0001	0
T	0.0149	0	0.0014	0
I	0.0005	0	0.0000	0
P	0.0012	0	0.0000	0
L	0.0017	0	0.0000	0
A	0.0024	0	0.0000	0
L	0.0015	0	0.0000	0
P	0.0012	0	0.0000	0
A	0.0025	0	0.0001	0
F	0.0033	0	0.0001	0
F	0.0203	0	0.0011	0
P	0.0156	0	0.0007	0
A	0.0036	0	0.0001	0
P	0.0118	0	0.0003	0
D	0.0094	0	0.0002	0
N	0.0025	0	0.0001	0
R	0.0164	0	0.0005	0
G	0.0012	0	0.0000	0
V	0.0018	0	0.0001	0
E	0.0043	0	0.0003	0
A	0.0099	0	0.0008	0
P	0.0020	0	0.0001	0
Y	0.0010	0	0.0000	0
R	0.0037	0	0.0001	0
K	0.0005	0	0.0000	0
E	0.0007	0	0.0001	0
Q	0.0007	0	0.0001	0
R	0.0002	0	0.0000	0
L	0.0001	0	0.0000	0
R	0.0030	0	0.0009	0
E	0.0001	0	0.0000	0
V	0.0000	0	0.0000	0
L	0.0001	0	0.0000	0
S	0.0002	0	0.0000	0
G	0.0004	0	0.0002	0
L	0.0002	0	0.0001	0
G	0.0001	0	0.0000	0
F	0.0003	0	0.0000	0
Q	0.0003	0	0.0000	0
E	0.0329	0	0.0026	0
V	0.0019	0	0.0001	0
Y	0.0085	0	0.0006	0
T	0.0019	0	0.0000	0
Y	0.0002	0	0.0000	0
S	0.0001	0	0.0000	0
F	0.0000	0	0.0000	0
M	0.0001	0	0.0000	0
D	0.0010	0	0.0000	0
P	0.0059	0	0.0002	0
E	0.0008	0	0.0000	0
D	0.0002	0	0.0000	0
A	0.0002	0	0.0000	0
R	0.0001	0	0.0000	0
R	0.0001	0	0.0000	0
F	0.0001	0	0.0000	0
R	0.0001	0	0.0000	0
L	0.0001	0	0.0000	0
D	0.0001	0	0.0000	0
P	0.0001	0	0.0000	0
P	0.0001	0	0.0000	0
R	0.0001	0	0.0000	0
L	0.0001	0	0.0000	0
L	0.0007	0	0.0000	0
L	0.0003	0	0.0000	0
L	0.0020	0	0.0001	0
N	0.0200	0	0.0005	0
P	0.0077	0	0.0003	0
L	0.0198	0	0.0035	0
A	0.0064	0	0.0014	0
P	0.0064	0	0.0020	0
E	0.0103	0	0.0045	0
K	0.0064	0	0.0028	0
A	0.0010	0	0.0003	0
A	0.0001	0	0.0000	0
L	0.0001	0	0.0000	0
R	0.0458	0	0.0039	0
T	0.0014	0	0.0000	0
H	0.0018	0	0.0000	0
L	0.0002	0	0.0000	0
F	0.0004	0	0.0000	0
P	0.0025	0	0.0002	0
G	0.0054	0	0.0007	0
L	0.0006	0	0.0001	0
V	0.0001	0	0.0000	0
R	0.0062	0	0.0044	0
V	0.0019	0	0.0004	0
L	0.0002	0	0.0000	0
K	0.0003	0	0.0000	0
E	0.0083	0	0.0009	0
N	0.0085	0	0.0008	0
L	0.0031	0	0.0004	0
D	0.0086	0	0.0015	0
L	0.2928	0	0.1049	0
D	0.0144	0	0.0019	0
R	0.1341	0	0.0143	0
P	0.0104	0	0.0012	0
E	0.0213	0	0.0043	0
R	0.0742	0	0.0098	0
A	0.0060	0	0.0002	0
L	0.0048	0	0.0001	0
L	0.0034	0	0.0001	0
F	0.0073	0	0.0004	0
E	0.0091	0	0.0004	0
V	0.0006	0	0.0000	0
G	0.0006	0	0.0000	0
R	0.0002	0	0.0000	0
V	0.0002	0	0.0000	0
F	0.0014	0	0.0000	0
R	0.0009	0	0.0000	0
E	0.0039	0	0.0000	0
R	0.0046	0	0.0000	0
E	0.0018	0	0.0000	0
E	0.0006	0	0.0000	0
T	0.0004	0	0.0000	0
H	0.0021	0	0.0000	0
L	0.0001	0	0.0000	0
A	0.0001	0	0.0000	0
G	0.0001	0	0.0000	0
L	0.0001	0	0.0000	0
L	0.0002	0	0.0000	0
F	0.0011	0	0.0000	0
G	0.0567	0	0.0003	0
E	0.0173	0	0.0000	0
G	0.0027	0	0.0000	0
V	0.0007	0	0.0000	0
G	0.0008	0	0.0000	0
L	0.0030	0	0.0000	0
P	0.0166	0	0.0000	0
W	0.2701	0	0.0010	0
A	0.0132	0	0.0000	0
K	0.0055	0	0.0000	0
E	0.0064	0	0.0000	0
R	0.0080	0	0.0000	0
L	0.0572	0	0.0001	0
S	0.0196	0	0.0001	0
G	0.0051	0	0.0000	0
Y	0.0006	0	0.0000	0
F	0.0039	0	0.0000	0
L	0.0003	0	0.0000	0
L	0.0001	0	0.0000	0
K	0.0151	0	0.0014	0
G	0.0010	0	0.0000	0
Y	0.0000	0	0.0000	0
L	0.0000	0	0.0000	0
E	0.0001	0	0.0000	0
A	0.0000	0	0.0000	0
L	0.0000	0	0.0000	0
F	0.0000	0	0.0000	0
A	0.0002	0	0.0000	0
R	0.0002	0	0.0000	0
L	0.0001	0	0.0000	0
G	0.0001	0	0.0000	0
L	0.0001	0	0.0000	0
A	0.0001	0	0.0000	0
F	0.0001	0	0.0000	0
R	0.0003	0	0.0000	0
V	0.0003	0	0.0000	0
E	0.0061	0	0.0000	0
A	0.0029	0	0.0000	0
Q	0.0032	0	0.0000	0
A	0.0112	0	0.0001	0
F	0.0041	0	0.0000	0
P	0.0067	0	0.0000	0
F	0.0132	0	0.0002	0
L	0.0045	0	0.0001	0
H	0.1743	0	0.0038	0
P	0.0351	0	0.0005	0
G	0.1544	0	0.0028	0
V	0.0725	0	0.0007	0
S	0.0041	0	0.0000	0
G	0.0001	0	0.0000	0
R	0.0004	0	0.0000	0
V	0.0002	0	0.0000	0
L	0.0006	0	0.0000	0
V	0.0005	0	0.0000	0
E	0.0075	0	0.0003	0
G	0.0010	0	0.0000	0
E	0.0097	0	0.0002	0
E	0.0099	0	0.0002	0
V	0.0015	0	0.0001	0
G	0.0010	0	0.0001	0
F	0.0009	0	0.0001	0
L	0.0002	0	0.0000	0
G	0.0002	0	0.0000	0
A	0.0036	0	0.0002	0
L	0.0006	0	0.0000	0
H	0.1370	0	0.0029	0
P	0.0200	0	0.0001	0
E	0.0257	0	0.0000	0
I	0.0035	0	0.0000	0
A	0.0007	0	0.0000	0
Q	0.0014	0	0.0001	0
E	0.0008	0	0.0000	0
L	0.0002	0	0.0000	0
E	0.0001	0	0.0000	0
L	0.0001	0	0.0000	0
P	0.0002	0	0.0000	0
P	0.0002	0	0.0000	0
V	0.0001	0	0.0000	0
H	0.0003	0	0.0000	0
L	0.0002	0	0.0000	0
F	0.0002	0	0.0000	0
E	0.0062	0	0.0000	0
L	0.0008	0	0.0000	0
R	0.0249	0	0.0002	0
L	0.0031	0	0.0000	0
P	0.0077	0	0.0000	0
L	0.0062	0	0.0000	0
P	0.0028	0	0.0000	0
D	0.0061	0	0.0000	0
K	0.0099	0	0.0000	0
P	0.0184	0	0.0001	0
L	0.0277	0	0.0001	0
A	0.0301	0	0.0001	0
F	0.0443	0	0.0001	0
Q	0.0502	0	0.0001	0
D	0.0107	0	0.0000	0
P	0.0132	0	0.0001	0
S	0.0039	0	0.0000	0
R	0.0756	0	0.0006	0
H	0.1311	0	0.0015	0
P	0.0305	0	0.0002	0
A	0.0042	0	0.0000	0
A	0.0116	0	0.0000	0
F	0.2744	0	0.0004	0
R	0.0667	0	0.0001	0
D	0.2225	0	0.0002	0
L	0.0003	0	0.0000	0
A	0.0008	0	0.0000	0
V	0.0001	0	0.0000	0
V	0.0002	0	0.0000	0
V	0.0001	0	0.0000	0
P	0.0001	0	0.0000	0
A	0.0002	0	0.0000	0
P	0.0003	0	0.0000	0
T	0.0001	0	0.0000	0
P	0.0001	0	0.0000	0
Y	0.0002	0	0.0000	0
G	0.0001	0	0.0000	0
E	0.0001	0	0.0000	0
V	0.0000	0	0.0000	0
E	0.0002	0	0.0000	0
A	0.0001	0	0.0000	0
L	0.0000	0	0.0000	0
V	0.0000	0	0.0000	0
R	0.0149	0	0.0004	0
E	0.0003	0	0.0000	0
A	0.0001	0	0.0000	0
A	0.0000	0	0.0000	0
G	0.0001	0	0.0000	0
P	0.0001	0	0.0000	0
Y	0.0002	0	0.0000	0
L	0.0004	0	0.0000	0
E	0.0025	0	0.0000	0
S	0.0094	0	0.0001	0
L	0.0009	0	0.0000	0
A	0.0890	0	0.0004	0
L	0.0428	0	0.0001	0
F	0.1717	0	0.0033	0
D	0.1203	0	0.0015	0
L	0.1353	0	0.0017	0
Y	0.6249	1	0.0274	0
Q	0.0207	0	0.0002	0
G	0.0009	0	0.0000	0
P	0.0005	0	0.0000	0
P	0.0015	0	0.0000	0
L	0.0007	0	0.0000	0
P	0.0010	0	0.0000	0
E	0.0025	0	0.0000	0
G	0.0042	0	0.0000	0
H	0.0919	0	0.0018	0
K	0.0422	0	0.0005	0
S	0.3800	1	0.0075	0
L	0.0069	0	0.0001	0
A	0.0036	0	0.0000	0
F	0.0022	0	0.0000	0
H	0.2095	0	0.0019	0
L	0.0005	0	0.0000	0
R	0.0140	0	0.0003	0
F	0.0026	0	0.0000	0
R	0.0077	0	0.0001	0
H	0.0017	0	0.0000	0
P	0.0019	0	0.0000	0
K	0.0009	0	0.0000	0
R	0.0039	0	0.0000	0
T	0.0046	0	0.0000	0
L	0.0009	0	0.0000	0
R	0.0059	0	0.0002	0
D	0.0008	0	0.0000	0
E	0.0003	0	0.0000	0
E	0.0002	0	0.0000	0
V	0.0001	0	0.0000	0
E	0.0003	0	0.0000	0
E	0.0002	0	0.0000	0
A	0.0001	0	0.0000	0
V	0.0002	0	0.0000	0
S	0.0002	0	0.0000	0
R	0.0005	0	0.0000	0
V	0.0000	0	0.0000	0
A	0.0000	0	0.0000	0
E	0.0001	0	0.0000	0
A	0.0000	0	0.0000	0
L	0.0000	0	0.0000	0
R	0.0000	0	0.0000	0
A	0.0001	0	0.0000	0
R	0.0001	0	0.0000	0
G	0.0001	0	0.0000	0
F	0.0001	0	0.0000	0
G	0.0001	0	0.0000	0
L	0.0001	0	0.0000	0
R	0.0055	0	0.0002	0
G	0.0010	0	0.0000	0
L	0.0003	0	0.0000	0
D	0.0014	0	0.0002	0
T	0.0024	0	0.0004	0
P	0.0036	0	0.0003	0
</pre></body></html>