<html><head></head><body><pre style="word-wrap: break-word; white-space: pre-wrap;">&gt;P0A8T7
Amino Acid	probability_DNA	binary_DNA	probability_RNA	binary_RNA
M	0.0778	0	0.0010	0
K	0.0216	0	0.0002	0
D	0.0009	0	0.0000	0
L	0.0002	0	0.0000	0
L	0.0002	0	0.0000	0
K	0.0004	0	0.0000	0
F	0.0001	0	0.0000	0
L	0.0001	0	0.0000	0
K	0.0005	0	0.0000	0
A	0.0003	0	0.0000	0
Q	0.0004	0	0.0000	0
T	0.0004	0	0.0000	0
K	0.0005	0	0.0000	0
T	0.0006	0	0.0000	0
E	0.0020	0	0.0000	0
E	0.0041	0	0.0000	0
F	0.0007	0	0.0000	0
D	0.0004	0	0.0000	0
A	0.0021	0	0.0000	0
I	0.0004	0	0.0000	0
K	0.0488	0	0.0011	0
I	0.0010	0	0.0000	0
A	0.0134	0	0.0000	0
L	0.0141	0	0.0000	0
A	0.0014	0	0.0000	0
S	0.0287	0	0.0005	0
P	0.0196	0	0.0002	0
D	0.0057	0	0.0001	0
M	0.0266	0	0.0007	0
I	0.0029	0	0.0001	0
R	0.0539	0	0.0073	0
S	0.0312	0	0.0049	0
W	0.0052	0	0.0004	0
S	0.0010	0	0.0001	0
F	0.0201	0	0.0030	0
G	0.0013	0	0.0001	0
E	0.0153	0	0.0036	0
V	0.0011	0	0.0001	0
K	0.0981	0	0.0047	0
K	0.1621	0	0.0017	0
P	0.0097	0	0.0000	0
E	0.0099	0	0.0000	0
T	0.0098	0	0.0000	0
I	0.0093	0	0.0000	0
N	0.0066	0	0.0000	0
Y	0.0068	0	0.0000	0
R	0.0136	0	0.0001	0
T	0.0152	0	0.0001	0
F	0.0095	0	0.0002	0
K	0.0540	0	0.0027	0
P	0.0030	0	0.0001	0
E	0.0018	0	0.0002	0
R	0.0020	0	0.0005	0
D	0.0011	0	0.0003	0
G	0.0002	0	0.0000	0
L	0.0003	0	0.0000	0
F	0.0003	0	0.0000	0
C	0.0002	0	0.0000	0
A	0.0004	0	0.0000	0
R	0.0253	0	0.0012	0
I	0.0003	0	0.0000	0
F	0.0001	0	0.0000	0
G	0.0001	0	0.0000	0
P	0.0002	0	0.0000	0
V	0.0008	0	0.0000	0
K	0.0249	0	0.0007	0
D	0.0048	0	0.0001	0
Y	0.0242	0	0.0011	0
E	0.0021	0	0.0001	0
C	0.0025	0	0.0001	0
L	0.0371	0	0.0043	0
C	0.0227	0	0.0016	0
G	0.1390	0	0.0087	0
K	0.4630	1	0.0098	0
Y	0.3316	0	0.0094	0
K	0.5079	1	0.0155	0
R	0.4838	1	0.0059	0
L	0.1529	0	0.0004	0
K	0.3479	0	0.0016	0
H	0.0106	0	0.0000	0
R	0.0760	0	0.0004	0
G	0.0076	0	0.0000	0
V	0.0100	0	0.0000	0
I	0.0090	0	0.0001	0
C	0.0030	0	0.0000	0
E	0.2945	0	0.0112	0
K	0.5938	1	0.0378	0
C	0.0441	0	0.0012	0
G	0.0908	0	0.0039	0
V	0.0215	0	0.0005	0
E	0.0035	0	0.0001	0
V	0.0049	0	0.0001	0
T	0.0128	0	0.0006	0
Q	0.0072	0	0.0004	0
T	0.0358	0	0.0022	0
K	0.1362	0	0.0062	0
V	0.0034	0	0.0001	0
R	0.0100	0	0.0003	0
R	0.0089	0	0.0006	0
E	0.0246	0	0.0031	0
R	0.2088	0	0.0213	0
M	0.0066	0	0.0004	0
G	0.0200	0	0.0009	0
H	0.0538	0	0.0042	0
I	0.0003	0	0.0000	0
E	0.0011	0	0.0001	0
L	0.0001	0	0.0000	0
A	0.0001	0	0.0000	0
S	0.0001	0	0.0000	0
P	0.0001	0	0.0000	0
T	0.0005	0	0.0000	0
A	0.0013	0	0.0002	0
H	0.3063	0	0.0882	0
I	0.0138	0	0.0005	0
W	0.2725	0	0.0182	0
F	0.3998	1	0.0471	0
L	0.0117	0	0.0004	0
K	0.2581	0	0.0277	0
S	0.0080	0	0.0002	0
L	0.0234	0	0.0005	0
P	0.0061	0	0.0001	0
S	0.0059	0	0.0001	0
R	0.0024	0	0.0001	0
I	0.0001	0	0.0000	0
G	0.0005	0	0.0000	0
L	0.0001	0	0.0000	0
L	0.0000	0	0.0000	0
L	0.0001	0	0.0000	0
D	0.0004	0	0.0000	0
M	0.0005	0	0.0000	0
P	0.0023	0	0.0000	0
L	0.0024	0	0.0000	0
R	0.0769	0	0.0023	0
D	0.0015	0	0.0000	0
I	0.0004	0	0.0000	0
E	0.0014	0	0.0000	0
R	0.0128	0	0.0003	0
V	0.0009	0	0.0000	0
L	0.0003	0	0.0000	0
Y	0.0023	0	0.0001	0
F	0.0010	0	0.0000	0
E	0.0013	0	0.0001	0
S	0.0022	0	0.0001	0
Y	0.0268	0	0.0028	0
V	0.0018	0	0.0000	0
V	0.0016	0	0.0000	0
I	0.0007	0	0.0000	0
E	0.0082	0	0.0006	0
G	0.0061	0	0.0002	0
G	0.0463	0	0.0050	0
M	0.0096	0	0.0008	0
T	0.0216	0	0.0021	0
N	0.0287	0	0.0027	0
L	0.0087	0	0.0008	0
E	0.0101	0	0.0006	0
R	0.0260	0	0.0012	0
Q	0.0068	0	0.0002	0
Q	0.0022	0	0.0001	0
I	0.0021	0	0.0001	0
L	0.0009	0	0.0000	0
T	0.0005	0	0.0000	0
E	0.0005	0	0.0001	0
E	0.0010	0	0.0002	0
Q	0.0007	0	0.0001	0
Y	0.0012	0	0.0002	0
L	0.0049	0	0.0019	0
D	0.0021	0	0.0006	0
A	0.0010	0	0.0001	0
L	0.0029	0	0.0006	0
E	0.0007	0	0.0001	0
E	0.0026	0	0.0004	0
F	0.0008	0	0.0001	0
G	0.0002	0	0.0000	0
D	0.0004	0	0.0000	0
E	0.0006	0	0.0000	0
F	0.0002	0	0.0000	0
D	0.0004	0	0.0000	0
A	0.0003	0	0.0000	0
K	0.0036	0	0.0003	0
M	0.0012	0	0.0001	0
G	0.0321	0	0.0037	0
A	0.0138	0	0.0006	0
E	0.0054	0	0.0001	0
A	0.0090	0	0.0002	0
I	0.0014	0	0.0000	0
Q	0.0322	0	0.0005	0
A	0.0007	0	0.0000	0
L	0.0009	0	0.0000	0
L	0.0003	0	0.0000	0
K	0.0003	0	0.0000	0
S	0.0003	0	0.0000	0
M	0.0001	0	0.0000	0
D	0.0001	0	0.0000	0
L	0.0001	0	0.0000	0
E	0.0005	0	0.0000	0
Q	0.0003	0	0.0000	0
E	0.0001	0	0.0000	0
C	0.0001	0	0.0000	0
E	0.0012	0	0.0000	0
Q	0.0004	0	0.0000	0
L	0.0001	0	0.0000	0
R	0.0085	0	0.0002	0
E	0.0002	0	0.0000	0
E	0.0002	0	0.0000	0
L	0.0001	0	0.0000	0
N	0.0008	0	0.0000	0
E	0.0002	0	0.0000	0
T	0.0003	0	0.0000	0
N	0.0019	0	0.0000	0
S	0.0022	0	0.0000	0
E	0.0131	0	0.0005	0
T	0.0127	0	0.0003	0
K	0.2586	0	0.0097	0
R	0.0058	0	0.0001	0
K	0.0021	0	0.0000	0
K	0.0375	0	0.0022	0
L	0.0014	0	0.0000	0
T	0.0003	0	0.0000	0
K	0.0048	0	0.0003	0
R	0.0071	0	0.0003	0
I	0.0001	0	0.0000	0
K	0.0003	0	0.0000	0
L	0.0003	0	0.0000	0
L	0.0001	0	0.0000	0
E	0.0003	0	0.0000	0
A	0.0003	0	0.0000	0
F	0.0004	0	0.0000	0
V	0.0014	0	0.0001	0
Q	0.0086	0	0.0015	0
S	0.0911	0	0.0227	0
G	0.0656	0	0.0248	0
N	0.0087	0	0.0045	0
K	0.1701	0	0.1691	1
P	0.0038	0	0.0020	0
E	0.0003	0	0.0001	0
W	0.0003	0	0.0002	0
M	0.0000	0	0.0000	0
I	0.0000	0	0.0000	0
L	0.0000	0	0.0000	0
T	0.0000	0	0.0000	0
V	0.0000	0	0.0000	0
L	0.0000	0	0.0000	0
P	0.0000	0	0.0000	0
V	0.0001	0	0.0000	0
L	0.0003	0	0.0000	0
P	0.0016	0	0.0000	0
P	0.0009	0	0.0000	0
D	0.0016	0	0.0000	0
L	0.0007	0	0.0000	0
R	0.0721	0	0.0074	0
P	0.0002	0	0.0000	0
L	0.0001	0	0.0000	0
V	0.0005	0	0.0000	0
P	0.0009	0	0.0000	0
L	0.0010	0	0.0000	0
D	0.0009	0	0.0000	0
G	0.0013	0	0.0001	0
G	0.0019	0	0.0001	0
R	0.0017	0	0.0001	0
F	0.0026	0	0.0002	0
A	0.0022	0	0.0003	0
T	0.0025	0	0.0010	0
S	0.0331	0	0.0457	0
D	0.0349	0	0.0991	0
L	0.1205	0	0.2774	1
N	0.2504	0	0.4363	1
D	0.0057	0	0.0079	0
L	0.0013	0	0.0014	0
Y	0.0028	0	0.0032	0
R	0.0029	0	0.0026	0
R	0.0013	0	0.0011	0
V	0.0002	0	0.0001	0
I	0.0005	0	0.0001	0
N	0.0602	0	0.0458	0
R	0.0149	0	0.0048	0
N	0.0905	0	0.0255	0
N	0.0014	0	0.0001	0
R	0.0080	0	0.0005	0
L	0.0004	0	0.0000	0
K	0.0963	0	0.0166	0
R	0.0095	0	0.0005	0
L	0.0004	0	0.0000	0
L	0.0009	0	0.0000	0
D	0.0004	0	0.0000	0
L	0.0002	0	0.0000	0
A	0.0002	0	0.0000	0
A	0.0001	0	0.0000	0
P	0.0005	0	0.0000	0
D	0.0006	0	0.0000	0
I	0.0003	0	0.0000	0
I	0.0001	0	0.0000	0
V	0.0001	0	0.0000	0
R	0.0005	0	0.0001	0
N	0.0004	0	0.0000	0
E	0.0002	0	0.0000	0
K	0.0016	0	0.0004	0
R	0.0015	0	0.0004	0
M	0.0002	0	0.0000	0
L	0.0001	0	0.0000	0
Q	0.0021	0	0.0003	0
E	0.0006	0	0.0001	0
A	0.0011	0	0.0001	0
V	0.0007	0	0.0001	0
D	0.0018	0	0.0003	0
A	0.0009	0	0.0001	0
L	0.0005	0	0.0000	0
L	0.0002	0	0.0000	0
D	0.0044	0	0.0002	0
N	0.0469	0	0.0021	0
G	0.0488	0	0.0012	0
R	0.2812	0	0.0042	0
R	0.0282	0	0.0001	0
G	0.0962	0	0.0004	0
R	0.1039	0	0.0002	0
A	0.0563	0	0.0000	0
I	0.0290	0	0.0000	0
T	0.0691	0	0.0000	0
G	0.1189	0	0.0001	0
S	0.5824	1	0.0007	0
N	0.5343	1	0.0004	0
K	0.5177	1	0.0003	0
R	0.4420	1	0.0001	0
P	0.2165	0	0.0001	0
L	0.0086	0	0.0000	0
K	0.0108	0	0.0000	0
S	0.0161	0	0.0000	0
L	0.0055	0	0.0000	0
A	0.0054	0	0.0000	0
D	0.0025	0	0.0000	0
M	0.0023	0	0.0000	0
I	0.0011	0	0.0000	0
K	0.1023	0	0.0001	0
G	0.1340	0	0.0000	0
K	0.3513	1	0.0002	0
Q	0.0204	0	0.0000	0
G	0.0047	0	0.0000	0
R	0.0040	0	0.0000	0
F	0.0033	0	0.0000	0
R	0.7111	1	0.0000	0
Q	0.0631	0	0.0000	0
N	0.1586	0	0.0000	0
L	0.0518	0	0.0000	0
L	0.1017	0	0.0000	0
G	0.0952	0	0.0000	0
K	0.5564	1	0.0001	0
R	0.7325	1	0.0000	0
V	0.1400	0	0.0000	0
D	0.3497	0	0.0000	0
Y	0.0288	0	0.0000	0
S	0.0133	0	0.0001	0
G	0.0012	0	0.0000	0
R	0.0770	0	0.0141	0
S	0.0029	0	0.0001	0
V	0.0013	0	0.0001	0
I	0.0010	0	0.0000	0
T	0.0011	0	0.0001	0
V	0.0019	0	0.0003	0
G	0.0164	0	0.0045	0
P	0.0074	0	0.0013	0
Y	0.0218	0	0.0041	0
L	0.0003	0	0.0000	0
R	0.0004	0	0.0000	0
L	0.0002	0	0.0000	0
H	0.0004	0	0.0000	0
Q	0.0004	0	0.0000	0
C	0.0001	0	0.0000	0
G	0.0007	0	0.0001	0
L	0.0065	0	0.0008	0
P	0.0076	0	0.0012	0
K	0.0020	0	0.0002	0
K	0.0007	0	0.0001	0
M	0.0002	0	0.0000	0
A	0.0001	0	0.0000	0
L	0.0001	0	0.0000	0
E	0.0001	0	0.0000	0
L	0.0001	0	0.0000	0
F	0.0002	0	0.0000	0
K	0.0006	0	0.0000	0
P	0.0002	0	0.0000	0
F	0.0001	0	0.0000	0
I	0.0001	0	0.0000	0
Y	0.0004	0	0.0000	0
G	0.0024	0	0.0001	0
K	0.0003	0	0.0000	0
L	0.0002	0	0.0000	0
E	0.0004	0	0.0000	0
L	0.0023	0	0.0001	0
R	0.0005	0	0.0000	0
G	0.0008	0	0.0000	0
L	0.0003	0	0.0000	0
A	0.0003	0	0.0000	0
T	0.0009	0	0.0000	0
T	0.0011	0	0.0000	0
I	0.0003	0	0.0000	0
K	0.0019	0	0.0001	0
A	0.0022	0	0.0001	0
A	0.0002	0	0.0000	0
K	0.0008	0	0.0000	0
K	0.0020	0	0.0001	0
M	0.0023	0	0.0000	0
V	0.0001	0	0.0000	0
E	0.0004	0	0.0000	0
R	0.0043	0	0.0002	0
E	0.0001	0	0.0000	0
E	0.0001	0	0.0000	0
A	0.0001	0	0.0000	0
V	0.0002	0	0.0000	0
V	0.0001	0	0.0000	0
W	0.0001	0	0.0000	0
D	0.0000	0	0.0000	0
I	0.0000	0	0.0000	0
L	0.0000	0	0.0000	0
D	0.0003	0	0.0000	0
E	0.0002	0	0.0000	0
V	0.0000	0	0.0000	0
I	0.0000	0	0.0000	0
R	0.0001	0	0.0000	0
E	0.0000	0	0.0000	0
H	0.0000	0	0.0000	0
P	0.0000	0	0.0000	0
V	0.0000	0	0.0000	0
L	0.0000	0	0.0000	0
L	0.0000	0	0.0000	0
N	0.0008	0	0.0000	0
R	0.0144	0	0.0002	0
A	0.0007	0	0.0000	0
P	0.0009	0	0.0000	0
T	0.0359	0	0.0004	0
L	0.0099	0	0.0002	0
H	0.1990	0	0.0062	0
R	0.2448	0	0.0015	0
L	0.0022	0	0.0000	0
G	0.0066	0	0.0001	0
I	0.0039	0	0.0000	0
Q	0.1323	0	0.0032	0
A	0.1288	0	0.0005	0
F	0.2077	0	0.0003	0
E	0.4266	1	0.0010	0
P	0.0035	0	0.0000	0
V	0.4510	1	0.0057	0
L	0.1703	0	0.0011	0
I	0.1766	0	0.0012	0
E	0.3027	0	0.0045	0
G	0.2426	0	0.0073	0
K	0.2592	0	0.0054	0
A	0.7550	1	0.0343	0
I	0.1015	0	0.0014	0
Q	0.7738	1	0.0136	0
L	0.0129	0	0.0000	0
H	0.3061	0	0.0014	0
P	0.0014	0	0.0000	0
L	0.0003	0	0.0000	0
V	0.0007	0	0.0000	0
C	0.0006	0	0.0000	0
A	0.0326	0	0.0007	0
A	0.0016	0	0.0000	0
Y	0.0040	0	0.0001	0
N	0.0262	0	0.0022	0
A	0.0019	0	0.0000	0
D	0.0011	0	0.0000	0
F	0.0004	0	0.0000	0
D	0.0009	0	0.0000	0
G	0.0006	0	0.0000	0
D	0.0006	0	0.0000	0
Q	0.0011	0	0.0000	0
M	0.0003	0	0.0000	0
A	0.0018	0	0.0000	0
V	0.0002	0	0.0000	0
H	0.0115	0	0.0001	0
V	0.0015	0	0.0000	0
P	0.0226	0	0.0001	0
L	0.2242	0	0.0015	0
T	0.0218	0	0.0003	0
L	0.0003	0	0.0000	0
E	0.0002	0	0.0000	0
A	0.0002	0	0.0000	0
Q	0.0002	0	0.0000	0
L	0.0001	0	0.0000	0
E	0.0012	0	0.0001	0
A	0.0001	0	0.0000	0
R	0.0002	0	0.0000	0
A	0.0000	0	0.0000	0
L	0.0000	0	0.0000	0
M	0.0000	0	0.0000	0
M	0.0000	0	0.0000	0
S	0.0001	0	0.0000	0
T	0.0001	0	0.0000	0
N	0.0013	0	0.0000	0
N	0.0004	0	0.0000	0
I	0.0000	0	0.0000	0
L	0.0002	0	0.0000	0
S	0.0003	0	0.0000	0
P	0.0002	0	0.0000	0
A	0.0002	0	0.0000	0
N	0.0002	0	0.0000	0
G	0.0001	0	0.0000	0
E	0.0001	0	0.0000	0
P	0.0000	0	0.0000	0
I	0.0000	0	0.0000	0
I	0.0001	0	0.0000	0
V	0.0004	0	0.0001	0
P	0.0033	0	0.0008	0
S	0.2969	0	0.3131	1
Q	0.3566	1	0.7559	1
D	0.2972	0	0.7124	1
V	0.0005	0	0.0005	0
V	0.0001	0	0.0001	0
L	0.0001	0	0.0001	0
G	0.0006	0	0.0005	0
L	0.0001	0	0.0000	0
Y	0.0022	0	0.0009	0
Y	0.0007	0	0.0002	0
M	0.0001	0	0.0000	0
T	0.0003	0	0.0001	0
R	0.0027	0	0.0011	0
D	0.0003	0	0.0001	0
C	0.0003	0	0.0001	0
V	0.0006	0	0.0002	0
N	0.0009	0	0.0005	0
A	0.0003	0	0.0001	0
K	0.0016	0	0.0010	0
G	0.0002	0	0.0001	0
E	0.0002	0	0.0001	0
G	0.0003	0	0.0001	0
M	0.0001	0	0.0000	0
V	0.0008	0	0.0003	0
L	0.0006	0	0.0002	0
T	0.0010	0	0.0006	0
G	0.0042	0	0.0030	0
P	0.0015	0	0.0014	0
K	0.0004	0	0.0004	0
E	0.0001	0	0.0001	0
A	0.0001	0	0.0000	0
E	0.0001	0	0.0001	0
R	0.0003	0	0.0002	0
L	0.0000	0	0.0000	0
Y	0.0015	0	0.0032	0
R	0.0001	0	0.0001	0
S	0.0004	0	0.0008	0
G	0.0004	0	0.0005	0
L	0.0030	0	0.0041	0
A	0.0003	0	0.0002	0
S	0.0007	0	0.0008	0
L	0.0003	0	0.0002	0
H	0.0005	0	0.0010	0
A	0.0003	0	0.0006	0
R	0.0031	0	0.0060	0
V	0.0004	0	0.0005	0
K	0.0618	0	0.0919	0
V	0.0007	0	0.0007	0
R	0.0488	0	0.0587	0
I	0.0027	0	0.0025	0
T	0.0064	0	0.0054	0
E	0.0010	0	0.0008	0
Y	0.0011	0	0.0013	0
E	0.0003	0	0.0003	0
K	0.0004	0	0.0002	0
D	0.0003	0	0.0001	0
A	0.0025	0	0.0025	0
N	0.0010	0	0.0016	0
G	0.0002	0	0.0001	0
E	0.0003	0	0.0002	0
L	0.0001	0	0.0000	0
V	0.0002	0	0.0001	0
A	0.0001	0	0.0000	0
K	0.0011	0	0.0007	0
T	0.0011	0	0.0005	0
S	0.0048	0	0.0023	0
L	0.0097	0	0.0073	0
K	0.0058	0	0.0032	0
D	0.0176	0	0.0087	0
T	0.0118	0	0.0033	0
T	0.1105	0	0.0433	0
V	0.0042	0	0.0021	0
G	0.0016	0	0.0013	0
R	0.0300	0	0.0463	0
A	0.0002	0	0.0001	0
I	0.0001	0	0.0001	0
L	0.0001	0	0.0001	0
W	0.0070	0	0.0208	0
M	0.0014	0	0.0027	0
I	0.0002	0	0.0004	0
V	0.0001	0	0.0001	0
P	0.0000	0	0.0000	0
K	0.0001	0	0.0002	0
G	0.0000	0	0.0000	0
L	0.0001	0	0.0001	0
P	0.0001	0	0.0001	0
Y	0.0001	0	0.0000	0
S	0.0002	0	0.0002	0
I	0.0002	0	0.0002	0
V	0.0001	0	0.0000	0
N	0.0006	0	0.0010	0
Q	0.0020	0	0.0022	0
A	0.0011	0	0.0008	0
L	0.0002	0	0.0002	0
G	0.0004	0	0.0004	0
K	0.2575	0	0.3013	1
K	0.1950	0	0.2358	1
A	0.0010	0	0.0005	0
I	0.0001	0	0.0000	0
S	0.0037	0	0.0061	0
K	0.0020	0	0.0031	0
M	0.0000	0	0.0000	0
L	0.0001	0	0.0001	0
N	0.0011	0	0.0018	0
T	0.0002	0	0.0002	0
C	0.0000	0	0.0000	0
Y	0.0002	0	0.0004	0
R	0.0001	0	0.0001	0
I	0.0001	0	0.0002	0
L	0.0007	0	0.0033	0
G	0.0001	0	0.0003	0
L	0.0002	0	0.0003	0
K	0.0003	0	0.0007	0
P	0.0002	0	0.0004	0
T	0.0002	0	0.0005	0
V	0.0001	0	0.0001	0
I	0.0001	0	0.0002	0
F	0.0000	0	0.0000	0
A	0.0002	0	0.0004	0
D	0.0017	0	0.0040	0
Q	0.0040	0	0.0087	0
I	0.0001	0	0.0001	0
M	0.0007	0	0.0022	0
Y	0.0009	0	0.0034	0
T	0.0001	0	0.0001	0
G	0.0000	0	0.0000	0
F	0.0000	0	0.0000	0
A	0.0002	0	0.0002	0
Y	0.0001	0	0.0001	0
A	0.0000	0	0.0000	0
A	0.0001	0	0.0001	0
R	0.0001	0	0.0001	0
S	0.0002	0	0.0003	0
G	0.0002	0	0.0006	0
A	0.0005	0	0.0009	0
S	0.0491	0	0.0820	0
V	0.0076	0	0.0044	0
G	0.0045	0	0.0019	0
I	0.0011	0	0.0002	0
D	0.0025	0	0.0017	0
D	0.0073	0	0.0137	0
M	0.0001	0	0.0001	0
V	0.0021	0	0.0019	0
I	0.0003	0	0.0001	0
P	0.0002	0	0.0000	0
E	0.0002	0	0.0000	0
K	0.0003	0	0.0000	0
K	0.0017	0	0.0004	0
H	0.0002	0	0.0000	0
E	0.0000	0	0.0000	0
I	0.0000	0	0.0000	0
I	0.0000	0	0.0000	0
S	0.0000	0	0.0000	0
E	0.0000	0	0.0000	0
A	0.0000	0	0.0000	0
E	0.0000	0	0.0000	0
A	0.0000	0	0.0000	0
E	0.0000	0	0.0000	0
V	0.0000	0	0.0000	0
A	0.0000	0	0.0000	0
E	0.0000	0	0.0000	0
I	0.0000	0	0.0000	0
Q	0.0000	0	0.0000	0
E	0.0000	0	0.0000	0
Q	0.0000	0	0.0000	0
F	0.0000	0	0.0000	0
Q	0.0001	0	0.0000	0
S	0.0001	0	0.0000	0
G	0.0000	0	0.0000	0
L	0.0000	0	0.0000	0
V	0.0000	0	0.0000	0
T	0.0000	0	0.0000	0
A	0.0001	0	0.0000	0
G	0.0001	0	0.0000	0
E	0.0001	0	0.0000	0
R	0.0009	0	0.0004	0
Y	0.0004	0	0.0002	0
N	0.0005	0	0.0003	0
K	0.0008	0	0.0009	0
V	0.0001	0	0.0000	0
I	0.0001	0	0.0001	0
D	0.0002	0	0.0004	0
I	0.0001	0	0.0000	0
W	0.0001	0	0.0002	0
A	0.0025	0	0.0037	0
A	0.0007	0	0.0009	0
A	0.0001	0	0.0001	0
N	0.0038	0	0.0240	0
D	0.0012	0	0.0022	0
R	0.0028	0	0.0027	0
V	0.0003	0	0.0003	0
S	0.0003	0	0.0002	0
K	0.0107	0	0.0153	0
A	0.0003	0	0.0001	0
M	0.0001	0	0.0001	0
M	0.0018	0	0.0020	0
D	0.0004	0	0.0003	0
N	0.0001	0	0.0000	0
L	0.0000	0	0.0000	0
Q	0.0004	0	0.0002	0
T	0.0002	0	0.0001	0
E	0.0002	0	0.0001	0
T	0.0005	0	0.0002	0
V	0.0015	0	0.0006	0
I	0.0027	0	0.0011	0
N	0.0029	0	0.0008	0
R	0.0083	0	0.0021	0
D	0.0048	0	0.0017	0
G	0.0037	0	0.0012	0
Q	0.0025	0	0.0010	0
E	0.0020	0	0.0008	0
E	0.0010	0	0.0005	0
K	0.0022	0	0.0018	0
Q	0.0004	0	0.0005	0
V	0.0007	0	0.0008	0
S	0.0002	0	0.0006	0
F	0.0007	0	0.0119	0
N	0.0779	0	0.4247	1
S	0.1775	0	0.5325	1
I	0.0139	0	0.0612	0
Y	0.0005	0	0.0050	0
M	0.0015	0	0.0242	0
M	0.0276	0	0.2422	1
A	0.0026	0	0.0224	0
D	0.0026	0	0.0466	0
S	0.0806	0	0.4021	1
G	0.0828	0	0.4242	1
A	0.0037	0	0.0380	0
R	0.1339	0	0.5844	1
G	0.0679	0	0.1091	0
S	0.0626	0	0.0417	0
A	0.0603	0	0.0164	0
A	0.0169	0	0.0083	0
Q	0.2356	0	0.1478	0
I	0.0007	0	0.0003	0
R	0.0070	0	0.0078	0
Q	0.0349	0	0.0868	0
L	0.0029	0	0.0050	0
A	0.0002	0	0.0003	0
G	0.0004	0	0.0003	0
M	0.0005	0	0.0005	0
R	0.0147	0	0.0195	0
G	0.0032	0	0.0097	0
L	0.0018	0	0.0250	0
M	0.0220	0	0.3736	1
A	0.0137	0	0.4547	1
K	0.0357	0	0.4606	1
P	0.0106	0	0.0809	0
D	0.0326	0	0.2266	1
G	0.0017	0	0.0192	0
S	0.0013	0	0.0076	0
I	0.0006	0	0.0027	0
I	0.0060	0	0.0229	0
E	0.0089	0	0.0276	0
T	0.0207	0	0.0509	0
P	0.0033	0	0.0087	0
I	0.0005	0	0.0005	0
T	0.0166	0	0.0113	0
A	0.0395	0	0.0153	0
N	0.1139	0	0.0258	0
F	0.0126	0	0.0034	0
R	0.0006	0	0.0002	0
E	0.0002	0	0.0000	0
G	0.0001	0	0.0000	0
L	0.0000	0	0.0000	0
N	0.0001	0	0.0001	0
V	0.0001	0	0.0000	0
L	0.0001	0	0.0001	0
Q	0.0002	0	0.0004	0
Y	0.0000	0	0.0001	0
F	0.0001	0	0.0006	0
I	0.0004	0	0.0011	0
S	0.0035	0	0.0071	0
T	0.0066	0	0.0135	0
H	0.0286	0	0.0727	0
G	0.0005	0	0.0014	0
A	0.0001	0	0.0004	0
R	0.0021	0	0.0159	0
K	0.0002	0	0.0007	0
G	0.0003	0	0.0016	0
L	0.0000	0	0.0002	0
A	0.0000	0	0.0000	0
D	0.0008	0	0.0052	0
T	0.0062	0	0.0252	0
A	0.0001	0	0.0001	0
L	0.0000	0	0.0001	0
K	0.0016	0	0.0031	0
T	0.0253	0	0.0599	0
A	0.0011	0	0.0027	0
N	0.0003	0	0.0010	0
S	0.0004	0	0.0019	0
G	0.0020	0	0.0082	0
Y	0.1676	0	0.4096	1
L	0.0001	0	0.0006	0
T	0.0001	0	0.0005	0
R	0.0002	0	0.0016	0
R	0.0003	0	0.0024	0
L	0.0000	0	0.0000	0
V	0.0000	0	0.0000	0
D	0.0000	0	0.0001	0
V	0.0000	0	0.0000	0
A	0.0000	0	0.0000	0
Q	0.0000	0	0.0001	0
D	0.0000	0	0.0001	0
L	0.0000	0	0.0000	0
V	0.0000	0	0.0003	0
V	0.0000	0	0.0000	0
T	0.0003	0	0.0019	0
E	0.0003	0	0.0015	0
D	0.0009	0	0.0052	0
D	0.0008	0	0.0021	0
C	0.0085	0	0.0173	0
G	0.0453	0	0.0614	0
T	0.0587	0	0.0698	0
H	0.0019	0	0.0014	0
E	0.0006	0	0.0007	0
G	0.0001	0	0.0001	0
I	0.0000	0	0.0000	0
M	0.0001	0	0.0001	0
M	0.0001	0	0.0000	0
T	0.0001	0	0.0001	0
P	0.0000	0	0.0001	0
V	0.0000	0	0.0001	0
I	0.0001	0	0.0003	0
E	0.0001	0	0.0003	0
G	0.0001	0	0.0002	0
G	0.0001	0	0.0001	0
D	0.0001	0	0.0001	0
V	0.0001	0	0.0001	0
K	0.0001	0	0.0002	0
E	0.0000	0	0.0001	0
P	0.0001	0	0.0001	0
L	0.0000	0	0.0001	0
R	0.0003	0	0.0014	0
D	0.0000	0	0.0002	0
R	0.0001	0	0.0003	0
V	0.0000	0	0.0000	0
L	0.0000	0	0.0001	0
G	0.0000	0	0.0000	0
R	0.0000	0	0.0001	0
V	0.0000	0	0.0000	0
T	0.0001	0	0.0002	0
A	0.0001	0	0.0001	0
E	0.0001	0	0.0003	0
D	0.0001	0	0.0003	0
V	0.0001	0	0.0002	0
L	0.0004	0	0.0010	0
K	0.0002	0	0.0002	0
P	0.0003	0	0.0005	0
G	0.0002	0	0.0004	0
T	0.0005	0	0.0011	0
A	0.0006	0	0.0012	0
D	0.0002	0	0.0003	0
I	0.0001	0	0.0002	0
L	0.0006	0	0.0009	0
V	0.0001	0	0.0000	0
P	0.0003	0	0.0004	0
R	0.0011	0	0.0020	0
N	0.0003	0	0.0005	0
T	0.0001	0	0.0001	0
L	0.0001	0	0.0000	0
L	0.0000	0	0.0001	0
H	0.0001	0	0.0003	0
E	0.0002	0	0.0004	0
Q	0.0004	0	0.0010	0
W	0.0002	0	0.0005	0
C	0.0000	0	0.0001	0
D	0.0000	0	0.0001	0
L	0.0000	0	0.0001	0
L	0.0000	0	0.0000	0
E	0.0000	0	0.0001	0
E	0.0000	0	0.0001	0
N	0.0000	0	0.0001	0
S	0.0000	0	0.0000	0
V	0.0001	0	0.0001	0
D	0.0001	0	0.0002	0
A	0.0001	0	0.0001	0
V	0.0001	0	0.0001	0
K	0.0001	0	0.0001	0
V	0.0001	0	0.0001	0
R	0.0020	0	0.0063	0
S	0.0004	0	0.0005	0
V	0.0001	0	0.0002	0
V	0.0003	0	0.0005	0
S	0.0006	0	0.0019	0
C	0.0003	0	0.0007	0
D	0.0114	0	0.0329	0
T	0.0136	0	0.0401	0
D	0.0893	0	0.2248	1
F	0.2756	0	0.4598	1
G	0.0181	0	0.0638	0
V	0.0020	0	0.0073	0
C	0.0006	0	0.0022	0
A	0.0384	0	0.1386	0
H	0.0250	0	0.0956	0
C	0.0017	0	0.0073	0
Y	0.0990	0	0.4179	1
G	0.0032	0	0.0274	0
R	0.0063	0	0.0798	0
D	0.0013	0	0.0158	0
L	0.0011	0	0.0134	0
A	0.0106	0	0.1364	0
R	0.0417	0	0.3217	1
G	0.0231	0	0.2137	1
H	0.0156	0	0.1485	0
I	0.0483	0	0.3422	1
I	0.0072	0	0.0985	0
N	0.0052	0	0.0820	0
K	0.0034	0	0.0633	0
G	0.0006	0	0.0134	0
E	0.0020	0	0.0593	0
A	0.0030	0	0.0791	0
I	0.0032	0	0.0590	0
G	0.0142	0	0.1815	1
V	0.0004	0	0.0048	0
I	0.0002	0	0.0018	0
A	0.0004	0	0.0048	0
A	0.0004	0	0.0039	0
Q	0.0018	0	0.0209	0
S	0.0008	0	0.0084	0
I	0.0008	0	0.0081	0
G	0.0031	0	0.0386	0
E	0.0107	0	0.0852	0
P	0.0009	0	0.0049	0
G	0.0062	0	0.0325	0
T	0.0492	0	0.2068	1
Q	0.0342	0	0.1505	1
L	0.0474	0	0.1535	1
T	0.0054	0	0.0158	0
M	0.0147	0	0.0322	0
R	0.1055	0	0.1587	1
T	0.0758	0	0.1010	0
F	0.0088	0	0.0073	0
H	0.1851	0	0.1068	0
I	0.1120	0	0.0355	0
G	0.2391	0	0.0831	0
G	0.2060	0	0.0649	0
A	0.3444	0	0.0989	0
A	0.3599	1	0.0801	0
S	0.2541	0	0.0607	0
R	0.2320	0	0.0464	0
A	0.1878	0	0.0333	0
A	0.1590	0	0.0267	0
A	0.1821	0	0.0656	0
E	0.0525	0	0.0129	0
S	0.0277	0	0.0087	0
S	0.0441	0	0.0174	0
I	0.0019	0	0.0005	0
Q	0.0993	0	0.0567	0
V	0.0018	0	0.0003	0
K	0.0428	0	0.0197	0
N	0.0105	0	0.0026	0
K	0.0016	0	0.0003	0
G	0.0003	0	0.0001	0
S	0.0014	0	0.0005	0
I	0.0002	0	0.0001	0
K	0.0331	0	0.0376	0
L	0.0027	0	0.0015	0
S	0.0068	0	0.0063	0
N	0.0045	0	0.0043	0
V	0.0027	0	0.0021	0
K	0.0436	0	0.0463	0
S	0.0016	0	0.0005	0
V	0.0008	0	0.0003	0
V	0.0349	0	0.0261	0
N	0.0022	0	0.0011	0
S	0.0032	0	0.0025	0
S	0.0036	0	0.0045	0
G	0.0050	0	0.0067	0
K	0.0011	0	0.0008	0
L	0.0002	0	0.0001	0
V	0.0002	0	0.0001	0
I	0.0007	0	0.0003	0
T	0.0005	0	0.0003	0
S	0.0003	0	0.0002	0
R	0.0014	0	0.0012	0
N	0.0016	0	0.0017	0
T	0.0001	0	0.0001	0
E	0.0002	0	0.0003	0
L	0.0001	0	0.0001	0
K	0.0001	0	0.0000	0
L	0.0000	0	0.0000	0
I	0.0001	0	0.0001	0
D	0.0001	0	0.0002	0
E	0.0005	0	0.0006	0
F	0.0005	0	0.0005	0
G	0.0005	0	0.0004	0
R	0.0005	0	0.0003	0
T	0.0002	0	0.0001	0
K	0.0012	0	0.0009	0
E	0.0002	0	0.0002	0
S	0.0002	0	0.0003	0
Y	0.0002	0	0.0002	0
K	0.0018	0	0.0047	0
V	0.0002	0	0.0001	0
P	0.0012	0	0.0014	0
Y	0.0006	0	0.0014	0
G	0.0003	0	0.0018	0
A	0.0001	0	0.0006	0
V	0.0002	0	0.0021	0
L	0.0000	0	0.0001	0
A	0.0001	0	0.0005	0
K	0.0001	0	0.0004	0
G	0.0000	0	0.0002	0
D	0.0000	0	0.0001	0
G	0.0000	0	0.0001	0
E	0.0001	0	0.0001	0
Q	0.0001	0	0.0002	0
V	0.0000	0	0.0000	0
A	0.0001	0	0.0002	0
G	0.0001	0	0.0002	0
G	0.0001	0	0.0003	0
E	0.0001	0	0.0003	0
T	0.0001	0	0.0001	0
V	0.0001	0	0.0002	0
A	0.0001	0	0.0001	0
N	0.0018	0	0.0054	0
W	0.0150	0	0.0443	0
D	0.0419	0	0.1340	0
P	0.0089	0	0.0162	0
H	0.0207	0	0.0579	0
T	0.0040	0	0.0098	0
M	0.0004	0	0.0012	0
P	0.0000	0	0.0000	0
V	0.0000	0	0.0000	0
I	0.0000	0	0.0000	0
T	0.0000	0	0.0000	0
E	0.0000	0	0.0000	0
V	0.0001	0	0.0001	0
S	0.0001	0	0.0001	0
G	0.0000	0	0.0001	0
F	0.0004	0	0.0008	0
V	0.0001	0	0.0002	0
R	0.0008	0	0.0015	0
F	0.0014	0	0.0027	0
T	0.0001	0	0.0003	0
D	0.0001	0	0.0002	0
M	0.0001	0	0.0001	0
I	0.0003	0	0.0008	0
D	0.0002	0	0.0003	0
G	0.0003	0	0.0003	0
Q	0.0002	0	0.0001	0
T	0.0003	0	0.0001	0
I	0.0001	0	0.0000	0
T	0.0012	0	0.0004	0
R	0.0077	0	0.0028	0
Q	0.0087	0	0.0029	0
T	0.0135	0	0.0059	0
D	0.0136	0	0.0061	0
E	0.0381	0	0.0127	0
L	0.2424	0	0.1515	1
T	0.3554	1	0.2286	1
G	0.2054	0	0.1027	0
L	0.1637	0	0.1177	0
S	0.0320	0	0.0196	0
S	0.0242	0	0.0163	0
L	0.0026	0	0.0020	0
V	0.0013	0	0.0006	0
V	0.0014	0	0.0009	0
L	0.0011	0	0.0010	0
D	0.0325	0	0.0339	0
S	0.1460	0	0.1268	0
A	0.1694	0	0.1250	0
E	0.3253	0	0.2281	1
R	0.2208	0	0.1418	0
T	0.2594	0	0.1734	1
A	0.4584	1	0.2986	1
G	0.3243	0	0.1533	1
G	0.1522	0	0.0704	0
K	0.3046	0	0.1899	1
D	0.0847	0	0.0540	0
L	0.0442	0	0.0336	0
R	0.0254	0	0.0201	0
P	0.0009	0	0.0005	0
A	0.0005	0	0.0004	0
L	0.0001	0	0.0001	0
K	0.0004	0	0.0003	0
I	0.0002	0	0.0002	0
V	0.0003	0	0.0005	0
D	0.0010	0	0.0022	0
A	0.0036	0	0.0091	0
Q	0.0091	0	0.0257	0
G	0.0018	0	0.0040	0
N	0.0061	0	0.0123	0
D	0.0024	0	0.0042	0
V	0.0037	0	0.0051	0
L	0.0374	0	0.0783	0
I	0.0040	0	0.0065	0
P	0.0198	0	0.0440	0
G	0.0423	0	0.1006	0
T	0.0119	0	0.0258	0
D	0.0077	0	0.0211	0
M	0.0020	0	0.0062	0
P	0.0050	0	0.0236	0
A	0.0005	0	0.0017	0
Q	0.0007	0	0.0024	0
Y	0.0010	0	0.0030	0
F	0.0006	0	0.0024	0
L	0.0001	0	0.0003	0
P	0.0001	0	0.0003	0
G	0.0002	0	0.0008	0
K	0.0003	0	0.0011	0
A	0.0001	0	0.0002	0
I	0.0003	0	0.0005	0
V	0.0001	0	0.0001	0
Q	0.0005	0	0.0011	0
L	0.0002	0	0.0005	0
E	0.0004	0	0.0026	0
D	0.0003	0	0.0014	0
G	0.0005	0	0.0046	0
V	0.0005	0	0.0034	0
Q	0.0017	0	0.0085	0
I	0.0008	0	0.0048	0
S	0.0009	0	0.0087	0
S	0.0003	0	0.0027	0
G	0.0002	0	0.0017	0
D	0.0002	0	0.0010	0
T	0.0001	0	0.0004	0
L	0.0001	0	0.0003	0
A	0.0000	0	0.0002	0
R	0.0005	0	0.0038	0
I	0.0001	0	0.0004	0
P	0.0007	0	0.0014	0
Q	0.0016	0	0.0054	0
E	0.0034	0	0.0078	0
S	0.0143	0	0.0250	0
G	0.0025	0	0.0045	0
G	0.0089	0	0.0233	0
T	0.0071	0	0.0255	0
K	0.0023	0	0.0163	0
D	0.0005	0	0.0044	0
I	0.0008	0	0.0059	0
T	0.0250	0	0.2146	1
G	0.0565	0	0.3199	1
G	0.0080	0	0.0768	0
L	0.0001	0	0.0006	0
P	0.0001	0	0.0010	0
R	0.0161	0	0.2278	1
V	0.0001	0	0.0004	0
A	0.0000	0	0.0002	0
D	0.0000	0	0.0001	0
L	0.0000	0	0.0001	0
F	0.0000	0	0.0002	0
E	0.0003	0	0.0033	0
A	0.0001	0	0.0005	0
R	0.1028	0	0.2685	1
R	0.0587	0	0.1797	1
P	0.0039	0	0.0104	0
K	0.0558	0	0.1855	1
E	0.0021	0	0.0053	0
P	0.0015	0	0.0024	0
A	0.0001	0	0.0001	0
I	0.0002	0	0.0001	0
L	0.0004	0	0.0002	0
A	0.0003	0	0.0001	0
E	0.0003	0	0.0002	0
I	0.0009	0	0.0009	0
S	0.0008	0	0.0016	0
G	0.0005	0	0.0011	0
I	0.0034	0	0.0068	0
V	0.0004	0	0.0005	0
S	0.0625	0	0.1902	1
F	0.0026	0	0.0077	0
G	0.0145	0	0.0514	0
K	0.0055	0	0.0173	0
E	0.0060	0	0.0200	0
T	0.0184	0	0.0621	0
K	0.1820	0	0.2945	1
G	0.0060	0	0.0154	0
K	0.0101	0	0.0236	0
R	0.0033	0	0.0079	0
R	0.1086	0	0.2249	1
L	0.0017	0	0.0049	0
V	0.0045	0	0.0143	0
I	0.0008	0	0.0024	0
T	0.0314	0	0.0757	0
P	0.0022	0	0.0077	0
V	0.0050	0	0.0198	0
D	0.0011	0	0.0046	0
G	0.0005	0	0.0022	0
S	0.0011	0	0.0051	0
D	0.0005	0	0.0016	0
P	0.0003	0	0.0010	0
Y	0.0078	0	0.0243	0
E	0.0005	0	0.0014	0
E	0.0009	0	0.0027	0
M	0.0041	0	0.0180	0
I	0.0027	0	0.0115	0
P	0.0022	0	0.0108	0
K	0.0015	0	0.0093	0
W	0.0076	0	0.0462	0
R	0.0017	0	0.0078	0
Q	0.0052	0	0.0226	0
L	0.0004	0	0.0019	0
N	0.0013	0	0.0070	0
V	0.0007	0	0.0038	0
F	0.0066	0	0.0635	0
E	0.0016	0	0.0127	0
G	0.0065	0	0.0500	0
E	0.0175	0	0.0834	0
R	0.1520	0	0.3443	1
V	0.0445	0	0.1224	0
E	0.0740	0	0.2315	1
R	0.0732	0	0.2309	1
G	0.0071	0	0.0281	0
D	0.0173	0	0.0576	0
V	0.0206	0	0.0403	0
I	0.0018	0	0.0021	0
S	0.0127	0	0.0265	0
D	0.0120	0	0.0275	0
G	0.0197	0	0.0449	0
P	0.0078	0	0.0178	0
E	0.0008	0	0.0015	0
A	0.0003	0	0.0004	0
P	0.0001	0	0.0003	0
H	0.0002	0	0.0010	0
D	0.0000	0	0.0001	0
I	0.0000	0	0.0000	0
L	0.0000	0	0.0000	0
R	0.0000	0	0.0001	0
L	0.0000	0	0.0001	0
R	0.0001	0	0.0002	0
G	0.0001	0	0.0002	0
V	0.0002	0	0.0008	0
H	0.0019	0	0.0069	0
A	0.0046	0	0.0262	0
V	0.0026	0	0.0138	0
T	0.0387	0	0.1533	1
R	0.0233	0	0.0789	0
Y	0.0158	0	0.0559	0
I	0.0011	0	0.0038	0
V	0.0005	0	0.0010	0
N	0.1038	0	0.2960	1
E	0.0138	0	0.0410	0
V	0.0001	0	0.0003	0
Q	0.0044	0	0.0285	0
D	0.0009	0	0.0064	0
V	0.0002	0	0.0006	0
Y	0.0286	0	0.1054	0
R	0.0133	0	0.0720	0
L	0.0264	0	0.1690	1
Q	0.0387	0	0.2065	1
G	0.0905	0	0.2688	1
V	0.0077	0	0.0360	0
K	0.2055	0	0.6954	1
I	0.0774	0	0.2179	1
N	0.0464	0	0.0610	0
D	0.0107	0	0.0133	0
K	0.0283	0	0.0413	0
H	0.1577	0	0.2588	1
I	0.0010	0	0.0011	0
E	0.0004	0	0.0009	0
V	0.0001	0	0.0001	0
I	0.0001	0	0.0000	0
V	0.0001	0	0.0000	0
R	0.0051	0	0.0019	0
Q	0.0016	0	0.0006	0
M	0.0060	0	0.0042	0
L	0.0013	0	0.0015	0
R	0.0104	0	0.0179	0
K	0.0015	0	0.0024	0
A	0.0002	0	0.0001	0
T	0.0051	0	0.0098	0
I	0.0013	0	0.0016	0
V	0.0092	0	0.0160	0
N	0.0019	0	0.0020	0
A	0.0009	0	0.0006	0
G	0.0020	0	0.0010	0
S	0.0066	0	0.0036	0
S	0.0517	0	0.0316	0
D	0.0123	0	0.0045	0
F	0.0018	0	0.0004	0
L	0.0013	0	0.0005	0
E	0.0015	0	0.0004	0
G	0.0013	0	0.0007	0
E	0.0006	0	0.0001	0
Q	0.0010	0	0.0002	0
V	0.0004	0	0.0002	0
E	0.0000	0	0.0000	0
Y	0.0001	0	0.0000	0
S	0.0001	0	0.0000	0
R	0.0001	0	0.0000	0
V	0.0001	0	0.0000	0
K	0.0000	0	0.0000	0
I	0.0000	0	0.0000	0
A	0.0000	0	0.0000	0
N	0.0002	0	0.0002	0
R	0.0001	0	0.0000	0
E	0.0001	0	0.0000	0
L	0.0001	0	0.0000	0
E	0.0002	0	0.0002	0
A	0.0000	0	0.0000	0
N	0.0000	0	0.0000	0
G	0.0000	0	0.0000	0
K	0.0001	0	0.0001	0
V	0.0001	0	0.0001	0
G	0.0001	0	0.0002	0
A	0.0000	0	0.0001	0
T	0.0005	0	0.0016	0
Y	0.0032	0	0.0081	0
S	0.0159	0	0.0284	0
R	0.0010	0	0.0015	0
D	0.0005	0	0.0015	0
L	0.0002	0	0.0006	0
L	0.0018	0	0.0041	0
G	0.0009	0	0.0018	0
I	0.0008	0	0.0015	0
T	0.0093	0	0.0186	0
K	0.1092	0	0.2704	1
A	0.0009	0	0.0009	0
S	0.0001	0	0.0002	0
L	0.0001	0	0.0003	0
A	0.0008	0	0.0133	0
T	0.0040	0	0.0548	0
E	0.0053	0	0.0204	0
S	0.0013	0	0.0046	0
F	0.0001	0	0.0001	0
I	0.0001	0	0.0003	0
S	0.0021	0	0.0040	0
A	0.0089	0	0.0059	0
A	0.0002	0	0.0001	0
S	0.0080	0	0.0138	0
F	0.0005	0	0.0001	0
Q	0.0294	0	0.0016	0
E	0.0019	0	0.0000	0
T	0.0003	0	0.0000	0
T	0.0001	0	0.0000	0
R	0.0006	0	0.0000	0
V	0.0000	0	0.0000	0
L	0.0000	0	0.0000	0
T	0.0000	0	0.0000	0
E	0.0001	0	0.0000	0
A	0.0000	0	0.0000	0
A	0.0000	0	0.0000	0
V	0.0000	0	0.0000	0
A	0.0002	0	0.0001	0
G	0.0007	0	0.0001	0
K	0.0015	0	0.0003	0
R	0.0010	0	0.0003	0
D	0.0009	0	0.0002	0
E	0.0008	0	0.0001	0
L	0.0001	0	0.0000	0
R	0.0002	0	0.0002	0
G	0.0001	0	0.0000	0
L	0.0001	0	0.0000	0
K	0.0005	0	0.0004	0
E	0.0029	0	0.0016	0
N	0.0058	0	0.0070	0
V	0.0002	0	0.0001	0
I	0.0001	0	0.0000	0
V	0.0001	0	0.0000	0
G	0.0004	0	0.0001	0
R	0.0079	0	0.0024	0
L	0.0016	0	0.0005	0
I	0.0049	0	0.0015	0
P	0.0093	0	0.0017	0
A	0.0009	0	0.0002	0
G	0.0351	0	0.0085	0
T	0.0899	0	0.0198	0
G	0.0041	0	0.0003	0
Y	0.0006	0	0.0001	0
A	0.0015	0	0.0001	0
Y	0.1760	0	0.0069	0
H	0.0030	0	0.0000	0
Q	0.0046	0	0.0001	0
D	0.0019	0	0.0000	0
R	0.0005	0	0.0000	0
M	0.0005	0	0.0000	0
R	0.0003	0	0.0000	0
R	0.0005	0	0.0000	0
R	0.0001	0	0.0000	0
A	0.0001	0	0.0000	0
A	0.0001	0	0.0000	0
G	0.0001	0	0.0000	0
E	0.0001	0	0.0000	0
A	0.0001	0	0.0000	0
P	0.0001	0	0.0000	0
A	0.0001	0	0.0000	0
A	0.0001	0	0.0000	0
P	0.0001	0	0.0000	0
Q	0.0002	0	0.0000	0
V	0.0002	0	0.0000	0
T	0.0002	0	0.0000	0
A	0.0001	0	0.0000	0
E	0.0001	0	0.0000	0
D	0.0001	0	0.0000	0
A	0.0001	0	0.0000	0
S	0.0001	0	0.0000	0
A	0.0001	0	0.0000	0
S	0.0002	0	0.0000	0
L	0.0001	0	0.0000	0
A	0.0001	0	0.0000	0
E	0.0000	0	0.0000	0
L	0.0000	0	0.0000	0
L	0.0001	0	0.0000	0
N	0.0001	0	0.0000	0
A	0.0001	0	0.0000	0
G	0.0000	0	0.0000	0
L	0.0000	0	0.0000	0
G	0.0000	0	0.0000	0
G	0.0001	0	0.0000	0
S	0.0001	0	0.0000	0
D	0.0002	0	0.0000	0
N	0.0007	0	0.0000	0
E	0.0040	0	0.0003	0
</pre></body></html>