<html><head></head><body><pre style="word-wrap: break-word; white-space: pre-wrap;">&gt;Q311G8
Amino Acid	probability_DNA	binary_DNA	probability_RNA	binary_RNA
M	0.0716	0	0.0000	0
T	0.0108	0	0.0000	0
A	0.0075	0	0.0000	0
S	0.0040	0	0.0000	0
D	0.0013	0	0.0000	0
D	0.0023	0	0.0000	0
L	0.0036	0	0.0000	0
P	0.0002	0	0.0000	0
G	0.0012	0	0.0000	0
V	0.0002	0	0.0000	0
L	0.0002	0	0.0000	0
I	0.0002	0	0.0000	0
V	0.0005	0	0.0000	0
E	0.0195	0	0.0002	0
D	0.0501	0	0.0008	0
G	0.0624	0	0.0020	0
R	0.1342	0	0.0042	0
L	0.0173	0	0.0002	0
A	0.0017	0	0.0000	0
A	0.0018	0	0.0000	0
A	0.0003	0	0.0000	0
T	0.0001	0	0.0000	0
L	0.0001	0	0.0000	0
R	0.0006	0	0.0000	0
I	0.0002	0	0.0000	0
Q	0.0001	0	0.0000	0
L	0.0001	0	0.0000	0
E	0.0002	0	0.0000	0
S	0.0003	0	0.0000	0
L	0.0001	0	0.0000	0
G	0.0001	0	0.0000	0
Y	0.0001	0	0.0000	0
D	0.0001	0	0.0000	0
V	0.0001	0	0.0000	0
L	0.0001	0	0.0000	0
G	0.0000	0	0.0000	0
V	0.0001	0	0.0000	0
F	0.0001	0	0.0000	0
D	0.0001	0	0.0000	0
N	0.0001	0	0.0000	0
G	0.0001	0	0.0000	0
E	0.0001	0	0.0000	0
E	0.0002	0	0.0000	0
A	0.0001	0	0.0000	0
V	0.0002	0	0.0000	0
R	0.0006	0	0.0000	0
C	0.0002	0	0.0000	0
A	0.0001	0	0.0000	0
P	0.0005	0	0.0000	0
D	0.0006	0	0.0000	0
L	0.0004	0	0.0000	0
R	0.0018	0	0.0000	0
P	0.0002	0	0.0000	0
D	0.0010	0	0.0000	0
I	0.0001	0	0.0000	0
A	0.0001	0	0.0000	0
L	0.0001	0	0.0000	0
V	0.0001	0	0.0000	0
D	0.0003	0	0.0000	0
I	0.0001	0	0.0000	0
M	0.0003	0	0.0000	0
L	0.0007	0	0.0000	0
C	0.0003	0	0.0000	0
G	0.0007	0	0.0000	0
A	0.0027	0	0.0000	0
L	0.0016	0	0.0000	0
D	0.0366	0	0.0022	0
G	0.0365	0	0.0019	0
V	0.0068	0	0.0002	0
E	0.0018	0	0.0000	0
T	0.0002	0	0.0000	0
A	0.0002	0	0.0000	0
A	0.0143	0	0.0001	0
R	0.0007	0	0.0000	0
L	0.0004	0	0.0000	0
A	0.1055	0	0.0108	0
A	0.0024	0	0.0001	0
G	0.0068	0	0.0004	0
C	0.0020	0	0.0001	0
N	0.0014	0	0.0001	0
L	0.0006	0	0.0000	0
P	0.0147	0	0.0006	0
I	0.0020	0	0.0000	0
I	0.0040	0	0.0001	0
F	0.0008	0	0.0000	0
I	0.0014	0	0.0000	0
T	0.0063	0	0.0001	0
S	0.0096	0	0.0001	0
S	0.0421	0	0.0007	0
Q	0.0096	0	0.0001	0
D	0.0070	0	0.0001	0
V	0.0044	0	0.0000	0
E	0.0046	0	0.0000	0
T	0.0022	0	0.0000	0
F	0.0018	0	0.0000	0
Q	0.0015	0	0.0000	0
R	0.0019	0	0.0000	0
A	0.0006	0	0.0000	0
K	0.0023	0	0.0000	0
R	0.0024	0	0.0000	0
V	0.0007	0	0.0000	0
N	0.0067	0	0.0002	0
P	0.0023	0	0.0001	0
F	0.0054	0	0.0002	0
G	0.0150	0	0.0009	0
Y	0.3369	0	0.0159	0
L	0.0093	0	0.0000	0
A	0.0586	0	0.0001	0
K	0.6844	1	0.0016	0
P	0.0994	0	0.0001	0
V	0.0935	0	0.0000	0
A	0.2189	0	0.0002	0
A	0.0134	0	0.0000	0
D	0.0101	0	0.0000	0
T	0.0191	0	0.0000	0
L	0.0009	0	0.0000	0
H	0.0024	0	0.0000	0
R	0.0047	0	0.0000	0
S	0.0035	0	0.0000	0
I	0.0010	0	0.0000	0
E	0.0158	0	0.0000	0
M	0.0266	0	0.0001	0
A	0.0023	0	0.0000	0
I	0.0022	0	0.0000	0
H	0.0097	0	0.0000	0
K	0.0442	0	0.0002	0
K	0.0256	0	0.0001	0
K	0.0286	0	0.0001	0
L	0.0395	0	0.0001	0
E	0.0069	0	0.0000	0
Q	0.0070	0	0.0000	0
R	0.0019	0	0.0000	0
L	0.0010	0	0.0000	0
L	0.0043	0	0.0000	0
E	0.0047	0	0.0000	0
S	0.0026	0	0.0000	0
E	0.0013	0	0.0000	0
A	0.0032	0	0.0000	0
R	0.0025	0	0.0000	0
Y	0.0006	0	0.0000	0
R	0.0038	0	0.0000	0
L	0.0022	0	0.0000	0
I	0.0007	0	0.0000	0
V	0.0007	0	0.0000	0
E	0.0024	0	0.0000	0
S	0.0027	0	0.0000	0
L	0.0011	0	0.0000	0
N	0.0032	0	0.0000	0
D	0.0016	0	0.0000	0
G	0.0005	0	0.0000	0
L	0.0006	0	0.0000	0
A	0.0006	0	0.0000	0
I	0.0009	0	0.0000	0
L	0.0010	0	0.0000	0
D	0.0022	0	0.0000	0
A	0.0029	0	0.0000	0
G	0.0031	0	0.0000	0
Y	0.0016	0	0.0000	0
H	0.0023	0	0.0000	0
I	0.0008	0	0.0000	0
R	0.0014	0	0.0000	0
Y	0.0065	0	0.0000	0
C	0.0016	0	0.0000	0
N	0.0065	0	0.0001	0
T	0.0147	0	0.0002	0
K	0.0041	0	0.0000	0
L	0.0005	0	0.0000	0
V	0.0004	0	0.0000	0
A	0.0003	0	0.0000	0
M	0.0002	0	0.0000	0
L	0.0001	0	0.0000	0
Q	0.0011	0	0.0000	0
N	0.0009	0	0.0000	0
T	0.0010	0	0.0000	0
G	0.0036	0	0.0000	0
A	0.0006	0	0.0000	0
V	0.0003	0	0.0000	0
A	0.0002	0	0.0000	0
L	0.0003	0	0.0000	0
H	0.0007	0	0.0000	0
A	0.0021	0	0.0000	0
P	0.0021	0	0.0000	0
F	0.0021	0	0.0000	0
T	0.0016	0	0.0000	0
S	0.0024	0	0.0000	0
L	0.0009	0	0.0000	0
L	0.0017	0	0.0000	0
H	0.0043	0	0.0000	0
P	0.0049	0	0.0000	0
G	0.0045	0	0.0000	0
S	0.0044	0	0.0000	0
V	0.0087	0	0.0001	0
S	0.0116	0	0.0001	0
R	0.0207	0	0.0001	0
F	0.0010	0	0.0000	0
L	0.0020	0	0.0000	0
L	0.0035	0	0.0000	0
T	0.0005	0	0.0000	0
A	0.0006	0	0.0000	0
Q	0.0062	0	0.0001	0
S	0.0050	0	0.0000	0
A	0.0017	0	0.0000	0
A	0.0015	0	0.0000	0
T	0.0048	0	0.0000	0
S	0.0145	0	0.0001	0
G	0.0097	0	0.0000	0
F	0.0130	0	0.0001	0
A	0.0167	0	0.0001	0
S	0.0100	0	0.0000	0
F	0.0053	0	0.0000	0
G	0.0076	0	0.0000	0
G	0.0021	0	0.0000	0
N	0.0330	0	0.0006	0
L	0.0079	0	0.0001	0
Q	0.0380	0	0.0009	0
A	0.0487	0	0.0019	0
V	0.0720	0	0.0033	0
D	0.0202	0	0.0007	0
D	0.0167	0	0.0005	0
V	0.0198	0	0.0006	0
A	0.0216	0	0.0007	0
L	0.0314	0	0.0009	0
P	0.0476	0	0.0012	0
V	0.0041	0	0.0001	0
R	0.1592	0	0.0104	0
V	0.0068	0	0.0001	0
G	0.0696	0	0.0021	0
V	0.0249	0	0.0004	0
S	0.0637	0	0.0009	0
C	0.0255	0	0.0002	0
R	0.0461	0	0.0005	0
K	0.2949	0	0.0077	0
A	0.0895	0	0.0013	0
E	0.1391	0	0.0035	0
G	0.0489	0	0.0007	0
N	0.0463	0	0.0004	0
R	0.0586	0	0.0004	0
Q	0.0138	0	0.0001	0
S	0.0056	0	0.0000	0
E	0.0022	0	0.0000	0
Y	0.0019	0	0.0000	0
V	0.0008	0	0.0000	0
C	0.0008	0	0.0000	0
V	0.0009	0	0.0000	0
L	0.0017	0	0.0000	0
T	0.0059	0	0.0001	0
D	0.0111	0	0.0002	0
V	0.0134	0	0.0001	0
S	0.1500	0	0.0026	0
E	0.0474	0	0.0004	0
L	0.0213	0	0.0002	0
V	0.0815	0	0.0011	0
A	0.0259	0	0.0002	0
S	0.0044	0	0.0000	0
A	0.0016	0	0.0000	0
A	0.0015	0	0.0000	0
A	0.0012	0	0.0000	0
Q	0.0004	0	0.0000	0
R	0.0035	0	0.0000	0
E	0.0010	0	0.0000	0
A	0.0007	0	0.0000	0
E	0.0008	0	0.0000	0
A	0.0011	0	0.0000	0
K	0.0050	0	0.0001	0
Y	0.0002	0	0.0000	0
R	0.0044	0	0.0001	0
T	0.0009	0	0.0000	0
I	0.0001	0	0.0000	0
F	0.0002	0	0.0000	0
E	0.0011	0	0.0000	0
N	0.0013	0	0.0000	0
A	0.0005	0	0.0000	0
H	0.0007	0	0.0000	0
E	0.0007	0	0.0000	0
G	0.0004	0	0.0000	0
I	0.0004	0	0.0000	0
F	0.0003	0	0.0000	0
Q	0.0003	0	0.0000	0
A	0.0003	0	0.0000	0
R	0.0010	0	0.0000	0
A	0.0006	0	0.0000	0
D	0.0009	0	0.0000	0
G	0.0007	0	0.0000	0
R	0.0010	0	0.0000	0
F	0.0006	0	0.0000	0
L	0.0011	0	0.0000	0
E	0.0025	0	0.0000	0
V	0.0008	0	0.0000	0
N	0.0443	0	0.0012	0
P	0.0109	0	0.0001	0
S	0.0036	0	0.0000	0
M	0.0005	0	0.0000	0
A	0.0003	0	0.0000	0
A	0.0006	0	0.0000	0
L	0.0001	0	0.0000	0
F	0.0001	0	0.0000	0
G	0.0003	0	0.0000	0
F	0.0006	0	0.0000	0
P	0.0007	0	0.0000	0
D	0.0073	0	0.0000	0
A	0.0008	0	0.0000	0
A	0.0005	0	0.0000	0
T	0.0003	0	0.0000	0
M	0.0007	0	0.0000	0
L	0.0013	0	0.0000	0
H	0.0213	0	0.0002	0
E	0.0206	0	0.0001	0
V	0.0171	0	0.0001	0
P	0.0112	0	0.0001	0
S	0.0095	0	0.0001	0
L	0.0043	0	0.0001	0
C	0.0037	0	0.0000	0
A	0.0106	0	0.0001	0
L	0.0008	0	0.0000	0
F	0.0013	0	0.0000	0
A	0.0022	0	0.0000	0
T	0.0057	0	0.0000	0
G	0.0024	0	0.0000	0
A	0.0064	0	0.0000	0
E	0.0026	0	0.0000	0
Q	0.0025	0	0.0000	0
G	0.0022	0	0.0000	0
E	0.0080	0	0.0000	0
H	0.0011	0	0.0000	0
C	0.0005	0	0.0000	0
L	0.0013	0	0.0000	0
P	0.0072	0	0.0000	0
F	0.0016	0	0.0000	0
L	0.0018	0	0.0000	0
A	0.0056	0	0.0000	0
S	0.0047	0	0.0000	0
Q	0.0110	0	0.0000	0
E	0.0118	0	0.0000	0
S	0.0232	0	0.0001	0
V	0.0293	0	0.0001	0
H	0.0810	0	0.0005	0
G	0.0249	0	0.0001	0
F	0.0093	0	0.0000	0
Q	0.0045	0	0.0000	0
L	0.0020	0	0.0000	0
Q	0.0248	0	0.0005	0
L	0.0053	0	0.0001	0
M	0.0916	0	0.0034	0
T	0.0639	0	0.0029	0
R	0.4360	1	0.0644	0
K	0.0500	0	0.0037	0
G	0.0064	0	0.0003	0
D	0.0088	0	0.0002	0
T	0.0026	0	0.0001	0
V	0.0075	0	0.0001	0
W	0.0028	0	0.0001	0
V	0.0008	0	0.0000	0
E	0.0029	0	0.0001	0
L	0.0010	0	0.0000	0
S	0.0027	0	0.0001	0
C	0.0004	0	0.0000	0
H	0.0006	0	0.0000	0
T	0.0004	0	0.0000	0
V	0.0009	0	0.0000	0
L	0.0066	0	0.0001	0
D	0.0017	0	0.0000	0
A	0.0053	0	0.0001	0
A	0.0021	0	0.0000	0
G	0.0011	0	0.0000	0
N	0.0016	0	0.0000	0
V	0.0007	0	0.0000	0
N	0.0007	0	0.0000	0
R	0.0008	0	0.0000	0
L	0.0004	0	0.0000	0
E	0.0005	0	0.0000	0
G	0.0004	0	0.0000	0
M	0.0007	0	0.0000	0
I	0.0007	0	0.0000	0
I	0.0028	0	0.0000	0
D	0.0020	0	0.0000	0
V	0.0054	0	0.0001	0
T	0.0124	0	0.0002	0
E	0.0031	0	0.0000	0
R	0.0074	0	0.0001	0
R	0.0485	0	0.0007	0
K	0.0070	0	0.0001	0
H	0.0014	0	0.0000	0
E	0.0010	0	0.0000	0
L	0.0015	0	0.0000	0
H	0.0008	0	0.0000	0
L	0.0009	0	0.0000	0
L	0.0022	0	0.0000	0
R	0.0049	0	0.0001	0
L	0.0010	0	0.0000	0
A	0.0009	0	0.0000	0
T	0.0006	0	0.0000	0
K	0.0005	0	0.0000	0
D	0.0006	0	0.0000	0
D	0.0045	0	0.0000	0
L	0.0161	0	0.0002	0
T	0.0067	0	0.0001	0
G	0.0012	0	0.0000	0
V	0.0004	0	0.0000	0
S	0.0008	0	0.0000	0
N	0.0126	0	0.0001	0
R	0.0074	0	0.0000	0
A	0.0014	0	0.0000	0
A	0.0004	0	0.0000	0
F	0.0004	0	0.0000	0
R	0.0004	0	0.0000	0
D	0.0008	0	0.0000	0
M	0.0003	0	0.0000	0
L	0.0001	0	0.0000	0
K	0.0002	0	0.0000	0
K	0.0001	0	0.0000	0
S	0.0001	0	0.0000	0
V	0.0001	0	0.0000	0
E	0.0002	0	0.0000	0
E	0.0002	0	0.0000	0
V	0.0001	0	0.0000	0
K	0.0003	0	0.0000	0
E	0.0002	0	0.0000	0
S	0.0003	0	0.0000	0
S	0.0002	0	0.0000	0
I	0.0002	0	0.0000	0
C	0.0002	0	0.0000	0
S	0.0001	0	0.0000	0
A	0.0001	0	0.0000	0
L	0.0001	0	0.0000	0
L	0.0001	0	0.0000	0
Y	0.0001	0	0.0000	0
I	0.0003	0	0.0000	0
D	0.0065	0	0.0001	0
L	0.0047	0	0.0000	0
N	0.0600	0	0.0004	0
Y	0.0255	0	0.0001	0
F	0.0046	0	0.0000	0
K	0.0216	0	0.0000	0
K	0.0038	0	0.0000	0
V	0.0006	0	0.0000	0
N	0.0018	0	0.0000	0
D	0.0005	0	0.0000	0
K	0.0007	0	0.0000	0
Y	0.0030	0	0.0000	0
G	0.0004	0	0.0000	0
H	0.0002	0	0.0000	0
Y	0.0001	0	0.0000	0
V	0.0001	0	0.0000	0
G	0.0002	0	0.0000	0
D	0.0010	0	0.0000	0
M	0.0001	0	0.0000	0
V	0.0000	0	0.0000	0
L	0.0001	0	0.0000	0
R	0.0003	0	0.0000	0
E	0.0000	0	0.0000	0
V	0.0000	0	0.0000	0
A	0.0000	0	0.0000	0
A	0.0000	0	0.0000	0
R	0.0001	0	0.0000	0
L	0.0001	0	0.0000	0
S	0.0006	0	0.0000	0
S	0.0002	0	0.0000	0
R	0.0001	0	0.0000	0
V	0.0001	0	0.0000	0
R	0.0013	0	0.0000	0
T	0.0006	0	0.0000	0
A	0.0002	0	0.0000	0
D	0.0002	0	0.0000	0
V	0.0003	0	0.0000	0
I	0.0001	0	0.0000	0
G	0.0002	0	0.0000	0
R	0.0061	0	0.0000	0
V	0.0010	0	0.0000	0
G	0.0023	0	0.0000	0
G	0.0245	0	0.0000	0
D	0.1708	0	0.0001	0
E	0.0834	0	0.0000	0
F	0.0184	0	0.0000	0
C	0.0002	0	0.0000	0
V	0.0005	0	0.0000	0
L	0.0001	0	0.0000	0
L	0.0002	0	0.0000	0
R	0.0006	0	0.0000	0
G	0.0009	0	0.0000	0
V	0.0012	0	0.0000	0
G	0.0016	0	0.0000	0
G	0.0020	0	0.0000	0
V	0.0012	0	0.0000	0
E	0.0006	0	0.0000	0
R	0.0005	0	0.0000	0
A	0.0002	0	0.0000	0
V	0.0002	0	0.0000	0
S	0.0002	0	0.0000	0
L	0.0001	0	0.0000	0
A	0.0001	0	0.0000	0
E	0.0006	0	0.0000	0
D	0.0026	0	0.0000	0
M	0.0001	0	0.0000	0
R	0.0004	0	0.0000	0
G	0.0002	0	0.0000	0
V	0.0002	0	0.0000	0
L	0.0001	0	0.0000	0
D	0.0005	0	0.0000	0
K	0.0003	0	0.0000	0
P	0.0001	0	0.0000	0
F	0.0002	0	0.0000	0
E	0.0002	0	0.0000	0
N	0.0002	0	0.0000	0
L	0.0003	0	0.0000	0
P	0.0002	0	0.0000	0
E	0.0005	0	0.0000	0
E	0.0014	0	0.0000	0
H	0.0004	0	0.0000	0
R	0.0185	0	0.0001	0
L	0.0010	0	0.0000	0
G	0.5150	1	0.0010	0
M	0.0036	0	0.0000	0
S	0.3149	0	0.0011	0
I	0.0087	0	0.0000	0
G	0.1982	0	0.0005	0
V	0.0177	0	0.0000	0
L	0.0019	0	0.0000	0
L	0.0015	0	0.0000	0
L	0.0038	0	0.0000	0
Q	0.0179	0	0.0000	0
P	0.0072	0	0.0000	0
P	0.0071	0	0.0000	0
D	0.0044	0	0.0000	0
V	0.0066	0	0.0000	0
V	0.0050	0	0.0000	0
D	0.0076	0	0.0000	0
A	0.0042	0	0.0000	0
G	0.0029	0	0.0000	0
E	0.0025	0	0.0000	0
A	0.0003	0	0.0000	0
M	0.0007	0	0.0000	0
R	0.0144	0	0.0000	0
R	0.0364	0	0.0000	0
A	0.0144	0	0.0000	0
D	0.0684	0	0.0000	0
S	0.0067	0	0.0000	0
A	0.0014	0	0.0000	0
M	0.0016	0	0.0000	0
Y	0.0270	0	0.0000	0
H	0.0075	0	0.0000	0
A	0.0130	0	0.0000	0
K	0.4949	1	0.0000	0
T	0.0122	0	0.0000	0
T	0.0138	0	0.0000	0
G	0.1180	0	0.0000	0
R	0.6105	1	0.0000	0
G	0.4341	1	0.0000	0
V	0.2266	0	0.0000	0
V	0.0093	0	0.0000	0
V	0.0045	0	0.0000	0
W	0.0013	0	0.0000	0
E	0.0013	0	0.0000	0
E	0.0026	0	0.0000	0
G	0.0019	0	0.0000	0
M	0.0025	0	0.0000	0
L	0.0003	0	0.0000	0
Q	0.0013	0	0.0000	0
S	0.0008	0	0.0000	0
K	0.0013	0	0.0000	0
A	0.0008	0	0.0000	0
C	0.0043	0	0.0000	0
</pre></body></html>