<html><head></head><body><pre style="word-wrap: break-word; white-space: pre-wrap;">&gt;O26803
Amino Acid	probability_DNA	binary_DNA	probability_RNA	binary_RNA
M	0.0008	0	0.0856	0
D	0.0001	0	0.0053	0
W	0.0000	0	0.0011	0
E	0.0000	0	0.0005	0
K	0.0000	0	0.0012	0
V	0.0000	0	0.0001	0
G	0.0000	0	0.0001	0
L	0.0000	0	0.0001	0
K	0.0000	0	0.0010	0
M	0.0000	0	0.0002	0
G	0.0000	0	0.0008	0
L	0.0000	0	0.0002	0
E	0.0170	0	0.0697	0
I	0.0011	0	0.0031	0
H	0.0040	0	0.0039	0
Q	0.0004	0	0.0001	0
Q	0.0054	0	0.0009	0
L	0.0002	0	0.0001	0
D	0.0019	0	0.0012	0
T	0.0133	0	0.0068	0
E	0.0054	0	0.0012	0
S	0.0094	0	0.0010	0
K	0.0990	0	0.0033	0
L	0.0260	0	0.0004	0
F	0.0065	0	0.0019	0
C	0.0019	0	0.0002	0
P	0.0083	0	0.0025	0
C	0.0015	0	0.0002	0
R	0.0172	0	0.0041	0
T	0.0182	0	0.0013	0
E	0.0028	0	0.0001	0
L	0.0006	0	0.0000	0
T	0.0002	0	0.0000	0
D	0.0001	0	0.0000	0
S	0.0002	0	0.0001	0
E	0.0002	0	0.0001	0
P	0.0001	0	0.0001	0
D	0.0008	0	0.0003	0
H	0.0009	0	0.0001	0
D	0.0025	0	0.0001	0
I	0.0003	0	0.0000	0
V	0.0002	0	0.0000	0
R	0.0021	0	0.0000	0
N	0.0025	0	0.0001	0
L	0.0000	0	0.0000	0
R	0.0002	0	0.0000	0
P	0.0000	0	0.0000	0
T	0.0000	0	0.0000	0
Q	0.0000	0	0.0000	0
S	0.0001	0	0.0000	0
E	0.0000	0	0.0000	0
L	0.0000	0	0.0000	0
G	0.0000	0	0.0000	0
K	0.0000	0	0.0000	0
F	0.0000	0	0.0000	0
D	0.0000	0	0.0000	0
R	0.0000	0	0.0000	0
A	0.0000	0	0.0000	0
A	0.0000	0	0.0000	0
F	0.0000	0	0.0000	0
E	0.0000	0	0.0000	0
E	0.0000	0	0.0000	0
A	0.0000	0	0.0000	0
M	0.0001	0	0.0000	0
R	0.0001	0	0.0000	0
K	0.0001	0	0.0000	0
L	0.0004	0	0.0000	0
H	0.0003	0	0.0000	0
F	0.0002	0	0.0000	0
H	0.0002	0	0.0000	0
Y	0.0003	0	0.0000	0
E	0.0002	0	0.0000	0
N	0.0001	0	0.0000	0
Y	0.0001	0	0.0000	0
H	0.0001	0	0.0000	0
E	0.0000	0	0.0000	0
E	0.0001	0	0.0000	0
T	0.0000	0	0.0000	0
C	0.0000	0	0.0000	0
L	0.0001	0	0.0000	0
V	0.0000	0	0.0000	0
E	0.0000	0	0.0000	0
A	0.0000	0	0.0000	0
D	0.0000	0	0.0000	0
E	0.0000	0	0.0000	0
E	0.0000	0	0.0000	0
P	0.0000	0	0.0000	0
P	0.0000	0	0.0000	0
H	0.0000	0	0.0000	0
P	0.0001	0	0.0001	0
L	0.0001	0	0.0001	0
N	0.0026	0	0.0068	0
P	0.0029	0	0.0061	0
E	0.0001	0	0.0001	0
A	0.0000	0	0.0000	0
L	0.0000	0	0.0000	0
E	0.0001	0	0.0001	0
I	0.0000	0	0.0001	0
A	0.0000	0	0.0000	0
V	0.0000	0	0.0000	0
T	0.0001	0	0.0001	0
I	0.0000	0	0.0000	0
A	0.0000	0	0.0000	0
L	0.0000	0	0.0001	0
L	0.0000	0	0.0000	0
L	0.0000	0	0.0000	0
N	0.0001	0	0.0001	0
M	0.0000	0	0.0000	0
R	0.0006	0	0.0002	0
V	0.0010	0	0.0004	0
V	0.0058	0	0.0035	0
D	0.0196	0	0.0148	0
E	0.0380	0	0.0241	0
F	0.0017	0	0.0008	0
H	0.1743	0	0.0462	0
T	0.0048	0	0.0020	0
M	0.0051	0	0.0069	0
R	0.1207	0	0.2663	1
K	0.1594	0	0.1112	0
Q	0.0253	0	0.0198	0
V	0.0077	0	0.0169	0
I	0.0011	0	0.0031	0
D	0.0065	0	0.0362	0
G	0.0002	0	0.0014	0
S	0.0019	0	0.0164	0
N	0.0002	0	0.0025	0
T	0.0082	0	0.0818	0
G	0.0048	0	0.0592	0
G	0.0004	0	0.0044	0
F	0.0001	0	0.0009	0
Q	0.0008	0	0.0075	0
R	0.0019	0	0.0141	0
T	0.0215	0	0.1837	1
G	0.0049	0	0.0569	0
L	0.0048	0	0.0908	0
V	0.0010	0	0.0149	0
A	0.0006	0	0.0076	0
T	0.0066	0	0.0928	0
D	0.0049	0	0.0459	0
G	0.0007	0	0.0069	0
H	0.0274	0	0.3074	1
L	0.0004	0	0.0052	0
E	0.0002	0	0.0049	0
T	0.0000	0	0.0004	0
P	0.0001	0	0.0011	0
Q	0.0001	0	0.0008	0
G	0.0030	0	0.0105	0
T	0.0151	0	0.0462	0
V	0.0001	0	0.0003	0
K	0.0019	0	0.0146	0
I	0.0001	0	0.0002	0
E	0.0005	0	0.0012	0
N	0.0078	0	0.0420	0
L	0.0001	0	0.0003	0
C	0.0007	0	0.0139	0
L	0.0001	0	0.0008	0
E	0.0046	0	0.0758	0
E	0.0017	0	0.0473	0
D	0.0035	0	0.0799	0
A	0.0006	0	0.0182	0
A	0.0002	0	0.0081	0
R	0.0022	0	0.0659	0
R	0.0061	0	0.1284	0
I	0.0064	0	0.1689	1
R	0.0195	0	0.4501	1
E	0.0005	0	0.0188	0
T	0.0002	0	0.0134	0
G	0.0001	0	0.0054	0
D	0.0001	0	0.0080	0
G	0.0001	0	0.0076	0
V	0.0002	0	0.0143	0
V	0.0001	0	0.0086	0
F	0.0000	0	0.0028	0
R	0.0006	0	0.0326	0
L	0.0004	0	0.0277	0
D	0.0041	0	0.1145	0
R	0.0048	0	0.1754	1
L	0.0000	0	0.0013	0
G	0.0000	0	0.0013	0
I	0.0000	0	0.0011	0
P	0.0000	0	0.0006	0
L	0.0001	0	0.0053	0
V	0.0000	0	0.0005	0
E	0.0004	0	0.0291	0
I	0.0000	0	0.0004	0
T	0.0000	0	0.0009	0
T	0.0000	0	0.0015	0
D	0.0001	0	0.0074	0
P	0.0000	0	0.0010	0
S	0.0000	0	0.0008	0
M	0.0000	0	0.0006	0
S	0.0002	0	0.0228	0
D	0.0001	0	0.0060	0
P	0.0001	0	0.0044	0
Q	0.0001	0	0.0125	0
Q	0.0000	0	0.0022	0
L	0.0000	0	0.0007	0
R	0.0000	0	0.0008	0
E	0.0000	0	0.0002	0
V	0.0000	0	0.0002	0
A	0.0000	0	0.0002	0
Y	0.0000	0	0.0029	0
Q	0.0000	0	0.0008	0
I	0.0000	0	0.0002	0
G	0.0000	0	0.0065	0
Q	0.0000	0	0.0003	0
I	0.0000	0	0.0001	0
L	0.0000	0	0.0001	0
R	0.0000	0	0.0010	0
S	0.0000	0	0.0002	0
T	0.0000	0	0.0002	0
R	0.0000	0	0.0029	0
V	0.0000	0	0.0009	0
K	0.0003	0	0.0315	0
R	0.0007	0	0.0624	0
G	0.0006	0	0.0504	0
L	0.0002	0	0.0286	0
G	0.0001	0	0.0147	0
T	0.0000	0	0.0133	0
I	0.0000	0	0.0036	0
R	0.0031	0	0.3546	1
Q	0.0001	0	0.0122	0
D	0.0044	0	0.5447	1
L	0.0000	0	0.0078	0
N	0.0048	0	0.8798	1
I	0.0010	0	0.0932	0
S	0.0176	0	0.7782	1
I	0.0012	0	0.1480	0
R	0.0044	0	0.4294	1
D	0.0008	0	0.0786	0
G	0.0001	0	0.0201	0
A	0.0000	0	0.0048	0
R	0.0008	0	0.1097	0
V	0.0001	0	0.0135	0
E	0.0029	0	0.1572	1
V	0.0001	0	0.0028	0
K	0.0145	0	0.4451	1
G	0.0041	0	0.0943	0
V	0.0043	0	0.1211	0
Q	0.0672	0	0.5869	1
D	0.0337	0	0.6847	1
L	0.0015	0	0.1374	0
D	0.0020	0	0.3379	1
L	0.0000	0	0.0025	0
I	0.0000	0	0.0009	0
P	0.0000	0	0.0268	0
E	0.0002	0	0.1245	0
I	0.0000	0	0.0002	0
V	0.0000	0	0.0003	0
E	0.0000	0	0.0010	0
R	0.0001	0	0.0198	0
E	0.0000	0	0.0010	0
V	0.0000	0	0.0001	0
K	0.0000	0	0.0015	0
R	0.0003	0	0.1415	0
Q	0.0002	0	0.0421	0
L	0.0000	0	0.0005	0
S	0.0000	0	0.0009	0
L	0.0000	0	0.0004	0
V	0.0000	0	0.0003	0
E	0.0000	0	0.0007	0
I	0.0000	0	0.0019	0
R	0.0000	0	0.0099	0
D	0.0000	0	0.0004	0
T	0.0000	0	0.0001	0
L	0.0000	0	0.0001	0
Q	0.0000	0	0.0012	0
E	0.0000	0	0.0002	0
R	0.0000	0	0.0003	0
G	0.0000	0	0.0001	0
A	0.0000	0	0.0001	0
V	0.0000	0	0.0002	0
V	0.0000	0	0.0004	0
E	0.0000	0	0.0006	0
D	0.0000	0	0.0008	0
K	0.0000	0	0.0014	0
I	0.0000	0	0.0006	0
F	0.0000	0	0.0093	0
D	0.0000	0	0.0011	0
V	0.0000	0	0.0002	0
S	0.0000	0	0.0009	0
E	0.0000	0	0.0010	0
V	0.0000	0	0.0040	0
F	0.0001	0	0.0127	0
A	0.0009	0	0.0986	0
D	0.0017	0	0.1433	0
T	0.0056	0	0.2140	1
E	0.0031	0	0.1104	0
S	0.0109	0	0.2737	1
R	0.0142	0	0.2824	1
I	0.0000	0	0.0014	0
I	0.0000	0	0.0016	0
S	0.0001	0	0.0656	0
S	0.0000	0	0.0039	0
A	0.0000	0	0.0019	0
E	0.0000	0	0.0006	0
S	0.0000	0	0.0016	0
V	0.0000	0	0.0011	0
L	0.0000	0	0.0021	0
A	0.0000	0	0.0025	0
V	0.0000	0	0.0044	0
K	0.0003	0	0.2874	1
L	0.0001	0	0.0950	0
R	0.0009	0	0.3736	1
G	0.0005	0	0.2768	1
F	0.0000	0	0.0102	0
D	0.0000	0	0.0048	0
G	0.0000	0	0.0013	0
L	0.0000	0	0.0026	0
I	0.0000	0	0.0009	0
G	0.0000	0	0.0008	0
V	0.0000	0	0.0003	0
E	0.0000	0	0.0004	0
I	0.0000	0	0.0002	0
Q	0.0000	0	0.0009	0
P	0.0000	0	0.0006	0
G	0.0000	0	0.0018	0
R	0.0000	0	0.0094	0
R	0.0005	0	0.1950	1
L	0.0000	0	0.0020	0
G	0.0001	0	0.0224	0
T	0.0000	0	0.0127	0
E	0.0000	0	0.0057	0
M	0.0000	0	0.0044	0
A	0.0001	0	0.1317	0
D	0.0000	0	0.0169	0
Y	0.0000	0	0.0108	0
A	0.0000	0	0.0047	0
K	0.0001	0	0.2080	1
K	0.0000	0	0.0119	0
R	0.0005	0	0.2876	1
G	0.0001	0	0.1087	0
V	0.0000	0	0.0306	0
S	0.0006	0	0.3288	1
G	0.0001	0	0.0783	0
I	0.0000	0	0.0197	0
F	0.0000	0	0.0119	0
H	0.0006	0	0.1435	0
T	0.0000	0	0.0125	0
D	0.0000	0	0.0029	0
E	0.0000	0	0.0022	0
L	0.0000	0	0.0012	0
P	0.0000	0	0.0013	0
A	0.0000	0	0.0012	0
Y	0.0000	0	0.0015	0
G	0.0000	0	0.0007	0
I	0.0000	0	0.0006	0
T	0.0000	0	0.0039	0
E	0.0000	0	0.0018	0
E	0.0000	0	0.0005	0
E	0.0000	0	0.0003	0
V	0.0000	0	0.0003	0
R	0.0000	0	0.0022	0
G	0.0000	0	0.0006	0
L	0.0000	0	0.0001	0
R	0.0000	0	0.0045	0
D	0.0000	0	0.0012	0
A	0.0000	0	0.0004	0
V	0.0000	0	0.0002	0
G	0.0000	0	0.0006	0
A	0.0000	0	0.0011	0
S	0.0000	0	0.0013	0
Q	0.0000	0	0.0018	0
G	0.0000	0	0.0019	0
D	0.0000	0	0.0035	0
A	0.0000	0	0.0005	0
V	0.0000	0	0.0018	0
V	0.0000	0	0.0010	0
M	0.0000	0	0.0003	0
V	0.0000	0	0.0003	0
A	0.0000	0	0.0010	0
H	0.0000	0	0.0006	0
E	0.0000	0	0.0005	0
R	0.0000	0	0.0014	0
V	0.0000	0	0.0005	0
T	0.0000	0	0.0006	0
A	0.0000	0	0.0001	0
E	0.0000	0	0.0008	0
N	0.0000	0	0.0024	0
A	0.0000	0	0.0006	0
L	0.0000	0	0.0007	0
R	0.0000	0	0.0078	0
E	0.0000	0	0.0028	0
V	0.0000	0	0.0003	0
I	0.0000	0	0.0003	0
R	0.0000	0	0.0007	0
R	0.0001	0	0.0393	0
A	0.0000	0	0.0003	0
E	0.0000	0	0.0003	0
M	0.0000	0	0.0003	0
A	0.0000	0	0.0002	0
I	0.0000	0	0.0003	0
Q	0.0000	0	0.0009	0
G	0.0000	0	0.0012	0
V	0.0000	0	0.0010	0
P	0.0000	0	0.0086	0
E	0.0000	0	0.0112	0
E	0.0006	0	0.0553	0
T	0.0019	0	0.1177	0
R	0.0021	0	0.0785	0
K	0.0050	0	0.1029	0
A	0.0148	0	0.1743	1
L	0.0022	0	0.0433	0
P	0.0064	0	0.1451	0
D	0.0019	0	0.0807	0
G	0.0009	0	0.0259	0
N	0.0013	0	0.0426	0
T	0.0011	0	0.0399	0
Q	0.0050	0	0.1982	1
Y	0.0018	0	0.0722	0
L	0.0001	0	0.0056	0
R	0.0048	0	0.2716	1
P	0.0002	0	0.0202	0
L	0.0002	0	0.0297	0
P	0.0001	0	0.0211	0
T	0.0000	0	0.0066	0
S	0.0001	0	0.0184	0
S	0.0000	0	0.0063	0
R	0.0006	0	0.1149	0
M	0.0002	0	0.0308	0
Y	0.0000	0	0.0044	0
L	0.0000	0	0.0006	0
E	0.0000	0	0.0019	0
T	0.0000	0	0.0003	0
D	0.0000	0	0.0016	0
I	0.0000	0	0.0004	0
P	0.0000	0	0.0032	0
L	0.0000	0	0.0031	0
F	0.0000	0	0.0007	0
R	0.0000	0	0.0009	0
I	0.0000	0	0.0008	0
E	0.0000	0	0.0014	0
D	0.0000	0	0.0040	0
D	0.0000	0	0.0056	0
L	0.0000	0	0.0018	0
L	0.0000	0	0.0016	0
E	0.0000	0	0.0047	0
G	0.0000	0	0.0026	0
I	0.0000	0	0.0002	0
R	0.0000	0	0.0087	0
R	0.0000	0	0.0022	0
N	0.0000	0	0.0009	0
L	0.0000	0	0.0006	0
P	0.0000	0	0.0016	0
E	0.0000	0	0.0021	0
L	0.0000	0	0.0007	0
P	0.0000	0	0.0008	0
S	0.0000	0	0.0004	0
E	0.0000	0	0.0002	0
K	0.0000	0	0.0010	0
K	0.0000	0	0.0003	0
E	0.0000	0	0.0004	0
R	0.0000	0	0.0118	0
I	0.0000	0	0.0002	0
M	0.0000	0	0.0003	0
R	0.0000	0	0.0005	0
D	0.0000	0	0.0006	0
Y	0.0000	0	0.0002	0
G	0.0000	0	0.0004	0
L	0.0000	0	0.0006	0
S	0.0000	0	0.0093	0
E	0.0001	0	0.0148	0
D	0.0001	0	0.0104	0
L	0.0000	0	0.0017	0
A	0.0000	0	0.0039	0
S	0.0000	0	0.0298	0
Q	0.0000	0	0.0013	0
L	0.0000	0	0.0002	0
V	0.0000	0	0.0002	0
K	0.0000	0	0.0012	0
R	0.0000	0	0.0016	0
N	0.0000	0	0.0008	0
L	0.0000	0	0.0016	0
V	0.0000	0	0.0013	0
D	0.0000	0	0.0015	0
E	0.0000	0	0.0004	0
F	0.0000	0	0.0005	0
E	0.0000	0	0.0032	0
A	0.0000	0	0.0006	0
L	0.0000	0	0.0003	0
T	0.0000	0	0.0002	0
E	0.0000	0	0.0018	0
F	0.0000	0	0.0014	0
R	0.0000	0	0.0250	0
V	0.0000	0	0.0234	0
D	0.0001	0	0.0325	0
T	0.0000	0	0.0089	0
T	0.0013	0	0.1433	0
V	0.0001	0	0.0061	0
I	0.0000	0	0.0043	0
A	0.0000	0	0.0014	0
S	0.0000	0	0.0035	0
L	0.0000	0	0.0002	0
L	0.0000	0	0.0001	0
A	0.0000	0	0.0002	0
Y	0.0000	0	0.0006	0
T	0.0000	0	0.0003	0
L	0.0000	0	0.0003	0
R	0.0000	0	0.0010	0
E	0.0000	0	0.0003	0
L	0.0000	0	0.0001	0
R	0.0000	0	0.0047	0
R	0.0000	0	0.0006	0
E	0.0000	0	0.0001	0
G	0.0000	0	0.0001	0
H	0.0000	0	0.0001	0
D	0.0000	0	0.0002	0
V	0.0000	0	0.0001	0
D	0.0000	0	0.0001	0
G	0.0000	0	0.0001	0
L	0.0000	0	0.0001	0
G	0.0000	0	0.0001	0
L	0.0000	0	0.0001	0
D	0.0000	0	0.0002	0
E	0.0000	0	0.0001	0
L	0.0000	0	0.0000	0
R	0.0000	0	0.0002	0
D	0.0000	0	0.0002	0
A	0.0000	0	0.0001	0
I	0.0000	0	0.0001	0
K	0.0000	0	0.0007	0
L	0.0000	0	0.0004	0
L	0.0000	0	0.0002	0
E	0.0000	0	0.0005	0
V	0.0000	0	0.0008	0
G	0.0000	0	0.0008	0
K	0.0000	0	0.0031	0
I	0.0000	0	0.0010	0
S	0.0018	0	0.2079	1
K	0.0085	0	0.3707	1
D	0.0039	0	0.2219	1
A	0.0002	0	0.0056	0
L	0.0000	0	0.0005	0
R	0.0003	0	0.0638	0
D	0.0000	0	0.0019	0
I	0.0000	0	0.0000	0
V	0.0000	0	0.0001	0
A	0.0000	0	0.0009	0
C	0.0000	0	0.0001	0
M	0.0000	0	0.0001	0
A	0.0000	0	0.0001	0
D	0.0000	0	0.0001	0
E	0.0000	0	0.0002	0
G	0.0000	0	0.0001	0
L	0.0000	0	0.0002	0
A	0.0000	0	0.0001	0
A	0.0000	0	0.0001	0
E	0.0000	0	0.0002	0
D	0.0000	0	0.0001	0
A	0.0000	0	0.0000	0
A	0.0000	0	0.0000	0
R	0.0000	0	0.0001	0
K	0.0000	0	0.0002	0
L	0.0000	0	0.0001	0
N	0.0000	0	0.0001	0
L	0.0000	0	0.0000	0
L	0.0000	0	0.0002	0
L	0.0000	0	0.0002	0
L	0.0000	0	0.0001	0
A	0.0000	0	0.0002	0
E	0.0000	0	0.0002	0
D	0.0000	0	0.0001	0
E	0.0000	0	0.0001	0
I	0.0000	0	0.0001	0
E	0.0000	0	0.0008	0
S	0.0000	0	0.0004	0
I	0.0000	0	0.0000	0
I	0.0000	0	0.0000	0
Q	0.0000	0	0.0000	0
E	0.0000	0	0.0001	0
I	0.0000	0	0.0000	0
V	0.0000	0	0.0000	0
E	0.0000	0	0.0001	0
G	0.0000	0	0.0002	0
N	0.0000	0	0.0003	0
L	0.0000	0	0.0001	0
D	0.0000	0	0.0004	0
M	0.0000	0	0.0002	0
I	0.0000	0	0.0002	0
S	0.0000	0	0.0008	0
E	0.0000	0	0.0008	0
R	0.0000	0	0.0017	0
G	0.0001	0	0.0292	0
M	0.0001	0	0.0071	0
G	0.0007	0	0.1135	0
A	0.0001	0	0.0238	0
M	0.0000	0	0.0026	0
G	0.0005	0	0.1185	0
P	0.0000	0	0.0032	0
L	0.0000	0	0.0005	0
M	0.0009	0	0.1232	0
G	0.0157	0	0.3759	1
Q	0.0004	0	0.0324	0
A	0.0000	0	0.0013	0
M	0.0050	0	0.3844	1
G	0.0064	0	0.4060	1
R	0.0008	0	0.0658	0
L	0.0004	0	0.0446	0
R	0.0022	0	0.3920	1
G	0.0099	0	0.5386	1
R	0.0971	0	0.5899	1
A	0.0100	0	0.1781	1
D	0.0280	0	0.1469	0
G	0.0049	0	0.0062	0
K	0.0414	0	0.0152	0
V	0.0689	0	0.0194	0
V	0.0281	0	0.0119	0
N	0.0475	0	0.0361	0
R	0.0008	0	0.0007	0
I	0.0000	0	0.0000	0
L	0.0000	0	0.0000	0
R	0.0001	0	0.0000	0
E	0.0002	0	0.0000	0
K	0.0002	0	0.0000	0
I	0.0000	0	0.0000	0
Q	0.0003	0	0.0002	0
E	0.0001	0	0.0000	0
R	0.0001	0	0.0000	0
L	0.0002	0	0.0002	0
</pre></body></html>