<html><head></head><body><pre style="word-wrap: break-word; white-space: pre-wrap;">&gt;Q47152
Amino Acid	probability_DNA	binary_DNA	probability_RNA	binary_RNA
M	0.4595	1	0.0229	0
S	0.3318	0	0.0052	0
E	0.4429	1	0.0018	0
Y	0.3306	0	0.0058	0
R	0.2490	0	0.0082	0
R	0.3888	1	0.0079	0
Y	0.1108	0	0.0018	0
Y	0.3472	0	0.0069	0
I	0.3010	0	0.0071	0
K	0.0863	0	0.0007	0
G	0.0279	0	0.0002	0
G	0.0142	0	0.0001	0
T	0.0453	0	0.0002	0
W	0.0375	0	0.0002	0
F	0.0346	0	0.0003	0
F	0.0011	0	0.0000	0
T	0.0011	0	0.0000	0
V	0.0003	0	0.0000	0
N	0.0010	0	0.0000	0
L	0.0036	0	0.0000	0
R	0.1883	0	0.0007	0
N	0.0739	0	0.0001	0
R	0.4627	1	0.0007	0
R	0.0416	0	0.0000	0
S	0.0036	0	0.0000	0
Q	0.0037	0	0.0000	0
L	0.0002	0	0.0000	0
L	0.0003	0	0.0000	0
T	0.0002	0	0.0000	0
T	0.0004	0	0.0000	0
Q	0.0003	0	0.0000	0
Y	0.0001	0	0.0000	0
Q	0.0001	0	0.0000	0
M	0.0001	0	0.0000	0
L	0.0001	0	0.0000	0
R	0.0006	0	0.0000	0
H	0.0001	0	0.0000	0
A	0.0001	0	0.0000	0
I	0.0001	0	0.0000	0
I	0.0012	0	0.0000	0
K	0.0002	0	0.0000	0
V	0.0001	0	0.0000	0
K	0.0003	0	0.0000	0
R	0.0003	0	0.0000	0
D	0.0006	0	0.0000	0
R	0.0004	0	0.0000	0
P	0.0005	0	0.0000	0
F	0.0001	0	0.0000	0
E	0.0005	0	0.0000	0
I	0.0011	0	0.0000	0
N	0.0003	0	0.0000	0
A	0.0002	0	0.0000	0
W	0.0004	0	0.0000	0
V	0.0001	0	0.0000	0
V	0.0002	0	0.0000	0
L	0.0004	0	0.0000	0
P	0.0013	0	0.0000	0
E	0.0185	0	0.0000	0
H	0.0899	0	0.0007	0
M	0.0043	0	0.0000	0
H	0.0940	0	0.0003	0
C	0.0004	0	0.0000	0
I	0.0003	0	0.0000	0
W	0.0003	0	0.0000	0
T	0.0004	0	0.0000	0
L	0.0001	0	0.0000	0
P	0.0019	0	0.0000	0
E	0.0006	0	0.0000	0
G	0.0008	0	0.0000	0
D	0.0009	0	0.0000	0
D	0.0011	0	0.0000	0
D	0.0011	0	0.0000	0
F	0.0026	0	0.0000	0
S	0.0560	0	0.0008	0
S	0.0119	0	0.0001	0
R	0.0009	0	0.0000	0
W	0.0027	0	0.0000	0
R	0.1346	0	0.0003	0
E	0.0054	0	0.0000	0
I	0.0004	0	0.0000	0
K	0.0086	0	0.0000	0
K	0.0545	0	0.0001	0
Q	0.0505	0	0.0001	0
F	0.0498	0	0.0003	0
T	0.4397	1	0.0026	0
H	0.5681	1	0.0024	0
A	0.1440	0	0.0004	0
C	0.0624	0	0.0001	0
G	0.1823	0	0.0005	0
L	0.3985	1	0.0003	0
K	0.6824	1	0.0002	0
N	0.6354	1	0.0001	0
I	0.2857	0	0.0000	0
W	0.5133	1	0.0000	0
Q	0.1617	0	0.0000	0
P	0.1429	0	0.0000	0
R	0.6249	1	0.0000	0
F	0.0440	0	0.0000	0
W	0.1389	0	0.0000	0
E	0.0050	0	0.0000	0
H	0.0071	0	0.0000	0
A	0.0022	0	0.0000	0
I	0.0003	0	0.0000	0
R	0.0017	0	0.0000	0
N	0.0011	0	0.0000	0
T	0.0014	0	0.0000	0
K	0.0006	0	0.0000	0
D	0.0004	0	0.0000	0
Y	0.0002	0	0.0000	0
R	0.0013	0	0.0000	0
H	0.0069	0	0.0000	0
H	0.0004	0	0.0000	0
V	0.0002	0	0.0000	0
D	0.0032	0	0.0000	0
Y	0.1698	0	0.0014	0
I	0.0010	0	0.0000	0
Y	0.0015	0	0.0000	0
I	0.0010	0	0.0000	0
N	0.3261	0	0.0009	0
P	0.0193	0	0.0000	0
V	0.0295	0	0.0000	0
K	0.1833	0	0.0001	0
H	0.0209	0	0.0000	0
G	0.0321	0	0.0000	0
W	0.0340	0	0.0000	0
V	0.0075	0	0.0000	0
K	0.1078	0	0.0000	0
Q	0.0759	0	0.0000	0
V	0.0023	0	0.0000	0
S	0.0019	0	0.0000	0
D	0.0025	0	0.0000	0
W	0.0342	0	0.0000	0
P	0.1444	0	0.0000	0
F	0.4379	1	0.0000	0
S	0.3623	1	0.0000	0
T	0.5580	1	0.0000	0
F	0.0942	0	0.0000	0
H	0.3487	0	0.0000	0
R	0.3577	1	0.0000	0
D	0.0038	0	0.0000	0
V	0.0011	0	0.0000	0
A	0.0026	0	0.0000	0
R	0.0007	0	0.0000	0
G	0.0005	0	0.0000	0
L	0.0019	0	0.0000	0
Y	0.0017	0	0.0000	0
P	0.0056	0	0.0000	0
I	0.0105	0	0.0000	0
D	0.0032	0	0.0000	0
W	0.0010	0	0.0000	0
A	0.0003	0	0.0000	0
G	0.0003	0	0.0000	0
D	0.0003	0	0.0000	0
V	0.0004	0	0.0000	0
T	0.0005	0	0.0000	0
D	0.0006	0	0.0000	0
F	0.0004	0	0.0000	0
S	0.0008	0	0.0000	0
A	0.0021	0	0.0000	0
G	0.0052	0	0.0000	0
E	0.0226	0	0.0000	0
R	0.1920	0	0.0000	0
I	0.0271	0	0.0000	0
I	0.0156	0	0.0000	0
S	0.0529	0	0.0000	0
</pre></body></html>