<html><head></head><body><pre style="word-wrap: break-word; white-space: pre-wrap;">&gt;O69245
Amino Acid	probability_DNA	binary_DNA	probability_RNA	binary_RNA
M	0.0734	0	0.0000	0
L	0.0075	0	0.0000	0
T	0.0032	0	0.0000	0
Q	0.0044	0	0.0000	0
T	0.0080	0	0.0000	0
L	0.0024	0	0.0000	0
K	0.0255	0	0.0000	0
T	0.0106	0	0.0000	0
Q	0.0029	0	0.0000	0
V	0.0015	0	0.0000	0
I	0.0037	0	0.0000	0
N	0.0150	0	0.0000	0
T	0.0084	0	0.0000	0
Q	0.0079	0	0.0000	0
I	0.0096	0	0.0000	0
G	0.0324	0	0.0000	0
G	0.0309	0	0.0000	0
K	0.0244	0	0.0000	0
I	0.0042	0	0.0000	0
A	0.0066	0	0.0000	0
P	0.0065	0	0.0000	0
P	0.0023	0	0.0000	0
H	0.0019	0	0.0000	0
Q	0.0017	0	0.0000	0
V	0.0022	0	0.0000	0
S	0.0025	0	0.0000	0
D	0.0021	0	0.0000	0
Q	0.0019	0	0.0000	0
F	0.0004	0	0.0000	0
G	0.0005	0	0.0000	0
A	0.0005	0	0.0000	0
I	0.0004	0	0.0000	0
T	0.0005	0	0.0000	0
G	0.0005	0	0.0000	0
H	0.0002	0	0.0000	0
V	0.0001	0	0.0000	0
G	0.0003	0	0.0000	0
L	0.0004	0	0.0000	0
V	0.0004	0	0.0000	0
A	0.0003	0	0.0000	0
T	0.0014	0	0.0000	0
E	0.0113	0	0.0000	0
F	0.1087	0	0.0000	0
S	0.1148	0	0.0000	0
Y	0.0812	0	0.0000	0
R	0.0125	0	0.0000	0
K	0.1872	0	0.0000	0
D	0.0434	0	0.0000	0
E	0.0093	0	0.0000	0
E	0.0032	0	0.0000	0
I	0.0011	0	0.0000	0
Y	0.0006	0	0.0000	0
G	0.0005	0	0.0000	0
E	0.0022	0	0.0000	0
D	0.0019	0	0.0000	0
E	0.0015	0	0.0000	0
P	0.0039	0	0.0000	0
A	0.0008	0	0.0000	0
E	0.0012	0	0.0000	0
Y	0.0068	0	0.0000	0
V	0.0005	0	0.0000	0
Y	0.0012	0	0.0000	0
Q	0.0005	0	0.0000	0
V	0.0002	0	0.0000	0
V	0.0003	0	0.0000	0
T	0.0005	0	0.0000	0
G	0.0004	0	0.0000	0
A	0.0024	0	0.0000	0
V	0.0005	0	0.0000	0
R	0.0052	0	0.0000	0
S	0.0011	0	0.0000	0
Y	0.0025	0	0.0000	0
K	0.0116	0	0.0000	0
L	0.0036	0	0.0000	0
L	0.0028	0	0.0000	0
S	0.0030	0	0.0000	0
D	0.0009	0	0.0000	0
G	0.0013	0	0.0000	0
R	0.0019	0	0.0000	0
R	0.0005	0	0.0000	0
Q	0.0004	0	0.0000	0
I	0.0003	0	0.0000	0
G	0.0001	0	0.0000	0
A	0.0002	0	0.0000	0
F	0.0003	0	0.0000	0
H	0.0003	0	0.0000	0
L	0.0006	0	0.0000	0
P	0.0104	0	0.0000	0
G	0.0100	0	0.0000	0
D	0.0125	0	0.0000	0
V	0.1514	0	0.0000	0
F	0.0101	0	0.0000	0
G	0.0276	0	0.0000	0
L	0.0206	0	0.0000	0
E	0.0038	0	0.0000	0
S	0.0047	0	0.0000	0
G	0.0080	0	0.0000	0
P	0.0156	0	0.0000	0
S	0.0080	0	0.0000	0
H	0.0908	0	0.0000	0
R	0.0272	0	0.0000	0
L	0.0037	0	0.0000	0
A	0.0674	0	0.0000	0
A	0.0017	0	0.0000	0
E	0.0062	0	0.0000	0
A	0.0006	0	0.0000	0
I	0.0005	0	0.0000	0
I	0.0016	0	0.0000	0
D	0.0026	0	0.0000	0
T	0.0007	0	0.0000	0
S	0.0025	0	0.0000	0
V	0.0003	0	0.0000	0
R	0.0011	0	0.0000	0
L	0.0008	0	0.0000	0
V	0.0004	0	0.0000	0
K	0.0019	0	0.0000	0
R	0.0028	0	0.0000	0
S	0.0015	0	0.0000	0
S	0.0006	0	0.0000	0
L	0.0007	0	0.0000	0
E	0.0035	0	0.0000	0
K	0.0019	0	0.0000	0
A	0.0006	0	0.0000	0
A	0.0002	0	0.0000	0
G	0.0008	0	0.0000	0
I	0.0008	0	0.0000	0
D	0.0020	0	0.0000	0
V	0.0010	0	0.0000	0
Q	0.0035	0	0.0000	0
V	0.0014	0	0.0000	0
A	0.0030	0	0.0000	0
R	0.0007	0	0.0000	0
K	0.0015	0	0.0000	0
L	0.0006	0	0.0000	0
W	0.0015	0	0.0000	0
A	0.0401	0	0.0000	0
M	0.0048	0	0.0000	0
T	0.0028	0	0.0000	0
A	0.0040	0	0.0000	0
G	0.0184	0	0.0000	0
E	0.0273	0	0.0000	0
L	0.0053	0	0.0000	0
R	0.0230	0	0.0000	0
H	0.0066	0	0.0000	0
A	0.0036	0	0.0000	0
E	0.0076	0	0.0000	0
D	0.0237	0	0.0000	0
H	0.0164	0	0.0000	0
M	0.0021	0	0.0000	0
L	0.0029	0	0.0000	0
L	0.0019	0	0.0000	0
L	0.0028	0	0.0000	0
G	0.0101	0	0.0000	0
R	0.0160	0	0.0000	0
K	0.2444	0	0.0000	0
T	0.4286	1	0.0000	0
A	0.5928	1	0.0000	0
M	0.1140	0	0.0000	0
E	0.0022	0	0.0000	0
R	0.1592	0	0.0000	0
V	0.0003	0	0.0000	0
A	0.0001	0	0.0000	0
T	0.0009	0	0.0000	0
F	0.0002	0	0.0000	0
L	0.0001	0	0.0000	0
L	0.0005	0	0.0000	0
E	0.0002	0	0.0000	0
M	0.0002	0	0.0000	0
D	0.0003	0	0.0000	0
R	0.0015	0	0.0000	0
R	0.0026	0	0.0000	0
L	0.0010	0	0.0000	0
A	0.0012	0	0.0000	0
V	0.0014	0	0.0000	0
A	0.0018	0	0.0000	0
G	0.0014	0	0.0000	0
M	0.0020	0	0.0000	0
M	0.0003	0	0.0000	0
A	0.0019	0	0.0000	0
L	0.0010	0	0.0000	0
P	0.0273	0	0.0000	0
M	0.0660	0	0.0000	0
S	0.8072	1	0.0000	0
R	0.9528	1	0.0000	0
R	0.6504	1	0.0000	0
D	0.0026	0	0.0000	0
I	0.0003	0	0.0000	0
G	0.0016	0	0.0000	0
D	0.0013	0	0.0000	0
Y	0.0010	0	0.0000	0
L	0.0021	0	0.0000	0
G	0.1020	0	0.0000	0
L	0.3237	0	0.0000	0
T	0.9236	1	0.0000	0
L	0.8827	1	0.0000	0
E	0.7114	1	0.0000	0
T	0.9107	1	0.0000	0
V	0.0156	0	0.0000	0
S	0.9207	1	0.0000	0
R	0.9803	1	0.0000	0
A	0.0246	0	0.0000	0
L	0.0584	0	0.0000	0
S	0.7751	1	0.0000	0
Q	0.0572	0	0.0000	0
L	0.0025	0	0.0000	0
H	0.0225	0	0.0000	0
T	0.0093	0	0.0000	0
Q	0.0009	0	0.0000	0
G	0.0008	0	0.0000	0
I	0.0006	0	0.0000	0
L	0.0005	0	0.0000	0
G	0.0010	0	0.0000	0
F	0.0052	0	0.0000	0
S	0.0693	0	0.0000	0
G	0.0830	0	0.0000	0
A	0.1801	0	0.0000	0
R	0.2668	0	0.0000	0
Q	0.1152	0	0.0000	0
I	0.0035	0	0.0000	0
V	0.0065	0	0.0000	0
L	0.0012	0	0.0000	0
R	0.0103	0	0.0000	0
N	0.0315	0	0.0000	0
R	0.2135	0	0.0000	0
Q	0.0228	0	0.0000	0
R	0.2338	0	0.0000	0
L	0.0163	0	0.0000	0
H	0.1153	0	0.0000	0
N	0.0044	0	0.0000	0
L	0.0060	0	0.0000	0
D	0.0082	0	0.0000	0
A	0.0234	0	0.0000	0
</pre></body></html>