<html><head></head><body><pre style="word-wrap: break-word; white-space: pre-wrap;">&gt;Q8L5J8
Amino Acid	probability_DNA	binary_DNA	probability_RNA	binary_RNA
M	0.0852	0	0.0036	0
A	0.0506	0	0.0015	0
L	0.0176	0	0.0003	0
M	0.0026	0	0.0001	0
G	0.0213	0	0.0007	0
G	0.0010	0	0.0000	0
I	0.0062	0	0.0000	0
V	0.0034	0	0.0000	0
D	0.0031	0	0.0000	0
V	0.0006	0	0.0000	0
E	0.0016	0	0.0000	0
G	0.0016	0	0.0000	0
A	0.0089	0	0.0000	0
Q	0.0233	0	0.0000	0
N	0.0559	0	0.0001	0
S	0.0231	0	0.0000	0
A	0.0038	0	0.0000	0
E	0.0054	0	0.0000	0
V	0.0007	0	0.0000	0
E	0.0042	0	0.0000	0
E	0.0015	0	0.0000	0
L	0.0011	0	0.0000	0
A	0.0005	0	0.0000	0
R	0.0024	0	0.0000	0
F	0.0006	0	0.0000	0
A	0.0002	0	0.0000	0
V	0.0008	0	0.0000	0
D	0.0007	0	0.0000	0
E	0.0054	0	0.0000	0
H	0.0175	0	0.0001	0
N	0.0745	0	0.0005	0
K	0.2003	0	0.0006	0
K	0.0449	0	0.0001	0
E	0.0079	0	0.0000	0
N	0.0996	0	0.0003	0
A	0.0019	0	0.0000	0
L	0.0027	0	0.0000	0
L	0.0011	0	0.0000	0
Q	0.0276	0	0.0001	0
F	0.0013	0	0.0000	0
S	0.0003	0	0.0000	0
R	0.0029	0	0.0000	0
L	0.0003	0	0.0000	0
V	0.0005	0	0.0000	0
K	0.0053	0	0.0000	0
A	0.0005	0	0.0000	0
K	0.0134	0	0.0001	0
Q	0.0026	0	0.0000	0
Q	0.0038	0	0.0000	0
V	0.0008	0	0.0000	0
V	0.0026	0	0.0000	0
S	0.0059	0	0.0001	0
G	0.0039	0	0.0001	0
I	0.0061	0	0.0002	0
M	0.2236	0	0.0072	0
H	0.4527	1	0.0156	0
H	0.0931	0	0.0010	0
L	0.0009	0	0.0000	0
T	0.0031	0	0.0000	0
V	0.0005	0	0.0000	0
E	0.0134	0	0.0000	0
V	0.0041	0	0.0000	0
I	0.2011	0	0.0007	0
E	0.4341	1	0.0042	0
G	0.5545	1	0.0037	0
G	0.4402	1	0.0005	0
K	0.3969	1	0.0002	0
K	0.6722	1	0.0001	0
K	0.7983	1	0.0000	0
V	0.0095	0	0.0000	0
Y	0.0041	0	0.0000	0
E	0.0036	0	0.0000	0
A	0.0007	0	0.0000	0
K	0.0018	0	0.0000	0
V	0.0004	0	0.0000	0
W	0.0026	0	0.0000	0
V	0.0012	0	0.0000	0
Q	0.0024	0	0.0000	0
A	0.0010	0	0.0000	0
W	0.0118	0	0.0000	0
L	0.0043	0	0.0000	0
N	0.0451	0	0.0000	0
S	0.0069	0	0.0000	0
K	0.0337	0	0.0000	0
K	0.1718	0	0.0000	0
L	0.0082	0	0.0000	0
H	0.0689	0	0.0000	0
E	0.0805	0	0.0000	0
F	0.0094	0	0.0000	0
S	0.0102	0	0.0000	0
P	0.0385	0	0.0000	0
I	0.0073	0	0.0000	0
G	0.0151	0	0.0000	0
D	0.0520	0	0.0000	0
S	0.0059	0	0.0000	0
S	0.0073	0	0.0000	0
S	0.0244	0	0.0000	0
V	0.0628	0	0.0000	0
T	0.0888	0	0.0000	0
P	0.0500	0	0.0000	0
A	0.0328	0	0.0000	0
D	0.0194	0	0.0000	0
L	0.0142	0	0.0000	0
G	0.0459	0	0.0000	0
V	0.0053	0	0.0000	0
K	0.1356	0	0.0000	0
R	0.0569	0	0.0000	0
D	0.0086	0	0.0000	0
A	0.0079	0	0.0000	0
H	0.0317	0	0.0000	0
E	0.0191	0	0.0000	0
A	0.0135	0	0.0000	0
E	0.0305	0	0.0000	0
W	0.2636	0	0.0001	0
L	0.4276	1	0.0001	0
E	0.0550	0	0.0000	0
I	0.0241	0	0.0000	0
P	0.0351	0	0.0000	0
T	0.0255	0	0.0000	0
H	0.3713	1	0.0006	0
D	0.0882	0	0.0001	0
P	0.0081	0	0.0000	0
V	0.0197	0	0.0000	0
V	0.0047	0	0.0000	0
Q	0.0280	0	0.0000	0
D	0.0014	0	0.0000	0
A	0.0002	0	0.0000	0
A	0.0002	0	0.0000	0
N	0.0034	0	0.0000	0
H	0.0025	0	0.0000	0
A	0.0009	0	0.0000	0
V	0.0008	0	0.0000	0
K	0.0149	0	0.0000	0
S	0.0036	0	0.0000	0
I	0.0060	0	0.0000	0
Q	0.1222	0	0.0000	0
Q	0.0249	0	0.0000	0
R	0.0324	0	0.0000	0
S	0.0178	0	0.0000	0
N	0.1230	0	0.0000	0
T	0.0674	0	0.0000	0
L	0.0899	0	0.0000	0
F	0.0238	0	0.0000	0
P	0.0176	0	0.0000	0
Y	0.0187	0	0.0000	0
E	0.0340	0	0.0000	0
L	0.0017	0	0.0000	0
L	0.0003	0	0.0000	0
E	0.0041	0	0.0000	0
I	0.0003	0	0.0000	0
L	0.0014	0	0.0000	0
H	0.0085	0	0.0000	0
A	0.0016	0	0.0000	0
K	0.0919	0	0.0000	0
A	0.0019	0	0.0000	0
K	0.0006	0	0.0000	0
V	0.0002	0	0.0000	0
L	0.0004	0	0.0000	0
E	0.0146	0	0.0000	0
D	0.0118	0	0.0000	0
L	0.0030	0	0.0000	0
A	0.0015	0	0.0000	0
K	0.0768	0	0.0000	0
I	0.0011	0	0.0000	0
H	0.0005	0	0.0000	0
L	0.0003	0	0.0000	0
L	0.0003	0	0.0000	0
L	0.0004	0	0.0000	0
K	0.0027	0	0.0000	0
L	0.0024	0	0.0000	0
K	0.0195	0	0.0000	0
R	0.0304	0	0.0000	0
G	0.0139	0	0.0000	0
S	0.0035	0	0.0000	0
R	0.0187	0	0.0000	0
E	0.0032	0	0.0000	0
E	0.0005	0	0.0000	0
K	0.0024	0	0.0000	0
F	0.0006	0	0.0000	0
K	0.0197	0	0.0000	0
V	0.0008	0	0.0000	0
E	0.0083	0	0.0000	0
V	0.0008	0	0.0000	0
H	0.0188	0	0.0000	0
K	0.0180	0	0.0000	0
N	0.1418	0	0.0000	0
I	0.0076	0	0.0000	0
E	0.0252	0	0.0000	0
G	0.0107	0	0.0000	0
T	0.0086	0	0.0000	0
F	0.0049	0	0.0000	0
H	0.0041	0	0.0000	0
L	0.0023	0	0.0000	0
N	0.3523	1	0.0000	0
Q	0.0662	0	0.0000	0
M	0.0092	0	0.0000	0
E	0.0218	0	0.0000	0
Q	0.0647	0	0.0000	0
D	0.0146	0	0.0000	0
H	0.0315	0	0.0000	0
S	0.0369	0	0.0000	0
D	0.0549	0	0.0000	0
S	0.0688	0	0.0000	0
G	0.1026	0	0.0001	0
N	0.2179	0	0.0004	0
</pre></body></html>