<html><head></head><body><pre style="word-wrap: break-word; white-space: pre-wrap;">&gt;Q72I11
Amino Acid	probability_DNA	binary_DNA	probability_RNA	binary_RNA
M	0.0000	0	0.9367	1
L	0.0000	0	0.9538	1
M	0.0000	0	0.7046	1
P	0.0000	0	0.4284	1
R	0.0000	0	0.7027	1
R	0.0000	0	0.8828	1
M	0.0000	0	0.6982	1
K	0.0000	0	0.9478	1
Y	0.0000	0	0.9723	1
R	0.0000	0	0.9574	1
K	0.0000	0	0.9539	1
Q	0.0000	0	0.8148	1
Q	0.0000	0	0.9646	1
R	0.0000	0	0.9684	1
G	0.0000	0	0.8619	1
R	0.0000	0	0.9621	1
L	0.0000	0	0.9199	1
K	0.0000	0	0.9546	1
G	0.0000	0	0.7556	1
A	0.0000	0	0.7748	1
T	0.0000	0	0.2245	1
K	0.0000	0	0.6807	1
G	0.0000	0	0.3400	1
G	0.0000	0	0.0575	0
D	0.0000	0	0.0684	0
Y	0.0000	0	0.0258	0
V	0.0000	0	0.0039	0
A	0.0000	0	0.0093	0
F	0.0000	0	0.1235	0
G	0.0000	0	0.0100	0
D	0.0000	0	0.1556	1
F	0.0000	0	0.0948	0
G	0.0000	0	0.0715	0
L	0.0000	0	0.0028	0
V	0.0000	0	0.0233	0
A	0.0000	0	0.0110	0
L	0.0000	0	0.0635	0
E	0.0000	0	0.0826	0
P	0.0000	0	0.0869	0
A	0.0000	0	0.0038	0
W	0.0000	0	0.1603	1
I	0.0000	0	0.0089	0
T	0.0000	0	0.6344	1
A	0.0000	0	0.1997	1
Q	0.0000	0	0.2548	1
Q	0.0000	0	0.2844	1
I	0.0000	0	0.0344	0
E	0.0000	0	0.2125	1
A	0.0000	0	0.2399	1
A	0.0000	0	0.0039	0
R	0.0000	0	0.2126	1
V	0.0000	0	0.3039	1
A	0.0000	0	0.0071	0
M	0.0000	0	0.0023	0
V	0.0000	0	0.3609	1
R	0.0000	0	0.8486	1
H	0.0000	0	0.4330	1
F	0.0000	0	0.0094	0
R	0.0000	0	0.3994	1
R	0.0000	0	0.3076	1
G	0.0000	0	0.1091	0
G	0.0000	0	0.3333	1
K	0.0000	0	0.3127	1
I	0.0000	0	0.0174	0
F	0.0000	0	0.8893	1
I	0.0000	0	0.3217	1
R	0.0000	0	0.8258	1
I	0.0000	0	0.2384	1
F	0.0000	0	0.9502	1
P	0.0000	0	0.1560	1
D	0.0000	0	0.4283	1
K	0.0000	0	0.0745	0
P	0.0000	0	0.0239	0
Y	0.0000	0	0.0531	0
T	0.0000	0	0.9106	1
K	0.0000	0	0.6390	1
K	0.0000	0	0.9293	1
P	0.0000	0	0.2322	1
L	0.0000	0	0.3521	1
E	0.0000	0	0.3954	1
V	0.0000	0	0.5859	1
R	0.0000	0	0.8601	1
M	0.0000	0	0.9805	1
G	0.0000	0	0.9259	1
K	0.0000	0	0.9421	1
G	0.0000	0	0.7087	1
K	0.0000	0	0.9395	1
G	0.0000	0	0.6101	1
N	0.0000	0	0.2993	1
V	0.0000	0	0.1193	0
E	0.0000	0	0.1374	0
G	0.0000	0	0.2369	1
Y	0.0000	0	0.3391	1
V	0.0000	0	0.0087	0
A	0.0000	0	0.0029	0
V	0.0000	0	0.2335	1
V	0.0000	0	0.0020	0
K	0.0000	0	0.0172	0
P	0.0000	0	0.0030	0
G	0.0000	0	0.0021	0
R	0.0000	0	0.0025	0
V	0.0000	0	0.0004	0
M	0.0000	0	0.0011	0
F	0.0000	0	0.0028	0
E	0.0000	0	0.0375	0
V	0.0000	0	0.0056	0
A	0.0000	0	0.0120	0
G	0.0000	0	0.0337	0
V	0.0000	0	0.0104	0
T	0.0000	0	0.0056	0
E	0.0000	0	0.0059	0
E	0.0000	0	0.0049	0
Q	0.0000	0	0.0033	0
A	0.0000	0	0.0020	0
M	0.0000	0	0.1222	0
E	0.0000	0	0.0342	0
A	0.0000	0	0.0049	0
L	0.0000	0	0.0073	0
R	0.0000	0	0.6730	1
I	0.0000	0	0.6262	1
A	0.0000	0	0.0184	0
G	0.0000	0	0.0863	0
H	0.0001	0	0.7817	1
K	0.0009	0	0.9400	1
L	0.0003	0	0.3976	1
P	0.0001	0	0.6579	1
I	0.0001	0	0.2944	1
K	0.0001	0	0.5982	1
T	0.0000	0	0.0509	0
K	0.0000	0	0.0184	0
I	0.0000	0	0.0012	0
V	0.0000	0	0.0004	0
R	0.0000	0	0.0008	0
R	0.0000	0	0.0023	0
D	0.0000	0	0.0007	0
A	0.0000	0	0.0005	0
Y	0.0000	0	0.0004	0
D	0.0000	0	0.0007	0
E	0.0000	0	0.0011	0
A	0.0000	0	0.0056	0
Q	0.0000	0	0.0283	0
</pre></body></html>