<html><head></head><body><pre style="word-wrap: break-word; white-space: pre-wrap;">&gt;P51948
Amino Acid	probability_DNA	binary_DNA	probability_RNA	binary_RNA
M	0.0172	0	0.0000	0
D	0.0023	0	0.0000	0
D	0.0005	0	0.0000	0
Q	0.0016	0	0.0000	0
G	0.0010	0	0.0000	0
C	0.0002	0	0.0000	0
P	0.0067	0	0.0000	0
R	0.0015	0	0.0000	0
C	0.0001	0	0.0000	0
K	0.0004	0	0.0000	0
T	0.0008	0	0.0000	0
T	0.0006	0	0.0000	0
K	0.0029	0	0.0000	0
Y	0.0162	0	0.0000	0
R	0.0126	0	0.0000	0
N	0.0008	0	0.0000	0
P	0.0002	0	0.0000	0
S	0.0001	0	0.0000	0
L	0.0001	0	0.0000	0
K	0.0001	0	0.0000	0
L	0.0000	0	0.0000	0
M	0.0001	0	0.0000	0
V	0.0003	0	0.0000	0
N	0.0008	0	0.0000	0
V	0.0038	0	0.0001	0
C	0.0075	0	0.0002	0
G	0.1184	0	0.0072	0
H	0.4499	1	0.0208	0
T	0.0940	0	0.0012	0
L	0.0079	0	0.0000	0
C	0.0074	0	0.0000	0
E	0.0245	0	0.0000	0
S	0.0026	0	0.0000	0
C	0.0003	0	0.0000	0
V	0.0153	0	0.0000	0
D	0.1277	0	0.0001	0
L	0.0969	0	0.0001	0
L	0.0042	0	0.0000	0
F	0.0037	0	0.0000	0
V	0.0096	0	0.0000	0
R	0.0015	0	0.0000	0
G	0.0017	0	0.0000	0
A	0.0008	0	0.0000	0
G	0.0016	0	0.0000	0
N	0.0009	0	0.0000	0
C	0.0003	0	0.0000	0
P	0.0020	0	0.0000	0
E	0.0005	0	0.0000	0
C	0.0004	0	0.0000	0
G	0.0201	0	0.0000	0
T	0.0150	0	0.0000	0
P	0.0249	0	0.0000	0
L	0.0091	0	0.0000	0
R	0.5047	1	0.0000	0
K	0.1731	0	0.0000	0
S	0.0304	0	0.0000	0
N	0.0436	0	0.0000	0
F	0.0020	0	0.0000	0
R	0.0439	0	0.0000	0
V	0.0047	0	0.0000	0
Q	0.0214	0	0.0000	0
L	0.0110	0	0.0000	0
F	0.1463	0	0.0000	0
E	0.0129	0	0.0000	0
D	0.0016	0	0.0000	0
P	0.0018	0	0.0000	0
T	0.0031	0	0.0000	0
V	0.0006	0	0.0000	0
D	0.0010	0	0.0000	0
K	0.0492	0	0.0000	0
E	0.0038	0	0.0000	0
V	0.0006	0	0.0000	0
E	0.0046	0	0.0000	0
I	0.0003	0	0.0000	0
R	0.0308	0	0.0000	0
K	0.0081	0	0.0000	0
K	0.0021	0	0.0000	0
V	0.0003	0	0.0000	0
L	0.0003	0	0.0000	0
K	0.0045	0	0.0000	0
I	0.0001	0	0.0000	0
Y	0.0006	0	0.0000	0
N	0.0007	0	0.0000	0
K	0.0008	0	0.0000	0
R	0.0011	0	0.0000	0
E	0.0043	0	0.0000	0
E	0.0028	0	0.0000	0
D	0.0015	0	0.0000	0
F	0.0012	0	0.0000	0
P	0.0021	0	0.0000	0
S	0.0104	0	0.0000	0
L	0.0014	0	0.0000	0
R	0.0059	0	0.0000	0
E	0.0007	0	0.0000	0
Y	0.0002	0	0.0000	0
N	0.0093	0	0.0000	0
D	0.0004	0	0.0000	0
F	0.0004	0	0.0000	0
L	0.0003	0	0.0000	0
E	0.0004	0	0.0000	0
E	0.0035	0	0.0000	0
V	0.0001	0	0.0000	0
E	0.0003	0	0.0000	0
E	0.0001	0	0.0000	0
I	0.0002	0	0.0000	0
V	0.0001	0	0.0000	0
F	0.0003	0	0.0000	0
N	0.0005	0	0.0000	0
L	0.0001	0	0.0000	0
T	0.0002	0	0.0000	0
N	0.0010	0	0.0000	0
N	0.0004	0	0.0000	0
V	0.0003	0	0.0000	0
D	0.0003	0	0.0000	0
L	0.0003	0	0.0000	0
D	0.0007	0	0.0000	0
N	0.0012	0	0.0000	0
T	0.0021	0	0.0000	0
K	0.0009	0	0.0000	0
K	0.0005	0	0.0000	0
K	0.0033	0	0.0000	0
M	0.0002	0	0.0000	0
E	0.0090	0	0.0000	0
I	0.0005	0	0.0000	0
Y	0.0003	0	0.0000	0
Q	0.0017	0	0.0000	0
K	0.0011	0	0.0000	0
E	0.0004	0	0.0000	0
N	0.0005	0	0.0000	0
K	0.0250	0	0.0002	0
D	0.0015	0	0.0000	0
V	0.0034	0	0.0000	0
I	0.0004	0	0.0000	0
Q	0.0054	0	0.0000	0
K	0.0846	0	0.0001	0
N	0.0050	0	0.0000	0
K	0.0124	0	0.0000	0
L	0.0056	0	0.0000	0
K	0.0113	0	0.0000	0
L	0.0009	0	0.0000	0
T	0.0009	0	0.0000	0
R	0.0026	0	0.0000	0
E	0.0013	0	0.0000	0
Q	0.0009	0	0.0000	0
E	0.0004	0	0.0000	0
E	0.0002	0	0.0000	0
L	0.0002	0	0.0000	0
E	0.0005	0	0.0000	0
E	0.0004	0	0.0000	0
A	0.0003	0	0.0000	0
L	0.0002	0	0.0000	0
E	0.0016	0	0.0000	0
V	0.0006	0	0.0000	0
E	0.0034	0	0.0000	0
R	0.0262	0	0.0000	0
Q	0.0023	0	0.0000	0
E	0.0021	0	0.0000	0
N	0.0252	0	0.0000	0
E	0.0019	0	0.0000	0
Q	0.0097	0	0.0000	0
R	0.0061	0	0.0000	0
R	0.0179	0	0.0000	0
L	0.0007	0	0.0000	0
F	0.0007	0	0.0000	0
I	0.0002	0	0.0000	0
Q	0.0012	0	0.0000	0
K	0.0014	0	0.0000	0
E	0.0001	0	0.0000	0
E	0.0002	0	0.0000	0
Q	0.0010	0	0.0000	0
L	0.0003	0	0.0000	0
Q	0.0004	0	0.0000	0
Q	0.0007	0	0.0000	0
I	0.0011	0	0.0000	0
L	0.0008	0	0.0000	0
K	0.0016	0	0.0000	0
R	0.0015	0	0.0000	0
K	0.0012	0	0.0000	0
N	0.0002	0	0.0000	0
K	0.0005	0	0.0000	0
Q	0.0013	0	0.0000	0
A	0.0003	0	0.0000	0
F	0.0001	0	0.0000	0
L	0.0001	0	0.0000	0
D	0.0002	0	0.0000	0
E	0.0001	0	0.0000	0
L	0.0001	0	0.0000	0
E	0.0005	0	0.0000	0
S	0.0008	0	0.0000	0
S	0.0009	0	0.0000	0
D	0.0006	0	0.0000	0
L	0.0004	0	0.0000	0
P	0.0002	0	0.0000	0
V	0.0002	0	0.0000	0
A	0.0003	0	0.0000	0
L	0.0002	0	0.0000	0
L	0.0001	0	0.0000	0
L	0.0001	0	0.0000	0
A	0.0007	0	0.0000	0
Q	0.0169	0	0.0000	0
H	0.0011	0	0.0000	0
K	0.0018	0	0.0000	0
D	0.0009	0	0.0000	0
R	0.0336	0	0.0000	0
S	0.0047	0	0.0000	0
T	0.0007	0	0.0000	0
Q	0.0010	0	0.0000	0
L	0.0002	0	0.0000	0
E	0.0004	0	0.0000	0
M	0.0011	0	0.0000	0
Q	0.0005	0	0.0000	0
L	0.0004	0	0.0000	0
E	0.0007	0	0.0000	0
K	0.0017	0	0.0000	0
P	0.0058	0	0.0000	0
K	0.0437	0	0.0000	0
P	0.0154	0	0.0000	0
V	0.2206	0	0.0000	0
K	0.0830	0	0.0000	0
P	0.1076	0	0.0000	0
V	0.0135	0	0.0000	0
T	0.0107	0	0.0000	0
F	0.0225	0	0.0000	0
S	0.0102	0	0.0000	0
T	0.0213	0	0.0000	0
G	0.0133	0	0.0000	0
I	0.0029	0	0.0000	0
K	0.0184	0	0.0000	0
M	0.0066	0	0.0000	0
G	0.0024	0	0.0000	0
Q	0.0032	0	0.0000	0
H	0.0155	0	0.0000	0
I	0.0040	0	0.0000	0
S	0.0462	0	0.0000	0
L	0.0461	0	0.0000	0
A	0.0424	0	0.0000	0
P	0.0391	0	0.0000	0
I	0.0061	0	0.0000	0
H	0.0020	0	0.0000	0
K	0.0356	0	0.0000	0
L	0.0019	0	0.0000	0
E	0.0010	0	0.0000	0
E	0.0010	0	0.0000	0
A	0.0007	0	0.0000	0
L	0.0006	0	0.0000	0
Y	0.0012	0	0.0000	0
E	0.0040	0	0.0000	0
Y	0.0048	0	0.0000	0
Q	0.0004	0	0.0000	0
P	0.0002	0	0.0000	0
L	0.0001	0	0.0000	0
Q	0.0002	0	0.0000	0
I	0.0002	0	0.0000	0
E	0.0003	0	0.0000	0
T	0.0001	0	0.0000	0
Y	0.0002	0	0.0000	0
G	0.0001	0	0.0000	0
P	0.0001	0	0.0000	0
H	0.0001	0	0.0000	0
V	0.0001	0	0.0000	0
P	0.0002	0	0.0000	0
E	0.0002	0	0.0000	0
L	0.0002	0	0.0000	0
E	0.0002	0	0.0000	0
M	0.0001	0	0.0000	0
L	0.0002	0	0.0000	0
G	0.0002	0	0.0000	0
R	0.0002	0	0.0000	0
L	0.0003	0	0.0000	0
G	0.0006	0	0.0000	0
Y	0.0017	0	0.0000	0
L	0.0007	0	0.0000	0
N	0.0010	0	0.0000	0
H	0.0015	0	0.0000	0
V	0.0006	0	0.0000	0
R	0.0131	0	0.0000	0
A	0.0097	0	0.0000	0
A	0.0383	0	0.0001	0
S	0.1258	0	0.0006	0
P	0.0458	0	0.0003	0
Q	0.0361	0	0.0003	0
D	0.0462	0	0.0003	0
L	0.0601	0	0.0004	0
A	0.0249	0	0.0001	0
G	0.0235	0	0.0003	0
G	0.0130	0	0.0001	0
Y	0.0354	0	0.0003	0
T	0.1580	0	0.0009	0
S	0.0351	0	0.0000	0
S	0.0102	0	0.0000	0
L	0.0024	0	0.0000	0
A	0.0010	0	0.0000	0
C	0.0036	0	0.0000	0
H	0.0039	0	0.0000	0
R	0.0488	0	0.0002	0
A	0.0003	0	0.0000	0
L	0.0001	0	0.0000	0
Q	0.0006	0	0.0000	0
D	0.0008	0	0.0000	0
A	0.0002	0	0.0000	0
F	0.0002	0	0.0000	0
S	0.0009	0	0.0000	0
G	0.0003	0	0.0000	0
L	0.0004	0	0.0000	0
F	0.0020	0	0.0000	0
W	0.0090	0	0.0000	0
Q	0.0777	0	0.0004	0
P	0.0182	0	0.0001	0
S	0.0632	0	0.0002	0
</pre></body></html>