<html><head></head><body><pre style="word-wrap: break-word; white-space: pre-wrap;">&gt;P06710
Amino Acid	probability_DNA	binary_DNA	probability_RNA	binary_RNA
M	0.2202	0	0.0010	0
S	0.0750	0	0.0002	0
Y	0.1070	0	0.0001	0
Q	0.0226	0	0.0000	0
V	0.0020	0	0.0000	0
L	0.0002	0	0.0000	0
A	0.0000	0	0.0000	0
R	0.0001	0	0.0000	0
K	0.0031	0	0.0000	0
W	0.0004	0	0.0000	0
R	0.0025	0	0.0000	0
P	0.0008	0	0.0000	0
Q	0.0089	0	0.0000	0
T	0.0059	0	0.0000	0
F	0.0019	0	0.0000	0
A	0.0006	0	0.0000	0
D	0.0006	0	0.0000	0
V	0.0001	0	0.0000	0
V	0.0001	0	0.0000	0
G	0.0003	0	0.0000	0
Q	0.0047	0	0.0000	0
E	0.0017	0	0.0000	0
H	0.0011	0	0.0000	0
V	0.0001	0	0.0000	0
L	0.0000	0	0.0000	0
T	0.0002	0	0.0000	0
A	0.0000	0	0.0000	0
L	0.0000	0	0.0000	0
A	0.0001	0	0.0000	0
N	0.0002	0	0.0000	0
G	0.0001	0	0.0000	0
L	0.0000	0	0.0000	0
S	0.0002	0	0.0000	0
L	0.0001	0	0.0000	0
G	0.0001	0	0.0000	0
R	0.0003	0	0.0000	0
I	0.0001	0	0.0000	0
H	0.0003	0	0.0000	0
H	0.0045	0	0.0000	0
A	0.0005	0	0.0000	0
Y	0.0001	0	0.0000	0
L	0.0001	0	0.0000	0
F	0.0001	0	0.0000	0
S	0.0008	0	0.0000	0
G	0.0059	0	0.0000	0
T	0.0676	0	0.0001	0
R	0.0057	0	0.0000	0
G	0.0012	0	0.0000	0
V	0.0003	0	0.0000	0
G	0.0002	0	0.0000	0
K	0.0109	0	0.0000	0
T	0.0001	0	0.0000	0
S	0.0001	0	0.0000	0
I	0.0000	0	0.0000	0
A	0.0000	0	0.0000	0
R	0.0000	0	0.0000	0
L	0.0000	0	0.0000	0
L	0.0000	0	0.0000	0
A	0.0000	0	0.0000	0
K	0.0001	0	0.0000	0
G	0.0000	0	0.0000	0
L	0.0000	0	0.0000	0
N	0.0000	0	0.0000	0
C	0.0000	0	0.0000	0
E	0.0003	0	0.0000	0
T	0.0008	0	0.0000	0
G	0.0003	0	0.0000	0
I	0.0005	0	0.0000	0
T	0.0005	0	0.0000	0
A	0.0004	0	0.0000	0
T	0.0007	0	0.0000	0
P	0.0004	0	0.0000	0
C	0.0005	0	0.0000	0
G	0.0012	0	0.0000	0
V	0.0026	0	0.0000	0
C	0.0004	0	0.0000	0
D	0.0023	0	0.0000	0
N	0.0004	0	0.0000	0
C	0.0001	0	0.0000	0
R	0.0023	0	0.0000	0
E	0.0002	0	0.0000	0
I	0.0001	0	0.0000	0
E	0.0002	0	0.0000	0
Q	0.0003	0	0.0000	0
G	0.0001	0	0.0000	0
R	0.0002	0	0.0000	0
F	0.0001	0	0.0000	0
V	0.0001	0	0.0000	0
D	0.0001	0	0.0000	0
L	0.0000	0	0.0000	0
I	0.0000	0	0.0000	0
E	0.0001	0	0.0000	0
I	0.0001	0	0.0000	0
D	0.0006	0	0.0000	0
A	0.0010	0	0.0000	0
A	0.0013	0	0.0000	0
S	0.0025	0	0.0000	0
R	0.0090	0	0.0000	0
T	0.0049	0	0.0000	0
K	0.0381	0	0.0001	0
V	0.0046	0	0.0000	0
E	0.0009	0	0.0000	0
D	0.0005	0	0.0000	0
T	0.0003	0	0.0000	0
R	0.0071	0	0.0000	0
D	0.0003	0	0.0000	0
L	0.0001	0	0.0000	0
L	0.0003	0	0.0000	0
D	0.0005	0	0.0000	0
N	0.0002	0	0.0000	0
V	0.0001	0	0.0000	0
Q	0.0011	0	0.0000	0
Y	0.0026	0	0.0000	0
A	0.0011	0	0.0000	0
P	0.0005	0	0.0000	0
A	0.0013	0	0.0000	0
R	0.0008	0	0.0000	0
G	0.0002	0	0.0000	0
R	0.0007	0	0.0000	0
F	0.0003	0	0.0000	0
K	0.0004	0	0.0000	0
V	0.0001	0	0.0000	0
Y	0.0001	0	0.0000	0
L	0.0002	0	0.0000	0
I	0.0006	0	0.0000	0
D	0.1567	0	0.0241	0
E	0.0645	0	0.0057	0
V	0.0069	0	0.0002	0
H	0.1283	0	0.0060	0
M	0.0666	0	0.0010	0
L	0.0103	0	0.0000	0
S	0.1056	0	0.0008	0
R	0.0941	0	0.0008	0
H	0.0294	0	0.0002	0
S	0.0089	0	0.0001	0
F	0.0053	0	0.0001	0
N	0.0732	0	0.0017	0
A	0.0026	0	0.0000	0
L	0.0001	0	0.0000	0
L	0.0006	0	0.0000	0
K	0.0087	0	0.0002	0
T	0.0004	0	0.0000	0
L	0.0001	0	0.0000	0
E	0.0054	0	0.0002	0
E	0.0022	0	0.0001	0
P	0.0002	0	0.0000	0
P	0.0002	0	0.0000	0
E	0.0001	0	0.0000	0
H	0.0008	0	0.0001	0
V	0.0001	0	0.0000	0
K	0.0003	0	0.0000	0
F	0.0003	0	0.0000	0
L	0.0008	0	0.0000	0
L	0.0002	0	0.0000	0
A	0.0010	0	0.0000	0
T	0.0124	0	0.0006	0
T	0.2753	0	0.0226	0
D	0.1186	0	0.0015	0
P	0.0070	0	0.0000	0
Q	0.0115	0	0.0001	0
K	0.0306	0	0.0003	0
L	0.0010	0	0.0000	0
P	0.0004	0	0.0000	0
V	0.0009	0	0.0000	0
T	0.0026	0	0.0000	0
I	0.0014	0	0.0000	0
L	0.0022	0	0.0000	0
S	0.0014	0	0.0000	0
R	0.0111	0	0.0000	0
C	0.0001	0	0.0000	0
L	0.0001	0	0.0000	0
Q	0.0010	0	0.0000	0
F	0.0001	0	0.0000	0
H	0.0004	0	0.0000	0
L	0.0002	0	0.0000	0
K	0.0006	0	0.0000	0
A	0.0007	0	0.0000	0
L	0.0002	0	0.0000	0
D	0.0003	0	0.0000	0
V	0.0003	0	0.0000	0
E	0.0002	0	0.0000	0
Q	0.0001	0	0.0000	0
I	0.0000	0	0.0000	0
R	0.0001	0	0.0000	0
H	0.0001	0	0.0000	0
Q	0.0000	0	0.0000	0
L	0.0000	0	0.0000	0
E	0.0001	0	0.0000	0
H	0.0001	0	0.0000	0
I	0.0001	0	0.0000	0
L	0.0000	0	0.0000	0
N	0.0001	0	0.0000	0
E	0.0002	0	0.0000	0
E	0.0001	0	0.0000	0
H	0.0001	0	0.0000	0
I	0.0001	0	0.0000	0
A	0.0003	0	0.0000	0
H	0.0008	0	0.0000	0
E	0.0032	0	0.0000	0
P	0.0016	0	0.0000	0
R	0.0020	0	0.0000	0
A	0.0003	0	0.0000	0
L	0.0002	0	0.0000	0
Q	0.0013	0	0.0001	0
L	0.0001	0	0.0000	0
L	0.0000	0	0.0000	0
A	0.0001	0	0.0000	0
R	0.0002	0	0.0000	0
A	0.0002	0	0.0000	0
A	0.0007	0	0.0002	0
E	0.0009	0	0.0005	0
G	0.0326	0	0.0292	0
S	0.0120	0	0.0039	0
L	0.0012	0	0.0004	0
R	0.1247	0	0.0455	0
D	0.0263	0	0.0006	0
A	0.0003	0	0.0000	0
L	0.0100	0	0.0002	0
S	0.1907	0	0.0091	0
L	0.0005	0	0.0000	0
T	0.0002	0	0.0000	0
D	0.0072	0	0.0003	0
Q	0.0147	0	0.0006	0
A	0.0003	0	0.0000	0
I	0.0002	0	0.0000	0
A	0.0003	0	0.0000	0
S	0.0016	0	0.0001	0
G	0.0005	0	0.0000	0
D	0.0015	0	0.0001	0
G	0.0015	0	0.0000	0
Q	0.0020	0	0.0000	0
V	0.0006	0	0.0000	0
S	0.0044	0	0.0002	0
T	0.0024	0	0.0000	0
Q	0.0009	0	0.0000	0
A	0.0003	0	0.0000	0
V	0.0000	0	0.0000	0
S	0.0004	0	0.0000	0
A	0.0004	0	0.0000	0
M	0.0001	0	0.0000	0
L	0.0001	0	0.0000	0
G	0.0002	0	0.0000	0
T	0.0002	0	0.0000	0
L	0.0001	0	0.0000	0
D	0.0003	0	0.0000	0
D	0.0003	0	0.0000	0
D	0.0005	0	0.0000	0
Q	0.0002	0	0.0000	0
A	0.0001	0	0.0000	0
L	0.0002	0	0.0000	0
S	0.0001	0	0.0000	0
L	0.0000	0	0.0000	0
V	0.0001	0	0.0000	0
E	0.0007	0	0.0001	0
A	0.0002	0	0.0000	0
M	0.0001	0	0.0000	0
V	0.0007	0	0.0001	0
E	0.0010	0	0.0001	0
A	0.0019	0	0.0002	0
N	0.0009	0	0.0001	0
G	0.0005	0	0.0000	0
E	0.0039	0	0.0017	0
R	0.0070	0	0.0022	0
V	0.0002	0	0.0000	0
M	0.0001	0	0.0000	0
A	0.0004	0	0.0000	0
L	0.0000	0	0.0000	0
I	0.0001	0	0.0000	0
N	0.0132	0	0.0055	0
E	0.0007	0	0.0001	0
A	0.0001	0	0.0000	0
A	0.0001	0	0.0000	0
A	0.0001	0	0.0000	0
R	0.0001	0	0.0000	0
G	0.0001	0	0.0000	0
I	0.0002	0	0.0000	0
E	0.0005	0	0.0001	0
W	0.0013	0	0.0002	0
E	0.0016	0	0.0005	0
A	0.0007	0	0.0001	0
L	0.0002	0	0.0000	0
L	0.0001	0	0.0000	0
V	0.0048	0	0.0010	0
E	0.0023	0	0.0004	0
M	0.0002	0	0.0000	0
L	0.0004	0	0.0001	0
G	0.0031	0	0.0013	0
L	0.0001	0	0.0000	0
L	0.0001	0	0.0000	0
H	0.0059	0	0.0016	0
R	0.0015	0	0.0002	0
I	0.0001	0	0.0000	0
A	0.0002	0	0.0000	0
M	0.0003	0	0.0000	0
V	0.0004	0	0.0000	0
Q	0.0027	0	0.0002	0
L	0.0044	0	0.0002	0
S	0.0016	0	0.0001	0
P	0.0495	0	0.0052	0
A	0.0116	0	0.0006	0
A	0.0035	0	0.0001	0
L	0.0011	0	0.0000	0
G	0.0021	0	0.0001	0
N	0.0083	0	0.0008	0
D	0.0040	0	0.0004	0
M	0.0031	0	0.0005	0
A	0.0047	0	0.0007	0
A	0.0184	0	0.0053	0
I	0.0086	0	0.0016	0
E	0.0031	0	0.0005	0
L	0.0063	0	0.0009	0
R	0.2880	0	0.0889	0
M	0.0063	0	0.0005	0
R	0.0079	0	0.0007	0
E	0.0472	0	0.0064	0
L	0.0008	0	0.0000	0
A	0.0017	0	0.0001	0
R	0.0513	0	0.0103	0
T	0.0225	0	0.0017	0
I	0.0015	0	0.0000	0
P	0.0012	0	0.0000	0
P	0.0008	0	0.0000	0
T	0.0010	0	0.0000	0
D	0.0030	0	0.0002	0
I	0.0001	0	0.0000	0
Q	0.0004	0	0.0001	0
L	0.0023	0	0.0006	0
Y	0.0002	0	0.0000	0
Y	0.0006	0	0.0001	0
Q	0.0114	0	0.0036	0
T	0.0002	0	0.0000	0
L	0.0001	0	0.0000	0
L	0.0002	0	0.0000	0
I	0.0006	0	0.0001	0
G	0.0004	0	0.0000	0
R	0.0113	0	0.0026	0
K	0.0038	0	0.0004	0
E	0.0036	0	0.0004	0
L	0.0009	0	0.0001	0
P	0.1283	0	0.0222	0
Y	0.3377	0	0.0408	0
A	0.3169	0	0.0178	0
P	0.3608	1	0.0135	0
D	0.3766	1	0.0088	0
R	0.0823	0	0.0005	0
R	0.0797	0	0.0006	0
M	0.0011	0	0.0000	0
G	0.0003	0	0.0000	0
V	0.0002	0	0.0000	0
E	0.0014	0	0.0001	0
M	0.0003	0	0.0000	0
T	0.0004	0	0.0000	0
L	0.0001	0	0.0000	0
L	0.0001	0	0.0000	0
R	0.0092	0	0.0004	0
A	0.0001	0	0.0000	0
L	0.0000	0	0.0000	0
A	0.0005	0	0.0000	0
F	0.0002	0	0.0000	0
H	0.0003	0	0.0000	0
P	0.0007	0	0.0000	0
R	0.0034	0	0.0001	0
M	0.0012	0	0.0000	0
P	0.0007	0	0.0000	0
L	0.0006	0	0.0000	0
P	0.0015	0	0.0000	0
E	0.0006	0	0.0000	0
P	0.0008	0	0.0000	0
E	0.0005	0	0.0000	0
V	0.0003	0	0.0000	0
P	0.0008	0	0.0000	0
R	0.0007	0	0.0000	0
Q	0.0008	0	0.0000	0
S	0.0009	0	0.0000	0
F	0.0007	0	0.0000	0
A	0.0005	0	0.0000	0
P	0.0004	0	0.0000	0
V	0.0005	0	0.0000	0
A	0.0006	0	0.0000	0
P	0.0005	0	0.0000	0
T	0.0007	0	0.0000	0
A	0.0005	0	0.0000	0
V	0.0009	0	0.0000	0
M	0.0007	0	0.0000	0
T	0.0014	0	0.0000	0
P	0.0016	0	0.0000	0
T	0.0042	0	0.0000	0
Q	0.0007	0	0.0000	0
V	0.0008	0	0.0000	0
P	0.0018	0	0.0000	0
P	0.0014	0	0.0000	0
Q	0.0024	0	0.0000	0
P	0.0008	0	0.0000	0
Q	0.0012	0	0.0000	0
S	0.0009	0	0.0000	0
A	0.0008	0	0.0000	0
P	0.0010	0	0.0000	0
Q	0.0022	0	0.0000	0
Q	0.0007	0	0.0000	0
A	0.0008	0	0.0000	0
P	0.0007	0	0.0000	0
T	0.0011	0	0.0000	0
V	0.0005	0	0.0000	0
P	0.0004	0	0.0000	0
L	0.0005	0	0.0000	0
P	0.0007	0	0.0000	0
E	0.0003	0	0.0000	0
T	0.0003	0	0.0000	0
T	0.0003	0	0.0000	0
S	0.0005	0	0.0000	0
Q	0.0004	0	0.0000	0
V	0.0003	0	0.0000	0
L	0.0004	0	0.0000	0
A	0.0005	0	0.0000	0
A	0.0005	0	0.0000	0
R	0.0040	0	0.0000	0
Q	0.0052	0	0.0000	0
Q	0.0048	0	0.0000	0
L	0.0007	0	0.0000	0
Q	0.0022	0	0.0000	0
R	0.0040	0	0.0000	0
V	0.0060	0	0.0000	0
Q	0.0026	0	0.0000	0
G	0.0010	0	0.0000	0
A	0.0017	0	0.0000	0
T	0.0012	0	0.0000	0
K	0.0029	0	0.0000	0
A	0.0004	0	0.0000	0
K	0.0003	0	0.0000	0
K	0.0012	0	0.0000	0
S	0.0002	0	0.0000	0
E	0.0002	0	0.0000	0
P	0.0001	0	0.0000	0
A	0.0001	0	0.0000	0
A	0.0001	0	0.0000	0
A	0.0001	0	0.0000	0
T	0.0001	0	0.0000	0
R	0.0001	0	0.0000	0
A	0.0001	0	0.0000	0
R	0.0001	0	0.0000	0
P	0.0001	0	0.0000	0
V	0.0001	0	0.0000	0
N	0.0002	0	0.0000	0
N	0.0003	0	0.0000	0
A	0.0003	0	0.0000	0
A	0.0002	0	0.0000	0
L	0.0004	0	0.0000	0
E	0.0004	0	0.0000	0
R	0.0013	0	0.0000	0
L	0.0009	0	0.0000	0
A	0.0012	0	0.0000	0
S	0.0021	0	0.0000	0
V	0.0028	0	0.0000	0
T	0.0066	0	0.0000	0
D	0.0013	0	0.0000	0
R	0.0048	0	0.0000	0
V	0.0006	0	0.0000	0
Q	0.0013	0	0.0000	0
A	0.0007	0	0.0000	0
R	0.0006	0	0.0000	0
P	0.0001	0	0.0000	0
V	0.0002	0	0.0000	0
P	0.0001	0	0.0000	0
S	0.0001	0	0.0000	0
A	0.0001	0	0.0000	0
L	0.0000	0	0.0000	0
E	0.0000	0	0.0000	0
K	0.0000	0	0.0000	0
A	0.0000	0	0.0000	0
P	0.0000	0	0.0000	0
A	0.0001	0	0.0000	0
K	0.0001	0	0.0000	0
K	0.0001	0	0.0000	0
E	0.0002	0	0.0000	0
A	0.0002	0	0.0000	0
Y	0.0004	0	0.0000	0
R	0.0004	0	0.0000	0
W	0.0003	0	0.0000	0
K	0.0001	0	0.0000	0
A	0.0001	0	0.0000	0
T	0.0001	0	0.0000	0
T	0.0001	0	0.0000	0
P	0.0001	0	0.0000	0
V	0.0000	0	0.0000	0
M	0.0000	0	0.0000	0
Q	0.0000	0	0.0000	0
Q	0.0000	0	0.0000	0
K	0.0001	0	0.0000	0
E	0.0000	0	0.0000	0
V	0.0000	0	0.0000	0
V	0.0001	0	0.0000	0
A	0.0000	0	0.0000	0
T	0.0001	0	0.0000	0
P	0.0001	0	0.0000	0
K	0.0002	0	0.0000	0
A	0.0002	0	0.0000	0
L	0.0001	0	0.0000	0
K	0.0007	0	0.0000	0
K	0.0009	0	0.0000	0
A	0.0004	0	0.0000	0
L	0.0002	0	0.0000	0
E	0.0002	0	0.0000	0
H	0.0004	0	0.0000	0
E	0.0002	0	0.0000	0
K	0.0003	0	0.0000	0
T	0.0006	0	0.0000	0
P	0.0002	0	0.0000	0
E	0.0001	0	0.0000	0
L	0.0001	0	0.0000	0
A	0.0001	0	0.0000	0
A	0.0001	0	0.0000	0
K	0.0003	0	0.0000	0
L	0.0000	0	0.0000	0
A	0.0000	0	0.0000	0
A	0.0001	0	0.0000	0
E	0.0001	0	0.0000	0
A	0.0001	0	0.0000	0
I	0.0001	0	0.0000	0
E	0.0001	0	0.0000	0
R	0.0016	0	0.0000	0
D	0.0001	0	0.0000	0
P	0.0001	0	0.0000	0
W	0.0016	0	0.0000	0
A	0.0001	0	0.0000	0
A	0.0001	0	0.0000	0
Q	0.0001	0	0.0000	0
V	0.0000	0	0.0000	0
S	0.0001	0	0.0000	0
Q	0.0018	0	0.0001	0
L	0.0001	0	0.0000	0
S	0.0003	0	0.0000	0
L	0.0007	0	0.0000	0
P	0.0082	0	0.0000	0
K	0.0106	0	0.0000	0
L	0.0013	0	0.0000	0
V	0.0004	0	0.0000	0
E	0.0018	0	0.0000	0
Q	0.0015	0	0.0000	0
V	0.0001	0	0.0000	0
A	0.0000	0	0.0000	0
L	0.0000	0	0.0000	0
N	0.0000	0	0.0000	0
A	0.0000	0	0.0000	0
W	0.0000	0	0.0000	0
K	0.0001	0	0.0000	0
E	0.0001	0	0.0000	0
E	0.0003	0	0.0000	0
S	0.0003	0	0.0000	0
D	0.0002	0	0.0000	0
N	0.0007	0	0.0001	0
A	0.0006	0	0.0000	0
V	0.0002	0	0.0000	0
C	0.0172	0	0.0008	0
L	0.0030	0	0.0000	0
H	0.0065	0	0.0002	0
L	0.0003	0	0.0000	0
R	0.0010	0	0.0000	0
S	0.0007	0	0.0000	0
S	0.0004	0	0.0000	0
Q	0.0007	0	0.0000	0
R	0.0018	0	0.0001	0
H	0.0144	0	0.0003	0
L	0.0004	0	0.0000	0
N	0.0010	0	0.0000	0
N	0.0046	0	0.0001	0
R	0.0108	0	0.0003	0
G	0.0473	0	0.0011	0
A	0.0016	0	0.0000	0
Q	0.0002	0	0.0000	0
Q	0.0015	0	0.0001	0
K	0.0013	0	0.0000	0
L	0.0000	0	0.0000	0
A	0.0004	0	0.0000	0
E	0.0009	0	0.0001	0
A	0.0002	0	0.0000	0
L	0.0001	0	0.0000	0
S	0.0005	0	0.0000	0
M	0.0007	0	0.0001	0
L	0.0001	0	0.0000	0
K	0.0002	0	0.0000	0
G	0.0002	0	0.0000	0
S	0.0002	0	0.0000	0
T	0.0004	0	0.0000	0
V	0.0003	0	0.0000	0
E	0.0042	0	0.0002	0
L	0.0001	0	0.0000	0
T	0.0004	0	0.0000	0
I	0.0001	0	0.0000	0
V	0.0002	0	0.0000	0
E	0.0001	0	0.0000	0
D	0.0001	0	0.0000	0
D	0.0003	0	0.0000	0
N	0.0004	0	0.0000	0
P	0.0003	0	0.0000	0
A	0.0002	0	0.0000	0
V	0.0002	0	0.0000	0
R	0.0007	0	0.0001	0
T	0.0003	0	0.0000	0
P	0.0003	0	0.0000	0
L	0.0002	0	0.0000	0
E	0.0002	0	0.0000	0
W	0.0007	0	0.0001	0
R	0.0031	0	0.0012	0
Q	0.0012	0	0.0004	0
A	0.0049	0	0.0020	0
I	0.0002	0	0.0001	0
Y	0.0208	0	0.0146	0
E	0.0008	0	0.0003	0
E	0.0007	0	0.0002	0
K	0.0349	0	0.0189	0
L	0.0124	0	0.0030	0
A	0.0006	0	0.0001	0
Q	0.0021	0	0.0004	0
A	0.0007	0	0.0001	0
R	0.0009	0	0.0002	0
E	0.0004	0	0.0001	0
S	0.0004	0	0.0000	0
I	0.0002	0	0.0000	0
I	0.0004	0	0.0002	0
A	0.0009	0	0.0003	0
D	0.0010	0	0.0002	0
N	0.0004	0	0.0000	0
N	0.0009	0	0.0000	0
I	0.0006	0	0.0000	0
Q	0.0052	0	0.0003	0
T	0.0035	0	0.0001	0
L	0.0001	0	0.0000	0
R	0.0004	0	0.0000	0
R	0.0001	0	0.0000	0
F	0.0001	0	0.0000	0
F	0.0001	0	0.0000	0
D	0.0000	0	0.0000	0
A	0.0000	0	0.0000	0
E	0.0001	0	0.0000	0
L	0.0000	0	0.0000	0
D	0.0001	0	0.0000	0
E	0.0001	0	0.0000	0
E	0.0003	0	0.0000	0
S	0.0036	0	0.0001	0
I	0.0021	0	0.0001	0
R	0.1067	0	0.0031	0
P	0.0307	0	0.0005	0
I	0.0525	0	0.0013	0
</pre></body></html>