<html><head></head><body><pre style="word-wrap: break-word; white-space: pre-wrap;">&gt;P89036
Amino Acid	probability_DNA	binary_DNA	probability_RNA	binary_RNA
M	0.0020	0	0.5437	1
N	0.0010	0	0.3509	1
R	0.0008	0	0.4659	1
N	0.0003	0	0.1441	0
G	0.0003	0	0.1909	1
A	0.0005	0	0.2731	1
T	0.0012	0	0.5562	1
P	0.0020	0	0.5169	1
T	0.0023	0	0.4391	1
R	0.0055	0	0.3705	1
G	0.0062	0	0.2482	1
R	0.0134	0	0.2887	1
G	0.0032	0	0.0788	0
K	0.0026	0	0.1106	0
R	0.0042	0	0.0860	0
A	0.0041	0	0.0849	0
I	0.0011	0	0.0424	0
P	0.0029	0	0.1032	0
N	0.0055	0	0.1044	0
P	0.0028	0	0.0179	0
P	0.0083	0	0.0168	0
R	0.0491	0	0.0213	0
R	0.1896	0	0.0212	0
R	0.2868	0	0.0084	0
A	0.0814	0	0.0043	0
R	0.1503	0	0.0074	0
G	0.0329	0	0.0017	0
K	0.0418	0	0.0072	0
S	0.0883	0	0.0115	0
V	0.0057	0	0.0005	0
E	0.0163	0	0.0023	0
R	0.0627	0	0.0095	0
G	0.2788	0	0.0557	0
S	0.2294	0	0.0911	0
T	0.1533	0	0.0458	0
P	0.1051	0	0.0284	0
L	0.0026	0	0.0007	0
Q	0.0332	0	0.0077	0
Y	0.0086	0	0.0010	0
V	0.0360	0	0.0026	0
T	0.0717	0	0.0023	0
T	0.0233	0	0.0007	0
L	0.0011	0	0.0001	0
G	0.0074	0	0.0004	0
P	0.0140	0	0.0004	0
S	0.1076	0	0.0031	0
R	0.0055	0	0.0001	0
P	0.0022	0	0.0001	0
R	0.0382	0	0.0040	0
M	0.0077	0	0.0010	0
G	0.0159	0	0.0016	0
Q	0.0217	0	0.0017	0
G	0.0038	0	0.0004	0
Q	0.0015	0	0.0001	0
G	0.0008	0	0.0001	0
W	0.0027	0	0.0001	0
Q	0.0050	0	0.0003	0
K	0.0283	0	0.0012	0
L	0.0023	0	0.0004	0
S	0.0064	0	0.0018	0
H	0.1351	0	0.0459	0
E	0.0338	0	0.0076	0
E	0.0294	0	0.0128	0
I	0.0038	0	0.0017	0
I	0.0003	0	0.0001	0
L	0.0003	0	0.0001	0
Q	0.0003	0	0.0001	0
V	0.0001	0	0.0000	0
N	0.0448	0	0.0048	0
S	0.1243	0	0.0151	0
S	0.0952	0	0.0049	0
T	0.0150	0	0.0006	0
A	0.0027	0	0.0001	0
A	0.0042	0	0.0001	0
D	0.0024	0	0.0001	0
T	0.0020	0	0.0000	0
I	0.0006	0	0.0000	0
Q	0.0064	0	0.0002	0
T	0.0045	0	0.0001	0
I	0.0003	0	0.0000	0
P	0.0003	0	0.0000	0
I	0.0001	0	0.0000	0
I	0.0006	0	0.0000	0
P	0.0005	0	0.0000	0
R	0.0055	0	0.0006	0
L	0.0010	0	0.0001	0
S	0.0016	0	0.0002	0
V	0.0013	0	0.0001	0
P	0.0011	0	0.0001	0
A	0.0020	0	0.0001	0
G	0.0056	0	0.0005	0
D	0.0018	0	0.0002	0
K	0.0114	0	0.0011	0
P	0.0011	0	0.0001	0
I	0.0012	0	0.0001	0
Y	0.0149	0	0.0029	0
S	0.0250	0	0.0060	0
G	0.0204	0	0.0041	0
S	0.0258	0	0.0130	0
A	0.0009	0	0.0005	0
P	0.0400	0	0.0262	0
H	0.1492	0	0.1730	1
L	0.0013	0	0.0007	0
R	0.1548	0	0.1303	0
T	0.0721	0	0.1071	0
I	0.0008	0	0.0007	0
G	0.0029	0	0.0044	0
S	0.0029	0	0.0071	0
A	0.0022	0	0.0063	0
F	0.0466	0	0.1528	1
A	0.0039	0	0.0111	0
I	0.1042	0	0.0679	0
H	0.0178	0	0.0177	0
R	0.1163	0	0.0589	0
W	0.0040	0	0.0009	0
R	0.0119	0	0.0032	0
A	0.2635	0	0.0456	0
L	0.0004	0	0.0000	0
S	0.0288	0	0.0025	0
F	0.0007	0	0.0000	0
E	0.0173	0	0.0005	0
W	0.0090	0	0.0003	0
I	0.0023	0	0.0001	0
P	0.0011	0	0.0000	0
S	0.0008	0	0.0000	0
C	0.0003	0	0.0000	0
P	0.0015	0	0.0000	0
T	0.0053	0	0.0001	0
T	0.0163	0	0.0002	0
T	0.0826	0	0.0012	0
P	0.0156	0	0.0003	0
G	0.0002	0	0.0000	0
N	0.0028	0	0.0001	0
L	0.0001	0	0.0000	0
V	0.0005	0	0.0000	0
L	0.0001	0	0.0000	0
R	0.0003	0	0.0000	0
F	0.0001	0	0.0000	0
Y	0.0001	0	0.0000	0
P	0.0002	0	0.0000	0
N	0.0011	0	0.0000	0
Y	0.0010	0	0.0001	0
S	0.0004	0	0.0001	0
T	0.0005	0	0.0001	0
E	0.0019	0	0.0002	0
T	0.0004	0	0.0000	0
P	0.0009	0	0.0001	0
K	0.0006	0	0.0000	0
T	0.0003	0	0.0000	0
L	0.0010	0	0.0000	0
T	0.0002	0	0.0000	0
D	0.0002	0	0.0000	0
L	0.0000	0	0.0000	0
M	0.0009	0	0.0005	0
D	0.0013	0	0.0010	0
S	0.0002	0	0.0001	0
E	0.0020	0	0.0009	0
S	0.0134	0	0.0056	0
L	0.0002	0	0.0000	0
V	0.0001	0	0.0000	0
L	0.0002	0	0.0001	0
V	0.0001	0	0.0000	0
P	0.0001	0	0.0000	0
S	0.0000	0	0.0000	0
L	0.0001	0	0.0000	0
S	0.0000	0	0.0000	0
G	0.0000	0	0.0000	0
K	0.0001	0	0.0000	0
T	0.0001	0	0.0000	0
Y	0.0001	0	0.0000	0
R	0.0001	0	0.0000	0
P	0.0000	0	0.0000	0
K	0.0002	0	0.0000	0
I	0.0000	0	0.0000	0
E	0.0001	0	0.0000	0
T	0.0000	0	0.0000	0
R	0.0001	0	0.0000	0
G	0.0001	0	0.0000	0
N	0.0001	0	0.0000	0
P	0.0011	0	0.0002	0
P	0.0007	0	0.0001	0
E	0.0013	0	0.0001	0
L	0.0007	0	0.0001	0
R	0.0033	0	0.0003	0
N	0.0006	0	0.0001	0
I	0.0001	0	0.0000	0
D	0.0045	0	0.0006	0
A	0.0010	0	0.0001	0
T	0.0001	0	0.0000	0
A	0.0001	0	0.0000	0
F	0.0000	0	0.0000	0
S	0.0000	0	0.0000	0
A	0.0000	0	0.0000	0
L	0.0000	0	0.0000	0
S	0.0000	0	0.0000	0
D	0.0000	0	0.0000	0
E	0.0000	0	0.0000	0
D	0.0000	0	0.0000	0
K	0.0000	0	0.0000	0
G	0.0000	0	0.0000	0
D	0.0000	0	0.0000	0
Y	0.0000	0	0.0000	0
S	0.0000	0	0.0000	0
V	0.0000	0	0.0000	0
G	0.0000	0	0.0000	0
R	0.0002	0	0.0001	0
L	0.0000	0	0.0000	0
V	0.0001	0	0.0000	0
V	0.0007	0	0.0007	0
G	0.0008	0	0.0005	0
S	0.0638	0	0.0485	0
S	0.3765	1	0.3622	1
K	0.5158	1	0.5041	1
Q	0.0121	0	0.0144	0
A	0.0013	0	0.0012	0
V	0.0002	0	0.0001	0
V	0.0006	0	0.0009	0
I	0.0002	0	0.0001	0
Q	0.0006	0	0.0006	0
L	0.0011	0	0.0024	0
G	0.0008	0	0.0013	0
L	0.0280	0	0.0353	0
L	0.0003	0	0.0004	0
R	0.0328	0	0.0448	0
M	0.0001	0	0.0001	0
R	0.0003	0	0.0001	0
Y	0.0002	0	0.0000	0
S	0.0002	0	0.0000	0
A	0.0000	0	0.0000	0
E	0.0006	0	0.0010	0
M	0.0000	0	0.0000	0
R	0.0009	0	0.0030	0
G	0.0001	0	0.0002	0
A	0.0000	0	0.0000	0
T	0.0001	0	0.0001	0
S	0.0001	0	0.0001	0
I	0.0001	0	0.0001	0
S	0.0000	0	0.0001	0
G	0.0000	0	0.0001	0
V	0.0001	0	0.0002	0
S	0.0007	0	0.0022	0
A	0.0020	0	0.0064	0
</pre></body></html>