<html><head></head><body><pre style="word-wrap: break-word; white-space: pre-wrap;">&gt;Q72GV5
Amino Acid	probability_DNA	binary_DNA	probability_RNA	binary_RNA
M	0.0027	0	0.0016	0
K	0.0092	0	0.0039	0
V	0.0002	0	0.0000	0
I	0.0001	0	0.0000	0
L	0.0002	0	0.0002	0
L	0.0017	0	0.0029	0
E	0.0185	0	0.0487	0
P	0.0473	0	0.0859	0
L	0.1832	0	0.3303	1
E	0.1551	0	0.2953	1
N	0.2167	0	0.3618	1
L	0.0102	0	0.0171	0
G	0.0129	0	0.0188	0
D	0.0465	0	0.0805	0
V	0.0750	0	0.0720	0
G	0.0391	0	0.0574	0
Q	0.0027	0	0.0028	0
V	0.0025	0	0.0014	0
V	0.0013	0	0.0007	0
D	0.0095	0	0.0115	0
V	0.0099	0	0.0067	0
K	0.5794	1	0.3708	1
P	0.3798	1	0.4071	1
G	0.6588	1	0.6627	1
Y	0.7725	1	0.6902	1
A	0.0501	0	0.0395	0
R	0.7047	1	0.4679	1
N	0.8214	1	0.2778	1
Y	0.8023	1	0.2965	1
L	0.0159	0	0.0020	0
L	0.0710	0	0.0057	0
P	0.0564	0	0.0022	0
R	0.2655	0	0.0095	0
G	0.1073	0	0.0040	0
L	0.0210	0	0.0004	0
A	0.0048	0	0.0001	0
V	0.1078	0	0.0058	0
L	0.0336	0	0.0009	0
A	0.0222	0	0.0005	0
T	0.4187	1	0.0166	0
E	0.1384	0	0.0010	0
S	0.0225	0	0.0001	0
N	0.0089	0	0.0000	0
L	0.0116	0	0.0000	0
K	0.0414	0	0.0001	0
A	0.0023	0	0.0000	0
L	0.0031	0	0.0000	0
E	0.0029	0	0.0000	0
A	0.0008	0	0.0000	0
R	0.0028	0	0.0000	0
I	0.0187	0	0.0000	0
R	0.0026	0	0.0000	0
A	0.0015	0	0.0000	0
Q	0.0007	0	0.0000	0
A	0.0005	0	0.0000	0
K	0.0010	0	0.0000	0
R	0.0015	0	0.0000	0
L	0.0009	0	0.0000	0
A	0.0006	0	0.0000	0
E	0.0004	0	0.0000	0
R	0.0007	0	0.0000	0
K	0.0105	0	0.0000	0
A	0.0004	0	0.0000	0
E	0.0003	0	0.0000	0
A	0.0005	0	0.0000	0
E	0.0007	0	0.0000	0
R	0.0006	0	0.0000	0
L	0.0018	0	0.0000	0
K	0.0066	0	0.0000	0
E	0.0002	0	0.0000	0
I	0.0003	0	0.0000	0
L	0.0001	0	0.0000	0
E	0.0002	0	0.0000	0
N	0.0001	0	0.0000	0
L	0.0001	0	0.0000	0
T	0.0004	0	0.0000	0
L	0.0002	0	0.0000	0
T	0.0031	0	0.0000	0
I	0.0022	0	0.0000	0
P	0.0066	0	0.0000	0
V	0.0018	0	0.0000	0
R	0.1363	0	0.0010	0
A	0.0154	0	0.0000	0
G	0.2331	0	0.0013	0
E	0.1213	0	0.0008	0
T	0.1876	0	0.0018	0
K	0.4356	1	0.0015	0
I	0.0208	0	0.0001	0
Y	0.8189	1	0.0137	0
G	0.5338	1	0.0172	0
S	0.6020	1	0.0167	0
V	0.0494	0	0.0004	0
T	0.0477	0	0.0006	0
A	0.0011	0	0.0000	0
K	0.0023	0	0.0001	0
D	0.0001	0	0.0000	0
I	0.0000	0	0.0000	0
A	0.0000	0	0.0000	0
E	0.0001	0	0.0000	0
A	0.0000	0	0.0000	0
L	0.0000	0	0.0000	0
S	0.0003	0	0.0000	0
R	0.0002	0	0.0000	0
Q	0.0005	0	0.0000	0
H	0.0002	0	0.0000	0
G	0.0002	0	0.0000	0
I	0.0001	0	0.0000	0
T	0.0002	0	0.0000	0
I	0.0001	0	0.0000	0
D	0.0002	0	0.0000	0
P	0.0003	0	0.0000	0
K	0.0033	0	0.0000	0
R	0.0003	0	0.0000	0
L	0.0001	0	0.0000	0
A	0.0001	0	0.0000	0
L	0.0002	0	0.0000	0
E	0.0002	0	0.0000	0
K	0.0004	0	0.0000	0
P	0.0003	0	0.0000	0
I	0.0007	0	0.0001	0
K	0.1453	0	0.0209	0
E	0.0775	0	0.0067	0
L	0.0210	0	0.0034	0
G	0.0257	0	0.0025	0
E	0.1124	0	0.0176	0
Y	0.4641	1	0.1419	0
V	0.0733	0	0.0215	0
L	0.0005	0	0.0000	0
T	0.0072	0	0.0006	0
Y	0.0014	0	0.0001	0
K	0.1451	0	0.0108	0
P	0.0887	0	0.0021	0
H	0.0825	0	0.0045	0
P	0.0026	0	0.0001	0
E	0.0018	0	0.0001	0
V	0.0002	0	0.0000	0
P	0.0004	0	0.0000	0
I	0.0001	0	0.0000	0
Q	0.0064	0	0.0008	0
L	0.0002	0	0.0000	0
K	0.0020	0	0.0001	0
V	0.0001	0	0.0000	0
S	0.0002	0	0.0000	0
V	0.0005	0	0.0000	0
V	0.0003	0	0.0000	0
A	0.0003	0	0.0000	0
Q	0.0009	0	0.0000	0
E	0.0042	0	0.0001	0
</pre></body></html>