<html><head></head><body><pre style="word-wrap: break-word; white-space: pre-wrap;">&gt;P0DJ25
Amino Acid	probability_DNA	binary_DNA	probability_RNA	binary_RNA
M	0.0193	0	0.0265	0
Q	0.0192	0	0.0257	0
I	0.0002	0	0.0003	0
F	0.0018	0	0.0018	0
V	0.0002	0	0.0001	0
K	0.0049	0	0.0022	0
T	0.0005	0	0.0003	0
L	0.0018	0	0.0028	0
T	0.0045	0	0.0124	0
G	0.0025	0	0.0063	0
K	0.0049	0	0.0075	0
T	0.0084	0	0.0136	0
I	0.0013	0	0.0017	0
T	0.0014	0	0.0030	0
L	0.0001	0	0.0001	0
D	0.0001	0	0.0004	0
V	0.0001	0	0.0001	0
E	0.0003	0	0.0004	0
A	0.0002	0	0.0002	0
S	0.0004	0	0.0004	0
D	0.0003	0	0.0002	0
T	0.0059	0	0.0049	0
I	0.0003	0	0.0001	0
E	0.0001	0	0.0000	0
N	0.0000	0	0.0000	0
V	0.0000	0	0.0000	0
K	0.0104	0	0.0362	0
A	0.0000	0	0.0000	0
K	0.0001	0	0.0000	0
I	0.0000	0	0.0000	0
Q	0.0000	0	0.0000	0
D	0.0000	0	0.0000	0
K	0.0000	0	0.0000	0
E	0.0000	0	0.0000	0
G	0.0000	0	0.0000	0
I	0.0000	0	0.0000	0
P	0.0000	0	0.0000	0
P	0.0000	0	0.0000	0
D	0.0001	0	0.0000	0
Q	0.0001	0	0.0000	0
Q	0.0000	0	0.0000	0
R	0.0002	0	0.0002	0
L	0.0000	0	0.0001	0
I	0.0002	0	0.0005	0
F	0.0038	0	0.0125	0
A	0.0001	0	0.0002	0
G	0.0002	0	0.0003	0
K	0.0002	0	0.0001	0
Q	0.0001	0	0.0000	0
L	0.0000	0	0.0000	0
E	0.0001	0	0.0004	0
D	0.0002	0	0.0004	0
G	0.0007	0	0.0015	0
R	0.0006	0	0.0003	0
T	0.0007	0	0.0004	0
L	0.0000	0	0.0000	0
S	0.0001	0	0.0001	0
D	0.0001	0	0.0001	0
Y	0.0001	0	0.0006	0
N	0.0001	0	0.0004	0
I	0.0000	0	0.0001	0
Q	0.0001	0	0.0003	0
K	0.0001	0	0.0005	0
E	0.0001	0	0.0006	0
S	0.0001	0	0.0001	0
T	0.0019	0	0.0076	0
L	0.0000	0	0.0000	0
H	0.0001	0	0.0004	0
L	0.0000	0	0.0001	0
V	0.0001	0	0.0003	0
L	0.0001	0	0.0004	0
R	0.0196	0	0.0805	0
L	0.0476	0	0.1283	0
R	0.3427	0	0.5465	1
G	0.1148	0	0.3136	1
G	0.1689	0	0.3306	1
G	0.1443	0	0.2656	1
M	0.1632	0	0.3028	1
E	0.0497	0	0.1268	0
P	0.0405	0	0.0879	0
T	0.0483	0	0.0813	0
I	0.0076	0	0.0113	0
A	0.1705	0	0.2260	1
A	0.0994	0	0.1157	0
L	0.0065	0	0.0093	0
A	0.0128	0	0.0381	0
K	0.1958	0	0.2274	1
K	0.4041	1	0.2453	1
Y	0.1739	0	0.0948	0
N	0.3521	1	0.2227	1
C	0.0455	0	0.0443	0
E	0.1062	0	0.1148	0
K	0.1264	0	0.1705	1
K	0.1084	0	0.1932	1
V	0.0076	0	0.0135	0
C	0.0004	0	0.0015	0
R	0.0513	0	0.2704	1
D	0.0327	0	0.1382	0
C	0.0028	0	0.0166	0
Y	0.0100	0	0.1496	0
A	0.0019	0	0.0313	0
R	0.0309	0	0.3061	1
L	0.0007	0	0.0134	0
P	0.0032	0	0.1052	0
P	0.0007	0	0.0092	0
K	0.0155	0	0.0593	0
A	0.0004	0	0.0014	0
T	0.0063	0	0.0632	0
N	0.0418	0	0.1951	1
C	0.0019	0	0.0047	0
R	0.0950	0	0.2101	1
K	0.0254	0	0.0509	0
R	0.0828	0	0.1507	1
K	0.1686	0	0.3033	1
C	0.0089	0	0.0177	0
G	0.1459	0	0.4004	1
H	0.2017	0	0.4284	1
S	0.0612	0	0.1576	1
N	0.1792	0	0.2385	1
S	0.1906	0	0.1805	1
L	0.0056	0	0.0041	0
R	0.2295	0	0.1198	0
L	0.0278	0	0.0191	0
K	0.0522	0	0.0630	0
K	0.0567	0	0.0292	0
K	0.0305	0	0.0105	0
P	0.0148	0	0.0091	0
K	0.0844	0	0.1114	0
E	0.0979	0	0.0456	0
</pre></body></html>