<html><head></head><body><pre style="word-wrap: break-word; white-space: pre-wrap;">&gt;P0A7K2
Amino Acid	probability_DNA	binary_DNA	probability_RNA	binary_RNA
M	0.5652	1	0.0039	0
S	0.3525	1	0.0011	0
I	0.0866	0	0.0001	0
T	0.0592	0	0.0000	0
K	0.0596	0	0.0000	0
D	0.0032	0	0.0000	0
Q	0.0015	0	0.0000	0
I	0.0001	0	0.0000	0
I	0.0001	0	0.0000	0
E	0.0018	0	0.0000	0
A	0.0002	0	0.0000	0
V	0.0005	0	0.0000	0
A	0.0044	0	0.0000	0
A	0.0007	0	0.0000	0
M	0.0009	0	0.0000	0
S	0.0250	0	0.0011	0
V	0.0281	0	0.0009	0
M	0.1529	0	0.0273	0
D	0.0896	0	0.0042	0
V	0.0004	0	0.0000	0
V	0.0128	0	0.0008	0
E	0.0011	0	0.0001	0
L	0.0001	0	0.0000	0
I	0.0226	0	0.0011	0
S	0.0294	0	0.0008	0
A	0.0007	0	0.0000	0
M	0.0002	0	0.0000	0
E	0.0036	0	0.0001	0
E	0.0017	0	0.0000	0
K	0.0048	0	0.0001	0
F	0.0008	0	0.0000	0
G	0.0032	0	0.0001	0
V	0.0326	0	0.0004	0
S	0.1393	0	0.0013	0
A	0.0507	0	0.0005	0
A	0.0834	0	0.0014	0
A	0.0148	0	0.0002	0
A	0.0237	0	0.0004	0
V	0.0702	0	0.0020	0
A	0.0349	0	0.0009	0
V	0.0853	0	0.0023	0
A	0.0312	0	0.0006	0
A	0.0126	0	0.0002	0
G	0.0047	0	0.0001	0
P	0.0018	0	0.0000	0
V	0.0013	0	0.0000	0
E	0.0011	0	0.0000	0
A	0.0021	0	0.0000	0
A	0.0070	0	0.0000	0
E	0.0023	0	0.0000	0
E	0.0045	0	0.0000	0
K	0.3443	0	0.0008	0
T	0.0247	0	0.0000	0
E	0.0657	0	0.0001	0
F	0.0188	0	0.0000	0
D	0.0044	0	0.0000	0
V	0.0002	0	0.0000	0
I	0.0032	0	0.0000	0
L	0.0001	0	0.0000	0
K	0.0002	0	0.0000	0
A	0.0004	0	0.0000	0
A	0.0004	0	0.0000	0
G	0.0005	0	0.0000	0
A	0.0029	0	0.0000	0
N	0.0384	0	0.0003	0
K	0.8174	1	0.0199	0
V	0.4962	1	0.0065	0
A	0.0508	0	0.0006	0
V	0.0104	0	0.0001	0
I	0.0084	0	0.0005	0
K	0.5110	1	0.0483	0
A	0.0010	0	0.0000	0
V	0.0007	0	0.0000	0
R	0.5376	1	0.0670	0
G	0.0022	0	0.0000	0
A	0.0034	0	0.0001	0
T	0.0133	0	0.0009	0
G	0.0072	0	0.0005	0
L	0.0176	0	0.0023	0
G	0.0495	0	0.0081	0
L	0.2993	0	0.0713	0
K	0.4819	1	0.1967	1
E	0.2319	0	0.0231	0
A	0.0071	0	0.0002	0
K	0.3483	0	0.0642	0
D	0.0047	0	0.0002	0
L	0.0002	0	0.0000	0
V	0.0004	0	0.0000	0
E	0.0010	0	0.0000	0
S	0.0029	0	0.0002	0
A	0.0003	0	0.0000	0
P	0.0011	0	0.0000	0
A	0.0210	0	0.0005	0
A	0.0010	0	0.0000	0
L	0.0001	0	0.0000	0
K	0.0030	0	0.0002	0
E	0.0016	0	0.0001	0
G	0.0129	0	0.0010	0
V	0.0009	0	0.0001	0
S	0.0014	0	0.0001	0
K	0.1774	0	0.0330	0
D	0.0091	0	0.0004	0
D	0.0014	0	0.0000	0
A	0.0010	0	0.0000	0
E	0.0025	0	0.0002	0
A	0.0019	0	0.0002	0
L	0.0001	0	0.0000	0
K	0.0193	0	0.0093	0
K	0.0019	0	0.0005	0
A	0.0017	0	0.0002	0
L	0.0002	0	0.0000	0
E	0.0006	0	0.0002	0
E	0.0004	0	0.0001	0
A	0.0001	0	0.0000	0
G	0.0003	0	0.0000	0
A	0.0001	0	0.0000	0
E	0.0008	0	0.0000	0
V	0.0002	0	0.0000	0
E	0.0024	0	0.0000	0
V	0.0005	0	0.0000	0
K	0.1643	0	0.0021	0
</pre></body></html>