<html><head></head><body><pre style="word-wrap: break-word; white-space: pre-wrap;">&gt;Q8U1Y5
Amino Acid	probability_DNA	binary_DNA	probability_RNA	binary_RNA
M	0.0000	0	0.7322	1
A	0.0000	0	0.8128	1
I	0.0000	0	0.5551	1
W	0.0000	0	0.6211	1
Q	0.0000	0	0.9504	1
G	0.0000	0	0.7608	1
R	0.0000	0	0.9173	1
S	0.0000	0	0.9038	1
L	0.0000	0	0.6883	1
K	0.0000	0	0.9222	1
K	0.0000	0	0.9826	1
P	0.0000	0	0.8768	1
S	0.0000	0	0.9821	1
G	0.0000	0	0.9345	1
G	0.0000	0	0.9095	1
R	0.0000	0	0.8303	1
I	0.0000	0	0.8927	1
V	0.0000	0	0.9589	1
L	0.0000	0	0.9000	1
A	0.0000	0	0.8031	1
R	0.0000	0	0.9412	1
K	0.0000	0	0.6396	1
K	0.0000	0	0.6853	1
R	0.0000	0	0.6486	1
K	0.0000	0	0.7467	1
R	0.0000	0	0.5557	1
E	0.0000	0	0.0195	0
L	0.0000	0	0.0919	0
G	0.0000	0	0.0304	0
R	0.0000	0	0.4722	1
E	0.0000	0	0.3922	1
P	0.0000	0	0.1331	0
S	0.0000	0	0.0224	0
N	0.0000	0	0.0178	0
T	0.0000	0	0.0034	0
R	0.0000	0	0.0107	0
V	0.0000	0	0.0009	0
A	0.0000	0	0.0015	0
E	0.0000	0	0.0012	0
Q	0.0000	0	0.0045	0
D	0.0000	0	0.0117	0
K	0.0000	0	0.0840	0
R	0.0000	0	0.0529	0
K	0.0000	0	0.5256	1
I	0.0000	0	0.0250	0
I	0.0000	0	0.0211	0
R	0.0000	0	0.6706	1
T	0.0000	0	0.4804	1
Y	0.0000	0	0.8940	1
G	0.0000	0	0.7319	1
G	0.0000	0	0.2794	1
N	0.0000	0	0.6004	1
R	0.0000	0	0.4374	1
K	0.0001	0	0.6614	1
V	0.0000	0	0.2455	1
R	0.0000	0	0.5033	1
L	0.0000	0	0.0317	0
T	0.0000	0	0.0167	0
A	0.0000	0	0.2999	1
A	0.0000	0	0.0350	0
A	0.0000	0	0.1505	1
Y	0.0000	0	0.3154	1
A	0.0000	0	0.0045	0
N	0.0000	0	0.1040	0
V	0.0000	0	0.0033	0
F	0.0000	0	0.0633	0
D	0.0000	0	0.0092	0
K	0.0000	0	0.0154	0
S	0.0000	0	0.0210	0
G	0.0000	0	0.0862	0
K	0.0000	0	0.0988	0
G	0.0000	0	0.0775	0
R	0.0000	0	0.4872	1
K	0.0000	0	0.2102	1
V	0.0000	0	0.0006	0
R	0.0000	0	0.0109	0
I	0.0000	0	0.0006	0
I	0.0000	0	0.0008	0
R	0.0000	0	0.0040	0
V	0.0000	0	0.0012	0
I	0.0000	0	0.0055	0
E	0.0000	0	0.0311	0
N	0.0000	0	0.0619	0
P	0.0000	0	0.0401	0
A	0.0000	0	0.0902	0
N	0.0000	0	0.1970	1
R	0.0000	0	0.3562	1
Q	0.0000	0	0.2378	1
F	0.0000	0	0.1206	0
A	0.0000	0	0.0452	0
R	0.0000	0	0.4098	1
R	0.0000	0	0.3927	1
N	0.0000	0	0.4297	1
I	0.0000	0	0.1917	1
I	0.0000	0	0.0135	0
T	0.0000	0	0.3616	1
K	0.0000	0	0.2208	1
G	0.0000	0	0.0060	0
A	0.0000	0	0.0005	0
I	0.0000	0	0.0005	0
I	0.0000	0	0.0002	0
E	0.0000	0	0.0011	0
T	0.0000	0	0.0004	0
E	0.0000	0	0.0009	0
I	0.0000	0	0.0016	0
G	0.0000	0	0.0013	0
K	0.0000	0	0.0018	0
A	0.0000	0	0.0006	0
K	0.0000	0	0.0129	0
V	0.0000	0	0.0031	0
T	0.0000	0	0.2201	1
S	0.0000	0	0.2231	1
R	0.0000	0	0.8655	1
P	0.0000	0	0.1192	0
G	0.0000	0	0.0576	0
Q	0.0000	0	0.3097	1
D	0.0000	0	0.4522	1
G	0.0000	0	0.3376	1
V	0.0000	0	0.6035	1
V	0.0000	0	0.0087	0
N	0.0000	0	0.4628	1
A	0.0000	0	0.0038	0
I	0.0000	0	0.0026	0
L	0.0000	0	0.0016	0
L	0.0000	0	0.0063	0
E	0.0000	0	0.1248	0
E	0.0000	0	0.1379	0
</pre></body></html>