<html><head></head><body><pre style="word-wrap: break-word; white-space: pre-wrap;">&gt;P0DJ22
Amino Acid	probability_DNA	binary_DNA	probability_RNA	binary_RNA
M	0.0060	0	0.2153	1
A	0.0015	0	0.0423	0
K	0.0013	0	0.0397	0
T	0.0023	0	0.0310	0
S	0.0039	0	0.0449	0
T	0.0436	0	0.3514	1
S	0.0336	0	0.2972	1
P	0.0101	0	0.1433	0
V	0.0071	0	0.1036	0
A	0.0063	0	0.0847	0
P	0.0015	0	0.0428	0
T	0.0023	0	0.0654	0
R	0.0258	0	0.3865	1
L	0.0014	0	0.0367	0
W	0.0154	0	0.2063	1
V	0.0015	0	0.0070	0
K	0.0243	0	0.1212	0
A	0.0024	0	0.0111	0
A	0.0019	0	0.0057	0
F	0.0231	0	0.0449	0
T	0.0056	0	0.0216	0
G	0.1670	0	0.2638	1
F	0.0997	0	0.3947	1
R	0.0382	0	0.3185	1
R	0.0681	0	0.4878	1
S	0.0057	0	0.5980	1
K	0.0002	0	0.6997	1
H	0.0001	0	0.7463	1
T	0.0001	0	0.7147	1
Q	0.0000	0	0.2002	1
N	0.0000	0	0.0706	0
S	0.0000	0	0.0044	0
N	0.0000	0	0.0082	0
Q	0.0000	0	0.0023	0
A	0.0000	0	0.0005	0
L	0.0000	0	0.0028	0
L	0.0000	0	0.0004	0
K	0.0000	0	0.0077	0
L	0.0000	0	0.0033	0
Q	0.0000	0	0.0127	0
N	0.0000	0	0.0590	0
V	0.0000	0	0.1090	0
N	0.0000	0	0.5296	1
T	0.0000	0	0.3314	1
K	0.0000	0	0.3840	1
E	0.0000	0	0.0619	0
D	0.0000	0	0.0324	0
V	0.0000	0	0.0155	0
A	0.0000	0	0.0246	0
F	0.0000	0	0.0682	0
Y	0.0000	0	0.3310	1
Q	0.0000	0	0.0195	0
G	0.0000	0	0.1258	0
K	0.0001	0	0.6060	1
R	0.0001	0	0.3774	1
V	0.0000	0	0.1075	0
V	0.0000	0	0.0749	0
Y	0.0000	0	0.3265	1
I	0.0000	0	0.0068	0
Y	0.0000	0	0.3026	1
K	0.0001	0	0.4673	1
G	0.0000	0	0.0698	0
Q	0.0000	0	0.0803	0
K	0.0001	0	0.3617	1
K	0.0000	0	0.1845	1
N	0.0000	0	0.3683	1
G	0.0000	0	0.0626	0
S	0.0000	0	0.3297	1
N	0.0000	0	0.6040	1
Y	0.0000	0	0.3547	1
R	0.0000	0	0.4359	1
T	0.0000	0	0.0406	0
I	0.0000	0	0.0457	0
W	0.0000	0	0.2494	1
G	0.0000	0	0.0242	0
R	0.0000	0	0.1706	1
I	0.0000	0	0.0098	0
G	0.0000	0	0.1643	1
K	0.0000	0	0.4397	1
A	0.0000	0	0.1184	0
H	0.0000	0	0.8718	1
G	0.0000	0	0.6314	1
N	0.0001	0	0.8263	1
N	0.0002	0	0.7412	1
G	0.0001	0	0.4171	1
V	0.0000	0	0.0674	0
A	0.0000	0	0.0284	0
V	0.0002	0	0.4283	1
A	0.0000	0	0.0013	0
R	0.0001	0	0.2502	1
F	0.0000	0	0.0038	0
A	0.0000	0	0.0024	0
H	0.0000	0	0.0524	0
N	0.0000	0	0.0656	0
L	0.0000	0	0.0104	0
P	0.0000	0	0.0296	0
P	0.0000	0	0.0074	0
Q	0.0001	0	0.1560	1
A	0.0000	0	0.0187	0
I	0.0000	0	0.0037	0
G	0.0000	0	0.0047	0
S	0.0000	0	0.0030	0
V	0.0000	0	0.0148	0
L	0.0000	0	0.0006	0
R	0.0000	0	0.0585	0
V	0.0000	0	0.0011	0
M	0.0000	0	0.0018	0
L	0.0000	0	0.0018	0
Y	0.0000	0	0.0776	0
P	0.0000	0	0.0240	0
N	0.0000	0	0.0347	0
R	0.0000	0	0.0852	0
A	0.0000	0	0.1610	1
</pre></body></html>