<html><head></head><body><pre style="word-wrap: break-word; white-space: pre-wrap;">&gt;E0YCK3
Amino Acid	probability_DNA	binary_DNA	probability_RNA	binary_RNA
M	0.1941	0	0.0000	0
I	0.0429	0	0.0000	0
N	0.0322	0	0.0000	0
L	0.0070	0	0.0000	0
K	0.0343	0	0.0000	0
N	0.0332	0	0.0000	0
N	0.0174	0	0.0000	0
I	0.0161	0	0.0000	0
E	0.0051	0	0.0000	0
Y	0.0071	0	0.0000	0
L	0.0011	0	0.0000	0
N	0.0003	0	0.0000	0
W	0.0001	0	0.0000	0
Y	0.0002	0	0.0000	0
I	0.0001	0	0.0000	0
C	0.0001	0	0.0000	0
G	0.0010	0	0.0000	0
L	0.0046	0	0.0000	0
V	0.0017	0	0.0000	0
D	0.2129	0	0.0000	0
A	0.9157	1	0.0000	0
E	0.9790	1	0.0000	0
G	0.3588	1	0.0000	0
S	0.9033	1	0.0000	0
F	0.0180	0	0.0000	0
G	0.8152	1	0.0000	0
V	0.0589	0	0.0000	0
N	0.7973	1	0.0000	0
V	0.2963	0	0.0000	0
V	0.8597	1	0.0000	0
K	0.8370	1	0.0000	0
H	0.8846	1	0.0000	0
A	0.5796	1	0.0000	0
T	0.8367	1	0.0000	0
N	0.8376	1	0.0000	0
K	0.8871	1	0.0000	0
T	0.5209	1	0.0000	0
G	0.4119	1	0.0000	0
Y	0.1321	0	0.0000	0
A	0.6628	1	0.0000	0
V	0.0114	0	0.0000	0
L	0.6452	1	0.0000	0
T	0.0036	0	0.0000	0
Y	0.0590	0	0.0000	0
F	0.0047	0	0.0000	0
E	0.4849	1	0.0000	0
L	0.0286	0	0.0000	0
A	0.9207	1	0.0000	0
M	0.6852	1	0.0000	0
N	0.4197	1	0.0000	0
S	0.0282	0	0.0000	0
K	0.2546	0	0.0000	0
D	0.1665	0	0.0000	0
K	0.0244	0	0.0000	0
Q	0.0011	0	0.0000	0
L	0.0004	0	0.0000	0
L	0.0002	0	0.0000	0
E	0.0004	0	0.0000	0
L	0.0001	0	0.0000	0
I	0.0001	0	0.0000	0
K	0.0036	0	0.0000	0
K	0.0005	0	0.0000	0
T	0.0002	0	0.0000	0
F	0.0002	0	0.0000	0
D	0.0012	0	0.0000	0
L	0.0019	0	0.0000	0
E	0.0781	0	0.0000	0
C	0.1474	0	0.0000	0
N	0.4421	1	0.0000	0
I	0.1260	0	0.0000	0
Y	0.4789	1	0.0000	0
H	0.3686	1	0.0000	0
N	0.2392	0	0.0000	0
P	0.3667	1	0.0000	0
S	0.4879	1	0.0000	0
D	0.3120	0	0.0000	0
D	0.1298	0	0.0000	0
T	0.0836	0	0.0000	0
L	0.0073	0	0.0000	0
K	0.0528	0	0.0000	0
F	0.0077	0	0.0000	0
K	0.2968	0	0.0000	0
V	0.0045	0	0.0000	0
S	0.4781	1	0.0000	0
N	0.2066	0	0.0000	0
I	0.4535	1	0.0000	0
E	0.0321	0	0.0000	0
Q	0.0048	0	0.0000	0
I	0.0009	0	0.0000	0
V	0.0037	0	0.0000	0
N	0.0072	0	0.0000	0
K	0.0062	0	0.0000	0
I	0.0007	0	0.0000	0
I	0.0009	0	0.0000	0
P	0.0006	0	0.0000	0
F	0.0009	0	0.0000	0
F	0.0008	0	0.0000	0
E	0.0012	0	0.0000	0
K	0.0083	0	0.0000	0
Y	0.0146	0	0.0000	0
T	0.0043	0	0.0000	0
L	0.0032	0	0.0000	0
F	0.0291	0	0.0000	0
S	0.4305	1	0.0000	0
Q	0.7097	1	0.0000	0
K	0.8009	1	0.0000	0
R	0.2341	0	0.0000	0
G	0.0017	0	0.0000	0
D	0.0049	0	0.0000	0
F	0.0232	0	0.0000	0
I	0.0026	0	0.0000	0
L	0.0008	0	0.0000	0
F	0.0004	0	0.0000	0
C	0.0016	0	0.0000	0
K	0.0022	0	0.0000	0
V	0.0007	0	0.0000	0
V	0.0003	0	0.0000	0
E	0.0011	0	0.0000	0
L	0.0005	0	0.0000	0
I	0.0006	0	0.0000	0
K	0.0024	0	0.0000	0
N	0.0076	0	0.0000	0
K	0.0269	0	0.0000	0
E	0.0081	0	0.0000	0
H	0.0275	0	0.0000	0
L	0.1084	0	0.0000	0
T	0.0383	0	0.0000	0
L	0.0279	0	0.0000	0
N	0.0080	0	0.0000	0
G	0.0061	0	0.0000	0
L	0.0029	0	0.0000	0
M	0.0032	0	0.0000	0
K	0.0286	0	0.0000	0
I	0.0014	0	0.0000	0
L	0.0011	0	0.0000	0
S	0.0035	0	0.0000	0
I	0.0021	0	0.0000	0
K	0.0273	0	0.0000	0
A	0.0052	0	0.0000	0
A	0.0023	0	0.0000	0
M	0.0049	0	0.0000	0
N	0.2408	0	0.0000	0
L	0.2343	0	0.0000	0
G	0.0228	0	0.0000	0
L	0.0608	0	0.0000	0
S	0.1186	0	0.0000	0
E	0.1449	0	0.0000	0
N	0.1274	0	0.0000	0
L	0.0034	0	0.0000	0
K	0.0806	0	0.0000	0
K	0.0291	0	0.0000	0
E	0.0057	0	0.0000	0
F	0.0031	0	0.0000	0
P	0.0065	0	0.0000	0
G	0.0259	0	0.0000	0
C	0.0388	0	0.0000	0
L	0.0532	0	0.0000	0
S	0.0262	0	0.0000	0
V	0.0139	0	0.0000	0
K	0.0097	0	0.0000	0
R	0.0164	0	0.0000	0
P	0.0063	0	0.0000	0
E	0.0121	0	0.0000	0
F	0.0121	0	0.0000	0
G	0.0070	0	0.0000	0
L	0.0052	0	0.0000	0
S	0.0166	0	0.0000	0
N	0.0320	0	0.0000	0
L	0.0083	0	0.0000	0
N	0.0334	0	0.0000	0
K	0.0239	0	0.0000	0
R	0.0030	0	0.0000	0
W	0.0110	0	0.0000	0
L	0.0028	0	0.0000	0
A	0.0017	0	0.0000	0
G	0.0188	0	0.0000	0
F	0.0282	0	0.0000	0
I	0.0039	0	0.0000	0
E	0.0171	0	0.0000	0
G	0.8491	1	0.0000	0
E	0.9910	1	0.0000	0
A	0.7197	1	0.0000	0
C	0.9813	1	0.0000	0
F	0.0171	0	0.0000	0
F	0.9471	1	0.0000	0
V	0.0290	0	0.0000	0
S	0.6108	1	0.0000	0
I	0.3347	0	0.0000	0
Y	0.9431	1	0.0000	0
N	0.7969	1	0.0000	0
S	0.6280	1	0.0000	0
P	0.7647	1	0.0000	0
K	0.8332	1	0.0000	0
S	0.8030	1	0.0000	0
K	0.8421	1	0.0000	0
L	0.3337	0	0.0000	0
G	0.3280	0	0.0000	0
K	0.1180	0	0.0000	0
A	0.4544	1	0.0000	0
V	0.0153	0	0.0000	0
Q	0.5570	1	0.0000	0
L	0.0031	0	0.0000	0
V	0.1171	0	0.0000	0
F	0.0210	0	0.0000	0
K	0.7627	1	0.0000	0
I	0.0207	0	0.0000	0
T	0.9187	1	0.0000	0
Q	0.9146	1	0.0000	0
H	0.9216	1	0.0000	0
I	0.0185	0	0.0000	0
R	0.4062	1	0.0000	0
D	0.0597	0	0.0000	0
K	0.0901	0	0.0000	0
I	0.0016	0	0.0000	0
L	0.0003	0	0.0000	0
I	0.0005	0	0.0000	0
E	0.0031	0	0.0000	0
S	0.0004	0	0.0000	0
I	0.0002	0	0.0000	0
V	0.0012	0	0.0000	0
E	0.0005	0	0.0000	0
L	0.0014	0	0.0000	0
L	0.0039	0	0.0000	0
N	0.0018	0	0.0000	0
C	0.0055	0	0.0000	0
G	0.0223	0	0.0000	0
R	0.7528	1	0.0000	0
V	0.2251	0	0.0000	0
E	0.7378	1	0.0000	0
V	0.1612	0	0.0000	0
R	0.8779	1	0.0000	0
K	0.4500	1	0.0000	0
S	0.8146	1	0.0000	0
N	0.7025	1	0.0000	0
E	0.4853	1	0.0000	0
A	0.3032	0	0.0000	0
C	0.0052	0	0.0000	0
D	0.0731	0	0.0000	0
F	0.0039	0	0.0000	0
T	0.0181	0	0.0000	0
V	0.0094	0	0.0000	0
T	0.6382	1	0.0000	0
S	0.5079	1	0.0000	0
I	0.5159	1	0.0000	0
K	0.0497	0	0.0000	0
E	0.0055	0	0.0000	0
I	0.0002	0	0.0000	0
E	0.0012	0	0.0000	0
N	0.0040	0	0.0000	0
Y	0.0058	0	0.0000	0
I	0.0004	0	0.0000	0
I	0.0012	0	0.0000	0
P	0.0035	0	0.0000	0
F	0.0106	0	0.0000	0
F	0.0010	0	0.0000	0
N	0.0008	0	0.0000	0
E	0.0036	0	0.0000	0
Y	0.0019	0	0.0000	0
P	0.0019	0	0.0000	0
L	0.0018	0	0.0000	0
I	0.1156	0	0.0000	0
G	0.3080	0	0.0000	0
Q	0.5147	1	0.0000	0
K	0.9248	1	0.0000	0
L	0.2622	0	0.0000	0
K	0.0035	0	0.0000	0
N	0.0255	0	0.0000	0
Y	0.0099	0	0.0000	0
E	0.0014	0	0.0000	0
D	0.0005	0	0.0000	0
F	0.0008	0	0.0000	0
K	0.0045	0	0.0000	0
L	0.0006	0	0.0000	0
I	0.0002	0	0.0000	0
F	0.0001	0	0.0000	0
D	0.0007	0	0.0000	0
M	0.0003	0	0.0000	0
M	0.0005	0	0.0000	0
K	0.0006	0	0.0000	0
T	0.0352	0	0.0000	0
K	0.1739	0	0.0000	0
D	0.0159	0	0.0000	0
H	0.3658	1	0.0000	0
L	0.2772	0	0.0000	0
T	0.0109	0	0.0000	0
E	0.0030	0	0.0000	0
E	0.0008	0	0.0000	0
G	0.0003	0	0.0000	0
L	0.0005	0	0.0000	0
S	0.0002	0	0.0000	0
K	0.0004	0	0.0000	0
I	0.0001	0	0.0000	0
I	0.0002	0	0.0000	0
E	0.0022	0	0.0000	0
I	0.0006	0	0.0000	0
K	0.0168	0	0.0000	0
N	0.0229	0	0.0000	0
K	0.0679	0	0.0000	0
M	0.0865	0	0.0000	0
N	0.7614	1	0.0000	0
T	0.4588	1	0.0000	0
N	0.3414	0	0.0000	0
R	0.1823	0	0.0000	0
I	0.2231	0	0.0000	0
</pre></body></html>