<html><head></head><body><pre style="word-wrap: break-word; white-space: pre-wrap;">&gt;Q46901
Amino Acid	probability_DNA	binary_DNA	probability_RNA	binary_RNA
M	0.1063	0	0.0000	0
N	0.0220	0	0.0000	0
L	0.0020	0	0.0000	0
L	0.0011	0	0.0000	0
I	0.0021	0	0.0000	0
D	0.0016	0	0.0000	0
N	0.0021	0	0.0000	0
W	0.0023	0	0.0000	0
I	0.0009	0	0.0000	0
P	0.0233	0	0.0000	0
V	0.0023	0	0.0000	0
R	0.0289	0	0.0000	0
P	0.0088	0	0.0000	0
R	0.0611	0	0.0000	0
N	0.0064	0	0.0000	0
G	0.0213	0	0.0000	0
G	0.0158	0	0.0000	0
K	0.1290	0	0.0000	0
V	0.0191	0	0.0000	0
Q	0.0105	0	0.0000	0
I	0.0030	0	0.0000	0
I	0.0006	0	0.0000	0
N	0.0014	0	0.0000	0
L	0.0007	0	0.0000	0
Q	0.0051	0	0.0000	0
S	0.0007	0	0.0000	0
L	0.0005	0	0.0000	0
Y	0.0016	0	0.0000	0
C	0.0036	0	0.0000	0
S	0.0087	0	0.0000	0
R	0.0347	0	0.0000	0
D	0.0055	0	0.0000	0
Q	0.0015	0	0.0000	0
W	0.0005	0	0.0000	0
R	0.0032	0	0.0000	0
L	0.0006	0	0.0000	0
S	0.0008	0	0.0000	0
L	0.0009	0	0.0000	0
P	0.0018	0	0.0000	0
R	0.0057	0	0.0000	0
D	0.0007	0	0.0000	0
D	0.0006	0	0.0000	0
M	0.0010	0	0.0000	0
E	0.0176	0	0.0000	0
L	0.0007	0	0.0000	0
A	0.0003	0	0.0000	0
A	0.0003	0	0.0000	0
L	0.0002	0	0.0000	0
A	0.0015	0	0.0000	0
L	0.0001	0	0.0000	0
L	0.0001	0	0.0000	0
V	0.0001	0	0.0000	0
C	0.0001	0	0.0000	0
I	0.0003	0	0.0000	0
G	0.0005	0	0.0000	0
Q	0.0045	0	0.0000	0
I	0.0005	0	0.0000	0
I	0.0006	0	0.0000	0
A	0.0011	0	0.0000	0
P	0.0021	0	0.0000	0
A	0.0037	0	0.0000	0
K	0.0108	0	0.0000	0
D	0.0038	0	0.0000	0
D	0.0101	0	0.0000	0
V	0.0040	0	0.0000	0
E	0.0074	0	0.0000	0
F	0.0048	0	0.0000	0
R	0.0767	0	0.0000	0
H	0.0013	0	0.0000	0
R	0.0048	0	0.0000	0
I	0.0004	0	0.0000	0
M	0.0002	0	0.0000	0
N	0.0003	0	0.0000	0
P	0.0002	0	0.0000	0
L	0.0002	0	0.0000	0
T	0.0001	0	0.0000	0
E	0.0001	0	0.0000	0
D	0.0001	0	0.0000	0
E	0.0001	0	0.0000	0
F	0.0001	0	0.0000	0
Q	0.0016	0	0.0000	0
Q	0.0002	0	0.0000	0
L	0.0002	0	0.0000	0
I	0.0001	0	0.0000	0
A	0.0004	0	0.0000	0
P	0.0008	0	0.0000	0
W	0.0009	0	0.0000	0
I	0.0010	0	0.0000	0
D	0.0002	0	0.0000	0
M	0.0003	0	0.0000	0
F	0.0001	0	0.0000	0
Y	0.0004	0	0.0000	0
L	0.0002	0	0.0000	0
N	0.0002	0	0.0000	0
H	0.0006	0	0.0000	0
A	0.0013	0	0.0000	0
E	0.0054	0	0.0000	0
H	0.0149	0	0.0000	0
P	0.0071	0	0.0000	0
F	0.0125	0	0.0000	0
M	0.0188	0	0.0000	0
Q	0.0919	0	0.0000	0
T	0.0289	0	0.0000	0
K	0.0035	0	0.0000	0
G	0.0016	0	0.0000	0
V	0.0006	0	0.0000	0
K	0.0026	0	0.0000	0
A	0.0010	0	0.0000	0
N	0.0063	0	0.0000	0
D	0.0071	0	0.0000	0
V	0.0465	0	0.0000	0
T	0.0259	0	0.0000	0
P	0.0156	0	0.0000	0
M	0.0014	0	0.0000	0
E	0.0018	0	0.0000	0
K	0.0011	0	0.0000	0
L	0.0002	0	0.0000	0
L	0.0004	0	0.0000	0
A	0.0027	0	0.0000	0
G	0.0564	0	0.0000	0
V	0.2771	0	0.0000	0
S	0.3507	1	0.0000	0
G	0.5786	1	0.0000	0
A	0.5928	1	0.0000	0
T	0.4607	1	0.0000	0
N	0.5956	1	0.0000	0
C	0.5014	1	0.0000	0
A	0.5570	1	0.0000	0
F	0.4081	1	0.0000	0
V	0.3895	1	0.0000	0
N	0.3018	0	0.0000	0
Q	0.6466	1	0.0000	0
P	0.2398	0	0.0000	0
G	0.0141	0	0.0000	0
Q	0.0060	0	0.0000	0
G	0.0014	0	0.0000	0
E	0.0025	0	0.0000	0
A	0.0032	0	0.0000	0
L	0.0005	0	0.0000	0
C	0.0005	0	0.0000	0
G	0.0014	0	0.0000	0
G	0.0005	0	0.0000	0
C	0.0002	0	0.0000	0
T	0.0003	0	0.0000	0
A	0.0002	0	0.0000	0
I	0.0002	0	0.0000	0
A	0.0006	0	0.0000	0
L	0.0002	0	0.0000	0
F	0.0009	0	0.0000	0
N	0.0080	0	0.0000	0
Q	0.0015	0	0.0000	0
A	0.0088	0	0.0000	0
N	0.0069	0	0.0000	0
Q	0.0232	0	0.0000	0
A	0.0221	0	0.0000	0
P	0.0375	0	0.0000	0
G	0.0659	0	0.0000	0
F	0.1022	0	0.0000	0
G	0.3253	0	0.0000	0
G	0.5160	1	0.0000	0
G	0.2096	0	0.0000	0
F	0.0564	0	0.0000	0
K	0.1714	0	0.0000	0
S	0.2878	0	0.0000	0
G	0.2772	0	0.0000	0
L	0.5959	1	0.0000	0
R	0.7507	1	0.0000	0
G	0.5009	1	0.0000	0
G	0.4532	1	0.0000	0
T	0.0970	0	0.0000	0
P	0.0484	0	0.0000	0
V	0.0209	0	0.0000	0
T	0.0856	0	0.0000	0
T	0.0036	0	0.0000	0
F	0.0103	0	0.0000	0
V	0.0010	0	0.0000	0
R	0.0245	0	0.0000	0
G	0.0476	0	0.0000	0
I	0.1106	0	0.0000	0
D	0.1422	0	0.0000	0
L	0.0075	0	0.0000	0
R	0.0793	0	0.0000	0
S	0.0228	0	0.0000	0
T	0.0051	0	0.0000	0
V	0.0005	0	0.0000	0
L	0.0003	0	0.0000	0
L	0.0002	0	0.0000	0
N	0.0003	0	0.0000	0
V	0.0002	0	0.0000	0
L	0.0003	0	0.0000	0
T	0.0008	0	0.0000	0
L	0.0012	0	0.0000	0
P	0.0015	0	0.0000	0
R	0.0043	0	0.0000	0
L	0.0027	0	0.0000	0
Q	0.0063	0	0.0000	0
K	0.0068	0	0.0000	0
Q	0.0067	0	0.0000	0
F	0.0095	0	0.0000	0
P	0.0116	0	0.0000	0
N	0.0648	0	0.0000	0
E	0.0780	0	0.0000	0
S	0.0423	0	0.0000	0
H	0.0269	0	0.0000	0
T	0.0163	0	0.0000	0
E	0.0100	0	0.0000	0
N	0.0047	0	0.0000	0
Q	0.0157	0	0.0000	0
P	0.0058	0	0.0000	0
T	0.0029	0	0.0000	0
W	0.0481	0	0.0000	0
I	0.0113	0	0.0000	0
K	0.0894	0	0.0000	0
P	0.0337	0	0.0000	0
I	0.0155	0	0.0000	0
K	0.0554	0	0.0000	0
S	0.0286	0	0.0000	0
N	0.0247	0	0.0000	0
E	0.0155	0	0.0000	0
S	0.0223	0	0.0000	0
I	0.0069	0	0.0000	0
P	0.0052	0	0.0000	0
A	0.0021	0	0.0000	0
S	0.0042	0	0.0000	0
S	0.0057	0	0.0000	0
I	0.0016	0	0.0000	0
G	0.0010	0	0.0000	0
F	0.0010	0	0.0000	0
V	0.0016	0	0.0000	0
R	0.0037	0	0.0000	0
G	0.0005	0	0.0000	0
L	0.0006	0	0.0000	0
F	0.0017	0	0.0000	0
W	0.0006	0	0.0000	0
Q	0.0026	0	0.0000	0
P	0.0385	0	0.0000	0
A	0.1292	0	0.0000	0
H	0.4711	1	0.0000	0
I	0.0262	0	0.0000	0
E	0.2561	0	0.0000	0
L	0.0057	0	0.0000	0
C	0.0168	0	0.0000	0
D	0.0102	0	0.0000	0
P	0.0499	0	0.0000	0
I	0.0371	0	0.0000	0
G	0.0768	0	0.0000	0
I	0.1500	0	0.0000	0
G	0.0125	0	0.0000	0
K	0.0077	0	0.0000	0
C	0.0007	0	0.0000	0
S	0.0033	0	0.0000	0
C	0.0004	0	0.0000	0
C	0.0012	0	0.0000	0
G	0.0041	0	0.0000	0
Q	0.0039	0	0.0000	0
E	0.0066	0	0.0000	0
S	0.0127	0	0.0000	0
N	0.0039	0	0.0000	0
L	0.0018	0	0.0000	0
R	0.0019	0	0.0000	0
Y	0.0045	0	0.0000	0
T	0.0066	0	0.0000	0
G	0.0036	0	0.0000	0
F	0.0036	0	0.0000	0
L	0.0091	0	0.0000	0
K	0.0346	0	0.0000	0
E	0.0332	0	0.0000	0
K	0.1775	0	0.0000	0
F	0.3126	0	0.0000	0
T	0.0663	0	0.0000	0
F	0.0089	0	0.0000	0
T	0.0147	0	0.0000	0
V	0.0401	0	0.0000	0
N	0.0023	0	0.0000	0
G	0.0009	0	0.0000	0
L	0.0005	0	0.0000	0
W	0.0012	0	0.0000	0
P	0.0007	0	0.0000	0
H	0.0011	0	0.0000	0
P	0.0007	0	0.0000	0
H	0.0015	0	0.0000	0
S	0.0016	0	0.0000	0
P	0.0018	0	0.0000	0
C	0.0045	0	0.0000	0
L	0.0073	0	0.0000	0
V	0.0038	0	0.0000	0
T	0.0045	0	0.0000	0
V	0.0093	0	0.0000	0
K	0.0223	0	0.0000	0
K	0.0057	0	0.0000	0
G	0.0260	0	0.0000	0
E	0.0037	0	0.0000	0
V	0.0070	0	0.0000	0
E	0.0061	0	0.0000	0
E	0.0021	0	0.0000	0
K	0.0116	0	0.0000	0
F	0.0085	0	0.0000	0
L	0.1248	0	0.0000	0
A	0.4591	1	0.0000	0
F	0.0757	0	0.0000	0
T	0.1184	0	0.0000	0
T	0.0422	0	0.0000	0
S	0.1212	0	0.0000	0
A	0.3121	0	0.0000	0
P	0.2164	0	0.0000	0
S	0.0362	0	0.0000	0
W	0.2816	0	0.0000	0
T	0.1653	0	0.0000	0
Q	0.5804	1	0.0000	0
I	0.0267	0	0.0000	0
S	0.0111	0	0.0000	0
R	0.0020	0	0.0000	0
V	0.0002	0	0.0000	0
V	0.0002	0	0.0000	0
V	0.0005	0	0.0000	0
D	0.0019	0	0.0000	0
K	0.0259	0	0.0000	0
I	0.0240	0	0.0000	0
I	0.1138	0	0.0000	0
Q	0.1265	0	0.0000	0
N	0.1010	0	0.0000	0
E	0.1534	0	0.0000	0
N	0.1490	0	0.0000	0
G	0.1725	0	0.0000	0
N	0.3259	0	0.0000	0
R	0.3275	0	0.0000	0
V	0.0069	0	0.0000	0
A	0.0012	0	0.0000	0
A	0.0014	0	0.0000	0
V	0.0008	0	0.0000	0
V	0.0005	0	0.0000	0
N	0.0015	0	0.0000	0
Q	0.0094	0	0.0000	0
F	0.0003	0	0.0000	0
R	0.0975	0	0.0000	0
N	0.0085	0	0.0000	0
I	0.0018	0	0.0000	0
A	0.0026	0	0.0000	0
P	0.0017	0	0.0000	0
Q	0.0057	0	0.0000	0
S	0.0035	0	0.0000	0
P	0.1066	0	0.0000	0
L	0.0067	0	0.0000	0
E	0.1166	0	0.0000	0
L	0.0129	0	0.0000	0
I	0.0928	0	0.0000	0
M	0.0118	0	0.0000	0
G	0.1135	0	0.0000	0
G	0.1626	0	0.0000	0
Y	0.3224	0	0.0000	0
R	0.3298	0	0.0000	0
N	0.5092	1	0.0001	0
N	0.2482	0	0.0000	0
Q	0.1958	0	0.0000	0
A	0.0582	0	0.0000	0
S	0.1107	0	0.0000	0
I	0.0445	0	0.0000	0
L	0.0022	0	0.0000	0
E	0.0019	0	0.0000	0
R	0.0498	0	0.0000	0
R	0.0300	0	0.0000	0
H	0.0119	0	0.0000	0
D	0.0016	0	0.0000	0
V	0.0022	0	0.0000	0
L	0.0011	0	0.0000	0
M	0.0009	0	0.0000	0
F	0.0032	0	0.0000	0
N	0.0213	0	0.0000	0
Q	0.0231	0	0.0000	0
G	0.0154	0	0.0000	0
W	0.0033	0	0.0000	0
Q	0.0078	0	0.0000	0
Q	0.0023	0	0.0000	0
Y	0.0004	0	0.0000	0
G	0.0020	0	0.0000	0
N	0.0013	0	0.0000	0
V	0.0004	0	0.0000	0
I	0.0011	0	0.0000	0
N	0.0943	0	0.0000	0
E	0.0154	0	0.0000	0
I	0.0003	0	0.0000	0
V	0.0003	0	0.0000	0
T	0.0023	0	0.0000	0
V	0.0006	0	0.0000	0
G	0.0007	0	0.0000	0
L	0.0010	0	0.0000	0
G	0.0019	0	0.0000	0
Y	0.0017	0	0.0000	0
K	0.0114	0	0.0000	0
T	0.0752	0	0.0000	0
A	0.0017	0	0.0000	0
L	0.0010	0	0.0000	0
R	0.3585	1	0.0002	0
K	0.2892	0	0.0000	0
A	0.0018	0	0.0000	0
L	0.0005	0	0.0000	0
Y	0.0515	0	0.0000	0
T	0.0346	0	0.0000	0
F	0.0028	0	0.0000	0
A	0.0032	0	0.0000	0
E	0.0208	0	0.0000	0
G	0.0023	0	0.0000	0
F	0.0033	0	0.0000	0
K	0.0158	0	0.0000	0
N	0.0037	0	0.0000	0
K	0.0036	0	0.0000	0
D	0.0023	0	0.0000	0
F	0.0032	0	0.0000	0
K	0.0372	0	0.0000	0
G	0.1687	0	0.0000	0
A	0.0031	0	0.0000	0
G	0.0252	0	0.0000	0
V	0.0571	0	0.0000	0
S	0.1244	0	0.0000	0
V	0.0107	0	0.0000	0
H	0.2020	0	0.0000	0
E	0.0683	0	0.0000	0
T	0.1860	0	0.0000	0
A	0.0046	0	0.0000	0
E	0.0037	0	0.0000	0
R	0.0725	0	0.0000	0
H	0.0557	0	0.0000	0
F	0.0004	0	0.0000	0
Y	0.0008	0	0.0000	0
R	0.0110	0	0.0000	0
Q	0.0007	0	0.0000	0
S	0.0002	0	0.0000	0
E	0.0001	0	0.0000	0
L	0.0001	0	0.0000	0
L	0.0001	0	0.0000	0
I	0.0001	0	0.0000	0
P	0.0003	0	0.0000	0
D	0.0001	0	0.0000	0
V	0.0001	0	0.0000	0
L	0.0001	0	0.0000	0
A	0.0004	0	0.0000	0
N	0.0002	0	0.0000	0
V	0.0001	0	0.0000	0
N	0.0005	0	0.0000	0
F	0.0006	0	0.0000	0
S	0.0012	0	0.0000	0
Q	0.0037	0	0.0000	0
A	0.0008	0	0.0000	0
D	0.0015	0	0.0000	0
E	0.0015	0	0.0000	0
V	0.0003	0	0.0000	0
I	0.0003	0	0.0000	0
A	0.0019	0	0.0000	0
D	0.0022	0	0.0000	0
L	0.0012	0	0.0000	0
R	0.0745	0	0.0000	0
D	0.0136	0	0.0000	0
K	0.0301	0	0.0000	0
L	0.0005	0	0.0000	0
H	0.0094	0	0.0000	0
Q	0.0033	0	0.0000	0
L	0.0004	0	0.0000	0
C	0.0003	0	0.0000	0
E	0.0078	0	0.0000	0
M	0.0029	0	0.0000	0
L	0.0003	0	0.0000	0
F	0.0010	0	0.0000	0
N	0.0480	0	0.0000	0
Q	0.0044	0	0.0000	0
S	0.0041	0	0.0000	0
V	0.0005	0	0.0000	0
A	0.0009	0	0.0000	0
P	0.0035	0	0.0000	0
Y	0.0042	0	0.0000	0
A	0.0038	0	0.0000	0
H	0.0571	0	0.0000	0
H	0.0985	0	0.0000	0
P	0.0458	0	0.0000	0
K	0.0435	0	0.0000	0
L	0.0014	0	0.0000	0
I	0.0009	0	0.0000	0
S	0.0575	0	0.0000	0
T	0.0331	0	0.0000	0
L	0.0037	0	0.0000	0
A	0.0013	0	0.0000	0
L	0.2394	0	0.0000	0
A	0.0634	0	0.0000	0
R	0.5086	1	0.0000	0
A	0.4470	1	0.0000	0
T	0.5094	1	0.0000	0
L	0.0115	0	0.0000	0
Y	0.0318	0	0.0000	0
K	0.3635	1	0.0000	0
H	0.0201	0	0.0000	0
L	0.0035	0	0.0000	0
R	0.2806	0	0.0000	0
E	0.0102	0	0.0000	0
L	0.0016	0	0.0000	0
K	0.0238	0	0.0000	0
P	0.0037	0	0.0000	0
Q	0.0188	0	0.0000	0
G	0.0464	0	0.0000	0
G	0.0186	0	0.0000	0
P	0.0458	0	0.0000	0
S	0.0713	0	0.0000	0
N	0.1388	0	0.0000	0
G	0.1190	0	0.0000	0
</pre></body></html>