<html><head></head><body><pre style="word-wrap: break-word; white-space: pre-wrap;">&gt;P19946
Amino Acid	probability_DNA	binary_DNA	probability_RNA	binary_RNA
M	0.0000	0	0.2494	1
K	0.0000	0	0.2606	1
L	0.0000	0	0.0151	0
H	0.0000	0	0.0449	0
E	0.0000	0	0.0549	0
L	0.0000	0	0.0034	0
K	0.0000	0	0.1261	0
P	0.0000	0	0.0319	0
S	0.0000	0	0.2109	1
E	0.0000	0	0.1199	0
G	0.0000	0	0.3328	1
S	0.0000	0	0.3743	1
R	0.0000	0	0.8021	1
K	0.0000	0	0.7449	1
T	0.0000	0	0.4683	1
R	0.0000	0	0.6122	1
N	0.0000	0	0.8135	1
R	0.0000	0	0.9816	1
V	0.0000	0	0.9247	1
G	0.0000	0	0.5506	1
R	0.0000	0	0.9794	1
G	0.0000	0	0.8174	1
I	0.0000	0	0.7920	1
G	0.0000	0	0.8834	1
S	0.0000	0	0.9778	1
G	0.0000	0	0.9210	1
N	0.0000	0	0.9303	1
G	0.0000	0	0.9277	1
K	0.0000	0	0.9598	1
T	0.0000	0	0.9732	1
A	0.0000	0	0.9234	1
G	0.0000	0	0.9476	1
K	0.0000	0	0.9812	1
G	0.0000	0	0.9087	1
H	0.0000	0	0.8838	1
K	0.0000	0	0.9718	1
G	0.0000	0	0.9130	1
Q	0.0000	0	0.9363	1
N	0.0000	0	0.9798	1
A	0.0000	0	0.5921	1
R	0.0000	0	0.9134	1
S	0.0000	0	0.6992	1
G	0.0000	0	0.7104	1
G	0.0000	0	0.5190	1
G	0.0000	0	0.5184	1
V	0.0000	0	0.0640	0
R	0.0000	0	0.4824	1
P	0.0000	0	0.0503	0
G	0.0000	0	0.3594	1
F	0.0000	0	0.1930	1
E	0.0000	0	0.0399	0
G	0.0000	0	0.3043	1
G	0.0000	0	0.0182	0
Q	0.0000	0	0.2605	1
M	0.0000	0	0.2623	1
P	0.0000	0	0.4268	1
L	0.0000	0	0.0920	0
F	0.0000	0	0.2333	1
Q	0.0000	0	0.5248	1
R	0.0000	0	0.8123	1
L	0.0000	0	0.0296	0
P	0.0000	0	0.5347	1
K	0.0000	0	0.7297	1
R	0.0000	0	0.3878	1
G	0.0000	0	0.8599	1
F	0.0002	0	0.9395	1
T	0.0001	0	0.6720	1
N	0.0001	0	0.5703	1
I	0.0001	0	0.4809	1
N	0.0000	0	0.5236	1
R	0.0000	0	0.4674	1
K	0.0000	0	0.3472	1
E	0.0000	0	0.0158	0
Y	0.0000	0	0.0208	0
A	0.0000	0	0.0041	0
V	0.0000	0	0.0265	0
V	0.0000	0	0.0033	0
N	0.0001	0	0.6120	1
L	0.0000	0	0.0426	0
D	0.0000	0	0.2158	1
K	0.0000	0	0.3163	1
L	0.0000	0	0.0056	0
N	0.0000	0	0.0185	0
G	0.0000	0	0.0044	0
F	0.0000	0	0.0009	0
A	0.0000	0	0.0003	0
E	0.0000	0	0.0004	0
G	0.0000	0	0.0007	0
T	0.0000	0	0.0007	0
E	0.0000	0	0.0015	0
V	0.0000	0	0.0013	0
T	0.0000	0	0.0078	0
P	0.0000	0	0.0013	0
E	0.0000	0	0.0021	0
L	0.0000	0	0.0030	0
L	0.0000	0	0.0011	0
L	0.0000	0	0.0081	0
E	0.0000	0	0.0090	0
T	0.0000	0	0.0423	0
G	0.0000	0	0.1017	0
V	0.0000	0	0.0145	0
I	0.0000	0	0.0265	0
S	0.0000	0	0.2265	1
K	0.0000	0	0.1586	1
L	0.0000	0	0.0933	0
N	0.0000	0	0.1246	0
A	0.0000	0	0.0191	0
G	0.0000	0	0.0815	0
V	0.0000	0	0.0060	0
K	0.0000	0	0.1221	0
I	0.0000	0	0.0103	0
L	0.0000	0	0.0444	0
G	0.0000	0	0.0718	0
N	0.0000	0	0.2252	1
G	0.0000	0	0.2560	1
K	0.0000	0	0.3881	1
L	0.0000	0	0.0135	0
E	0.0000	0	0.4299	1
K	0.0000	0	0.1357	0
K	0.0000	0	0.2143	1
L	0.0000	0	0.0013	0
T	0.0000	0	0.0332	0
V	0.0000	0	0.0009	0
K	0.0000	0	0.0081	0
A	0.0000	0	0.0007	0
N	0.0000	0	0.0025	0
K	0.0000	0	0.0323	0
F	0.0000	0	0.0120	0
S	0.0002	0	0.8326	1
A	0.0000	0	0.2959	1
S	0.0000	0	0.1211	0
A	0.0000	0	0.0053	0
K	0.0000	0	0.0058	0
E	0.0000	0	0.0051	0
A	0.0000	0	0.0550	0
V	0.0000	0	0.0033	0
E	0.0000	0	0.0085	0
A	0.0000	0	0.0645	0
A	0.0000	0	0.0093	0
G	0.0000	0	0.1192	0
G	0.0000	0	0.0018	0
T	0.0000	0	0.0158	0
A	0.0000	0	0.0011	0
E	0.0000	0	0.0834	0
V	0.0000	0	0.0163	0
I	0.0000	0	0.2428	1
</pre></body></html>