<html><head></head><body><pre style="word-wrap: break-word; white-space: pre-wrap;">&gt;Q8GGH0
Amino Acid	probability_DNA	binary_DNA	probability_RNA	binary_RNA
M	0.0462	0	0.0000	0
E	0.0066	0	0.0000	0
S	0.0020	0	0.0000	0
F	0.0009	0	0.0000	0
L	0.0003	0	0.0000	0
L	0.0008	0	0.0000	0
S	0.0006	0	0.0000	0
K	0.0002	0	0.0000	0
V	0.0002	0	0.0000	0
S	0.0011	0	0.0000	0
F	0.0005	0	0.0000	0
V	0.0012	0	0.0000	0
I	0.0019	0	0.0000	0
K	0.2767	0	0.0000	0
K	0.0027	0	0.0000	0
I	0.0013	0	0.0000	0
R	0.5591	1	0.0000	0
L	0.0115	0	0.0000	0
E	0.0027	0	0.0000	0
K	0.0056	0	0.0000	0
G	0.0081	0	0.0000	0
M	0.0444	0	0.0000	0
T	0.9141	1	0.0000	0
Q	0.9761	1	0.0000	0
E	0.5762	1	0.0000	0
D	0.0510	0	0.0000	0
L	0.0033	0	0.0000	0
A	0.0063	0	0.0000	0
Y	0.0035	0	0.0000	0
K	0.0026	0	0.0000	0
S	0.0008	0	0.0000	0
N	0.0136	0	0.0000	0
L	0.0977	0	0.0000	0
D	0.9489	1	0.0000	0
R	0.8827	1	0.0000	0
T	0.9808	1	0.0000	0
Y	0.9449	1	0.0000	0
I	0.0280	0	0.0000	0
S	0.6252	1	0.0000	0
G	0.7907	1	0.0000	0
I	0.1225	0	0.0000	0
E	0.0765	0	0.0000	0
R	0.8492	1	0.0000	0
N	0.0589	0	0.0000	0
S	0.3799	1	0.0000	0
R	0.9063	1	0.0000	0
N	0.7239	1	0.0000	0
L	0.2035	0	0.0000	0
T	0.7932	1	0.0000	0
I	0.2252	0	0.0000	0
K	0.0814	0	0.0000	0
S	0.1950	0	0.0000	0
L	0.0021	0	0.0000	0
E	0.0014	0	0.0000	0
L	0.0024	0	0.0000	0
I	0.0003	0	0.0000	0
M	0.0002	0	0.0000	0
K	0.0003	0	0.0000	0
G	0.0002	0	0.0000	0
L	0.0002	0	0.0000	0
E	0.0004	0	0.0000	0
V	0.0006	0	0.0000	0
S	0.0010	0	0.0000	0
D	0.0005	0	0.0000	0
V	0.0005	0	0.0000	0
V	0.0004	0	0.0000	0
F	0.0001	0	0.0000	0
F	0.0003	0	0.0000	0
E	0.0009	0	0.0000	0
M	0.0003	0	0.0000	0
L	0.0004	0	0.0000	0
I	0.0003	0	0.0000	0
K	0.0019	0	0.0000	0
E	0.0021	0	0.0000	0
I	0.0004	0	0.0000	0
L	0.0012	0	0.0000	0
K	0.0072	0	0.0000	0
H	0.0126	0	0.0000	0
D	0.0248	0	0.0000	0
</pre></body></html>