<html><head></head><body><pre style="word-wrap: break-word; white-space: pre-wrap;">&gt;P03040
Amino Acid	probability_DNA	binary_DNA	probability_RNA	binary_RNA
M	0.0663	0	0.0000	0
E	0.0237	0	0.0000	0
Q	0.0025	0	0.0000	0
R	0.0266	0	0.0000	0
I	0.0033	0	0.0000	0
T	0.0191	0	0.0000	0
L	0.0195	0	0.0000	0
K	0.1597	0	0.0005	0
D	0.0117	0	0.0000	0
Y	0.0015	0	0.0000	0
A	0.0005	0	0.0000	0
M	0.0010	0	0.0000	0
R	0.0021	0	0.0000	0
F	0.0034	0	0.0000	0
G	0.0345	0	0.0000	0
Q	0.3940	1	0.0000	0
T	0.8680	1	0.0000	0
K	0.5272	1	0.0000	0
T	0.0727	0	0.0000	0
A	0.0204	0	0.0000	0
K	0.3712	1	0.0000	0
D	0.0809	0	0.0000	0
L	0.0020	0	0.0000	0
G	0.0266	0	0.0000	0
V	0.0336	0	0.0000	0
Y	0.8438	1	0.0000	0
Q	0.7866	1	0.0000	0
S	0.8201	1	0.0000	0
A	0.6177	1	0.0000	0
I	0.0624	0	0.0000	0
N	0.8268	1	0.0000	0
K	0.9064	1	0.0000	0
A	0.0365	0	0.0000	0
I	0.0047	0	0.0000	0
H	0.1945	0	0.0000	0
A	0.0295	0	0.0000	0
G	0.0159	0	0.0000	0
R	0.4139	1	0.0000	0
K	0.0845	0	0.0000	0
I	0.0021	0	0.0000	0
F	0.1025	0	0.0000	0
L	0.0033	0	0.0000	0
T	0.0031	0	0.0000	0
I	0.0031	0	0.0000	0
N	0.0080	0	0.0000	0
A	0.0012	0	0.0000	0
D	0.0011	0	0.0000	0
G	0.0008	0	0.0000	0
S	0.0004	0	0.0000	0
V	0.0001	0	0.0000	0
Y	0.0006	0	0.0000	0
A	0.0002	0	0.0000	0
E	0.0007	0	0.0000	0
E	0.0027	0	0.0000	0
V	0.0032	0	0.0000	0
K	0.0937	0	0.0000	0
P	0.0028	0	0.0000	0
F	0.0055	0	0.0000	0
P	0.0023	0	0.0000	0
S	0.0094	0	0.0000	0
N	0.0096	0	0.0000	0
K	0.0117	0	0.0000	0
K	0.0250	0	0.0000	0
T	0.0761	0	0.0000	0
T	0.0721	0	0.0000	0
A	0.0215	0	0.0000	0
</pre></body></html>