<html><head></head><body><pre style="word-wrap: break-word; white-space: pre-wrap;">&gt;Q79FE1
Amino Acid	probability_DNA	binary_DNA	probability_RNA	binary_RNA
M	0.1518	0	0.0004	0
A	0.0473	0	0.0001	0
F	0.0074	0	0.0000	0
E	0.0015	0	0.0000	0
A	0.0044	0	0.0000	0
Y	0.0100	0	0.0002	0
P	0.0947	0	0.0022	0
P	0.0137	0	0.0002	0
E	0.2451	0	0.0034	0
V	0.0111	0	0.0001	0
N	0.1157	0	0.0019	0
S	0.0318	0	0.0001	0
A	0.0058	0	0.0000	0
N	0.0506	0	0.0003	0
I	0.0019	0	0.0000	0
Y	0.0336	0	0.0005	0
A	0.0069	0	0.0001	0
G	0.0140	0	0.0001	0
P	0.0011	0	0.0000	0
G	0.0068	0	0.0000	0
P	0.0012	0	0.0000	0
D	0.0137	0	0.0000	0
S	0.1887	0	0.0001	0
M	0.0042	0	0.0000	0
L	0.0024	0	0.0000	0
A	0.0006	0	0.0000	0
A	0.0014	0	0.0000	0
A	0.0010	0	0.0000	0
R	0.0006	0	0.0000	0
A	0.0002	0	0.0000	0
W	0.0096	0	0.0000	0
R	0.0036	0	0.0000	0
S	0.0023	0	0.0000	0
L	0.0003	0	0.0000	0
D	0.0002	0	0.0000	0
V	0.0008	0	0.0000	0
E	0.0004	0	0.0000	0
M	0.0001	0	0.0000	0
T	0.0001	0	0.0000	0
A	0.0000	0	0.0000	0
V	0.0000	0	0.0000	0
Q	0.0001	0	0.0000	0
R	0.0001	0	0.0000	0
S	0.0001	0	0.0000	0
F	0.0001	0	0.0000	0
N	0.0010	0	0.0000	0
R	0.0009	0	0.0000	0
T	0.0001	0	0.0000	0
L	0.0001	0	0.0000	0
L	0.0002	0	0.0000	0
S	0.0001	0	0.0000	0
L	0.0001	0	0.0000	0
M	0.0001	0	0.0000	0
D	0.0005	0	0.0000	0
A	0.0019	0	0.0000	0
W	0.0165	0	0.0000	0
A	0.0154	0	0.0000	0
G	0.2832	0	0.0000	0
P	0.0473	0	0.0000	0
V	0.0478	0	0.0000	0
V	0.0369	0	0.0000	0
M	0.0056	0	0.0000	0
Q	0.0159	0	0.0000	0
L	0.0068	0	0.0000	0
M	0.0011	0	0.0000	0
E	0.0007	0	0.0000	0
A	0.0023	0	0.0000	0
A	0.0002	0	0.0000	0
K	0.0017	0	0.0000	0
P	0.0928	0	0.0000	0
F	0.0138	0	0.0000	0
V	0.0011	0	0.0000	0
R	0.0060	0	0.0000	0
W	0.0402	0	0.0001	0
L	0.0003	0	0.0000	0
T	0.0027	0	0.0000	0
D	0.0058	0	0.0000	0
L	0.0008	0	0.0000	0
C	0.0005	0	0.0000	0
V	0.0021	0	0.0000	0
Q	0.0071	0	0.0000	0
L	0.0003	0	0.0000	0
S	0.0012	0	0.0000	0
E	0.0009	0	0.0000	0
V	0.0017	0	0.0000	0
E	0.0006	0	0.0000	0
R	0.0125	0	0.0000	0
Q	0.0629	0	0.0000	0
I	0.0008	0	0.0000	0
H	0.0079	0	0.0000	0
E	0.0018	0	0.0000	0
I	0.0006	0	0.0000	0
V	0.0002	0	0.0000	0
R	0.0018	0	0.0000	0
A	0.0004	0	0.0000	0
Y	0.0038	0	0.0000	0
E	0.0019	0	0.0000	0
W	0.0010	0	0.0000	0
A	0.0020	0	0.0000	0
H	0.0303	0	0.0000	0
H	0.0280	0	0.0000	0
D	0.0014	0	0.0000	0
M	0.0007	0	0.0000	0
V	0.0004	0	0.0000	0
P	0.0009	0	0.0000	0
L	0.0008	0	0.0000	0
A	0.0007	0	0.0000	0
Q	0.0013	0	0.0000	0
I	0.0004	0	0.0000	0
Y	0.0060	0	0.0000	0
N	0.0201	0	0.0000	0
N	0.0183	0	0.0000	0
R	0.2656	0	0.0000	0
A	0.0065	0	0.0000	0
E	0.0041	0	0.0000	0
R	0.0086	0	0.0000	0
Q	0.0008	0	0.0000	0
I	0.0007	0	0.0000	0
L	0.0002	0	0.0000	0
I	0.0014	0	0.0000	0
D	0.0065	0	0.0000	0
N	0.0758	0	0.0000	0
N	0.0384	0	0.0000	0
A	0.1797	0	0.0001	0
L	0.6142	1	0.0015	0
G	0.6129	1	0.0004	0
Q	0.8144	1	0.0002	0
F	0.9179	1	0.0000	0
T	0.9014	1	0.0000	0
A	0.4487	1	0.0000	0
Q	0.3422	0	0.0000	0
I	0.0063	0	0.0000	0
A	0.0055	0	0.0000	0
D	0.0033	0	0.0000	0
L	0.0094	0	0.0000	0
D	0.0172	0	0.0000	0
Q	0.0034	0	0.0000	0
E	0.0024	0	0.0000	0
Y	0.0082	0	0.0000	0
D	0.0006	0	0.0000	0
D	0.0008	0	0.0000	0
F	0.0008	0	0.0000	0
W	0.2579	0	0.0001	0
D	0.0034	0	0.0000	0
E	0.0428	0	0.0000	0
D	0.0026	0	0.0000	0
G	0.0005	0	0.0000	0
E	0.0012	0	0.0000	0
V	0.0008	0	0.0000	0
M	0.0019	0	0.0000	0
R	0.0055	0	0.0000	0
D	0.0021	0	0.0000	0
Y	0.0959	0	0.0000	0
R	0.0091	0	0.0000	0
L	0.0034	0	0.0000	0
R	0.0068	0	0.0000	0
V	0.0019	0	0.0000	0
S	0.0458	0	0.0000	0
D	0.0031	0	0.0000	0
A	0.0005	0	0.0000	0
L	0.0004	0	0.0000	0
S	0.0020	0	0.0000	0
K	0.0057	0	0.0000	0
L	0.0016	0	0.0000	0
T	0.0039	0	0.0000	0
P	0.0059	0	0.0000	0
W	0.0078	0	0.0000	0
K	0.0033	0	0.0000	0
A	0.0032	0	0.0000	0
P	0.0013	0	0.0000	0
P	0.0022	0	0.0000	0
P	0.0299	0	0.0000	0
I	0.0141	0	0.0000	0
A	0.1106	0	0.0000	0
H	0.0580	0	0.0000	0
S	0.0170	0	0.0000	0
T	0.0143	0	0.0000	0
V	0.0040	0	0.0000	0
L	0.0050	0	0.0000	0
V	0.0035	0	0.0000	0
A	0.0059	0	0.0000	0
P	0.0060	0	0.0000	0
V	0.0028	0	0.0000	0
S	0.0019	0	0.0000	0
P	0.0013	0	0.0000	0
S	0.0028	0	0.0000	0
T	0.0018	0	0.0000	0
A	0.0031	0	0.0000	0
S	0.0061	0	0.0000	0
S	0.0193	0	0.0000	0
R	0.0474	0	0.0000	0
T	0.0634	0	0.0000	0
D	0.0487	0	0.0000	0
T	0.0701	0	0.0000	0
</pre></body></html>