<html><head></head><body><pre style="word-wrap: break-word; white-space: pre-wrap;">&gt;A6ZL36
Amino Acid	probability_DNA	binary_DNA	probability_RNA	binary_RNA
M	0.0681	0	0.1153	0
L	0.0018	0	0.0015	0
E	0.0235	0	0.0160	0
A	0.0002	0	0.0000	0
K	0.0019	0	0.0003	0
F	0.0010	0	0.0002	0
E	0.0023	0	0.0007	0
E	0.0020	0	0.0002	0
A	0.0013	0	0.0001	0
S	0.0027	0	0.0003	0
L	0.0004	0	0.0000	0
F	0.0002	0	0.0000	0
K	0.1097	0	0.0780	0
R	0.0246	0	0.0096	0
I	0.0002	0	0.0000	0
I	0.0000	0	0.0000	0
D	0.0003	0	0.0002	0
G	0.0000	0	0.0000	0
F	0.0000	0	0.0000	0
K	0.0001	0	0.0000	0
D	0.0000	0	0.0000	0
C	0.0000	0	0.0000	0
V	0.0000	0	0.0000	0
Q	0.0003	0	0.0002	0
L	0.0014	0	0.0008	0
V	0.0001	0	0.0000	0
N	0.0007	0	0.0006	0
F	0.0000	0	0.0000	0
Q	0.0000	0	0.0000	0
C	0.0000	0	0.0000	0
K	0.0001	0	0.0000	0
E	0.0000	0	0.0000	0
D	0.0000	0	0.0000	0
G	0.0001	0	0.0000	0
I	0.0001	0	0.0000	0
I	0.0146	0	0.0031	0
A	0.0002	0	0.0000	0
Q	0.0002	0	0.0000	0
A	0.0000	0	0.0000	0
V	0.0003	0	0.0000	0
D	0.0002	0	0.0000	0
D	0.0012	0	0.0001	0
S	0.0025	0	0.0001	0
R	0.0120	0	0.0003	0
V	0.0009	0	0.0000	0
L	0.0002	0	0.0000	0
L	0.0013	0	0.0003	0
V	0.0001	0	0.0000	0
S	0.0001	0	0.0000	0
L	0.0000	0	0.0000	0
E	0.0003	0	0.0000	0
I	0.0001	0	0.0000	0
G	0.0007	0	0.0000	0
V	0.0004	0	0.0000	0
E	0.0003	0	0.0000	0
A	0.0004	0	0.0000	0
F	0.0008	0	0.0000	0
Q	0.0006	0	0.0000	0
E	0.0046	0	0.0000	0
Y	0.0218	0	0.0001	0
R	0.0021	0	0.0000	0
C	0.0005	0	0.0000	0
D	0.0004	0	0.0000	0
H	0.0008	0	0.0000	0
P	0.0008	0	0.0000	0
V	0.0003	0	0.0000	0
T	0.0088	0	0.0001	0
L	0.0005	0	0.0000	0
G	0.0151	0	0.0003	0
M	0.0020	0	0.0000	0
D	0.0070	0	0.0000	0
L	0.0013	0	0.0000	0
T	0.0011	0	0.0000	0
S	0.0007	0	0.0000	0
L	0.0000	0	0.0000	0
S	0.0001	0	0.0000	0
K	0.0001	0	0.0000	0
I	0.0000	0	0.0000	0
L	0.0000	0	0.0000	0
R	0.0015	0	0.0000	0
C	0.0003	0	0.0000	0
G	0.0002	0	0.0000	0
N	0.0021	0	0.0000	0
N	0.0044	0	0.0000	0
T	0.0029	0	0.0000	0
D	0.0022	0	0.0000	0
T	0.0007	0	0.0000	0
L	0.0002	0	0.0000	0
T	0.0005	0	0.0000	0
L	0.0001	0	0.0000	0
I	0.0002	0	0.0000	0
A	0.0001	0	0.0000	0
D	0.0001	0	0.0000	0
N	0.0000	0	0.0000	0
T	0.0000	0	0.0000	0
P	0.0000	0	0.0000	0
D	0.0001	0	0.0000	0
S	0.0001	0	0.0000	0
I	0.0000	0	0.0000	0
I	0.0002	0	0.0000	0
L	0.0001	0	0.0000	0
L	0.0001	0	0.0000	0
F	0.0002	0	0.0000	0
E	0.0047	0	0.0001	0
D	0.0053	0	0.0001	0
T	0.0966	0	0.0020	0
K	0.0655	0	0.0009	0
K	0.0585	0	0.0005	0
D	0.0103	0	0.0001	0
R	0.0154	0	0.0001	0
I	0.1616	0	0.0031	0
A	0.0111	0	0.0002	0
E	0.0456	0	0.0010	0
Y	0.0224	0	0.0006	0
S	0.1218	0	0.0057	0
L	0.0032	0	0.0000	0
K	0.1353	0	0.0044	0
L	0.0144	0	0.0002	0
M	0.0046	0	0.0002	0
D	0.0019	0	0.0001	0
I	0.0006	0	0.0000	0
D	0.0004	0	0.0000	0
A	0.0003	0	0.0000	0
D	0.0002	0	0.0000	0
F	0.0002	0	0.0000	0
L	0.0001	0	0.0000	0
K	0.0001	0	0.0000	0
I	0.0001	0	0.0000	0
E	0.0001	0	0.0000	0
E	0.0002	0	0.0000	0
L	0.0002	0	0.0000	0
Q	0.0004	0	0.0001	0
Y	0.0005	0	0.0001	0
D	0.0003	0	0.0001	0
S	0.0001	0	0.0000	0
T	0.0001	0	0.0000	0
L	0.0000	0	0.0000	0
S	0.0001	0	0.0000	0
L	0.0000	0	0.0000	0
P	0.0001	0	0.0000	0
S	0.0002	0	0.0000	0
S	0.0002	0	0.0000	0
E	0.0001	0	0.0000	0
F	0.0001	0	0.0000	0
S	0.0199	0	0.0087	0
K	0.0009	0	0.0003	0
I	0.0001	0	0.0000	0
V	0.0000	0	0.0000	0
R	0.0013	0	0.0022	0
D	0.0001	0	0.0000	0
L	0.0000	0	0.0000	0
S	0.0000	0	0.0000	0
Q	0.0001	0	0.0000	0
L	0.0000	0	0.0000	0
S	0.0001	0	0.0000	0
D	0.0001	0	0.0000	0
S	0.0002	0	0.0000	0
I	0.0000	0	0.0000	0
N	0.0001	0	0.0000	0
I	0.0000	0	0.0000	0
M	0.0002	0	0.0000	0
I	0.0001	0	0.0000	0
T	0.0002	0	0.0000	0
K	0.0001	0	0.0000	0
E	0.0001	0	0.0000	0
T	0.0001	0	0.0000	0
I	0.0000	0	0.0000	0
K	0.0002	0	0.0000	0
F	0.0000	0	0.0000	0
V	0.0003	0	0.0001	0
A	0.0003	0	0.0001	0
D	0.0004	0	0.0003	0
G	0.0003	0	0.0002	0
D	0.0004	0	0.0004	0
I	0.0005	0	0.0007	0
G	0.0007	0	0.0008	0
S	0.0071	0	0.0058	0
G	0.0003	0	0.0001	0
S	0.0013	0	0.0004	0
V	0.0003	0	0.0000	0
I	0.0036	0	0.0005	0
I	0.0004	0	0.0000	0
K	0.0037	0	0.0003	0
P	0.0022	0	0.0001	0
F	0.0067	0	0.0006	0
V	0.0029	0	0.0001	0
D	0.0011	0	0.0000	0
M	0.0018	0	0.0001	0
E	0.0007	0	0.0000	0
H	0.0008	0	0.0000	0
P	0.0003	0	0.0000	0
E	0.0003	0	0.0000	0
T	0.0001	0	0.0000	0
S	0.0001	0	0.0000	0
I	0.0000	0	0.0000	0
K	0.0002	0	0.0000	0
L	0.0001	0	0.0000	0
E	0.0004	0	0.0001	0
M	0.0001	0	0.0000	0
D	0.0002	0	0.0000	0
Q	0.0002	0	0.0000	0
P	0.0005	0	0.0001	0
V	0.0004	0	0.0000	0
D	0.0021	0	0.0003	0
L	0.0004	0	0.0000	0
T	0.0029	0	0.0006	0
F	0.0038	0	0.0009	0
G	0.0023	0	0.0006	0
A	0.0003	0	0.0000	0
K	0.0061	0	0.0023	0
Y	0.0021	0	0.0006	0
L	0.0003	0	0.0001	0
L	0.0013	0	0.0006	0
D	0.0001	0	0.0000	0
I	0.0000	0	0.0000	0
I	0.0000	0	0.0000	0
K	0.0121	0	0.0056	0
G	0.0001	0	0.0000	0
S	0.0001	0	0.0000	0
S	0.0002	0	0.0000	0
L	0.0001	0	0.0000	0
S	0.0001	0	0.0000	0
D	0.0001	0	0.0000	0
R	0.0003	0	0.0000	0
V	0.0001	0	0.0000	0
G	0.0013	0	0.0001	0
I	0.0001	0	0.0000	0
R	0.0076	0	0.0008	0
L	0.0010	0	0.0000	0
S	0.0013	0	0.0001	0
S	0.0018	0	0.0001	0
E	0.0037	0	0.0009	0
A	0.0008	0	0.0001	0
P	0.0021	0	0.0006	0
A	0.0003	0	0.0001	0
L	0.0014	0	0.0009	0
F	0.0001	0	0.0000	0
Q	0.0009	0	0.0002	0
F	0.0003	0	0.0000	0
D	0.0006	0	0.0000	0
L	0.0002	0	0.0000	0
K	0.0002	0	0.0000	0
S	0.0001	0	0.0000	0
G	0.0001	0	0.0000	0
F	0.0014	0	0.0000	0
L	0.0003	0	0.0000	0
Q	0.0012	0	0.0001	0
F	0.0001	0	0.0000	0
F	0.0009	0	0.0001	0
L	0.0001	0	0.0000	0
A	0.0005	0	0.0001	0
P	0.0002	0	0.0000	0
K	0.0122	0	0.0016	0
F	0.0046	0	0.0007	0
N	0.0123	0	0.0031	0
D	0.0049	0	0.0014	0
E	0.0026	0	0.0009	0
E	0.0045	0	0.0019	0
</pre></body></html>