<html><head></head><body><pre style="word-wrap: break-word; white-space: pre-wrap;">&gt;P62315
Amino Acid	probability_DNA	binary_DNA	probability_RNA	binary_RNA
M	0.3184	0	0.0110	0
K	0.0890	0	0.0008	0
L	0.0042	0	0.0001	0
V	0.0008	0	0.0000	0
R	0.0005	0	0.0000	0
F	0.0001	0	0.0000	0
L	0.0001	0	0.0000	0
M	0.0004	0	0.0000	0
K	0.0002	0	0.0000	0
L	0.0001	0	0.0000	0
S	0.0002	0	0.0000	0
H	0.0003	0	0.0000	0
E	0.0005	0	0.0000	0
T	0.0007	0	0.0000	0
V	0.0002	0	0.0000	0
T	0.0005	0	0.0000	0
I	0.0001	0	0.0000	0
E	0.0033	0	0.0001	0
L	0.0003	0	0.0000	0
K	0.0364	0	0.0010	0
N	0.0013	0	0.0000	0
G	0.0006	0	0.0000	0
T	0.0002	0	0.0000	0
Q	0.0004	0	0.0000	0
V	0.0001	0	0.0000	0
H	0.0001	0	0.0000	0
G	0.0001	0	0.0000	0
T	0.0003	0	0.0001	0
I	0.0001	0	0.0000	0
T	0.0001	0	0.0000	0
G	0.0001	0	0.0000	0
V	0.0003	0	0.0000	0
D	0.0035	0	0.0006	0
V	0.0013	0	0.0001	0
S	0.0067	0	0.0009	0
M	0.0003	0	0.0001	0
N	0.0017	0	0.0002	0
T	0.0002	0	0.0000	0
H	0.0003	0	0.0000	0
L	0.0005	0	0.0000	0
K	0.0010	0	0.0000	0
A	0.0011	0	0.0000	0
V	0.0003	0	0.0000	0
K	0.0010	0	0.0000	0
M	0.0002	0	0.0000	0
T	0.0042	0	0.0006	0
L	0.0009	0	0.0001	0
K	0.0025	0	0.0003	0
N	0.0014	0	0.0001	0
R	0.0015	0	0.0001	0
E	0.0020	0	0.0001	0
P	0.0014	0	0.0001	0
V	0.0035	0	0.0002	0
Q	0.0710	0	0.0080	0
L	0.0049	0	0.0005	0
E	0.0029	0	0.0004	0
T	0.0088	0	0.0015	0
L	0.0005	0	0.0001	0
S	0.0166	0	0.0068	0
I	0.0039	0	0.0007	0
R	0.6167	1	0.4345	1
G	0.0539	0	0.0044	0
N	0.2062	0	0.0127	0
N	0.4139	1	0.0344	0
I	0.0135	0	0.0010	0
R	0.2300	0	0.0333	0
Y	0.1540	0	0.0156	0
F	0.0041	0	0.0002	0
I	0.0044	0	0.0002	0
L	0.0003	0	0.0000	0
P	0.0004	0	0.0000	0
D	0.0008	0	0.0000	0
S	0.0005	0	0.0000	0
L	0.0002	0	0.0000	0
P	0.0003	0	0.0000	0
L	0.0002	0	0.0000	0
D	0.0007	0	0.0000	0
T	0.0012	0	0.0000	0
L	0.0004	0	0.0000	0
L	0.0002	0	0.0000	0
V	0.0025	0	0.0000	0
D	0.0027	0	0.0000	0
V	0.0038	0	0.0000	0
E	0.0082	0	0.0000	0
P	0.0082	0	0.0000	0
K	0.1510	0	0.0003	0
V	0.0737	0	0.0001	0
K	0.1769	0	0.0004	0
S	0.1383	0	0.0002	0
K	0.2122	0	0.0005	0
K	0.1418	0	0.0001	0
R	0.2497	0	0.0004	0
E	0.1059	0	0.0001	0
A	0.0491	0	0.0001	0
V	0.1743	0	0.0003	0
A	0.0788	0	0.0002	0
G	0.3292	0	0.0028	0
R	0.6068	1	0.0047	0
G	0.4462	1	0.0011	0
R	0.7799	1	0.0006	0
G	0.5967	1	0.0002	0
R	0.7650	1	0.0001	0
G	0.5610	1	0.0002	0
R	0.5693	1	0.0002	0
G	0.4455	1	0.0001	0
R	0.7129	1	0.0001	0
G	0.2884	0	0.0000	0
R	0.5348	1	0.0000	0
G	0.3287	0	0.0000	0
R	0.5708	1	0.0000	0
G	0.1483	0	0.0000	0
R	0.6507	1	0.0000	0
G	0.2387	0	0.0000	0
R	0.6723	1	0.0000	0
G	0.4225	1	0.0000	0
G	0.2761	0	0.0000	0
P	0.0402	0	0.0000	0
R	0.4190	1	0.0000	0
R	0.4774	1	0.0001	0
</pre></body></html>