<html><head></head><body><pre style="word-wrap: break-word; white-space: pre-wrap;">&gt;P87249
Amino Acid	probability_DNA	binary_DNA	probability_RNA	binary_RNA
M	0.0000	0	0.1645	1
E	0.0000	0	0.0789	0
Y	0.0000	0	0.0146	0
S	0.0000	0	0.0046	0
P	0.0000	0	0.0053	0
Q	0.0000	0	0.0072	0
Y	0.0000	0	0.0118	0
Q	0.0000	0	0.0021	0
Q	0.0000	0	0.0043	0
Q	0.0000	0	0.0026	0
H	0.0000	0	0.0041	0
G	0.0000	0	0.0059	0
Q	0.0000	0	0.0356	0
H	0.0001	0	0.2647	1
P	0.0000	0	0.1069	0
H	0.0001	0	0.2148	1
P	0.0000	0	0.0275	0
A	0.0001	0	0.2533	1
S	0.0002	0	0.2415	1
H	0.0004	0	0.3058	1
M	0.0000	0	0.0183	0
T	0.0000	0	0.0436	0
G	0.0000	0	0.0266	0
A	0.0000	0	0.0038	0
Y	0.0000	0	0.0094	0
P	0.0000	0	0.0113	0
T	0.0000	0	0.0036	0
A	0.0000	0	0.0023	0
P	0.0000	0	0.0094	0
Q	0.0000	0	0.0359	0
N	0.0000	0	0.1029	0
P	0.0000	0	0.0555	0
G	0.0000	0	0.0122	0
S	0.0000	0	0.0251	0
A	0.0000	0	0.0449	0
L	0.0000	0	0.1359	0
G	0.0000	0	0.1227	0
S	0.0001	0	0.2746	1
M	0.0001	0	0.0860	0
T	0.0001	0	0.1389	0
S	0.0000	0	0.0425	0
P	0.0000	0	0.0068	0
T	0.0000	0	0.0145	0
N	0.0000	0	0.0065	0
P	0.0000	0	0.0091	0
Q	0.0000	0	0.0216	0
T	0.0000	0	0.0051	0
H	0.0000	0	0.0051	0
I	0.0000	0	0.0038	0
Q	0.0000	0	0.0047	0
Q	0.0000	0	0.0119	0
A	0.0000	0	0.0052	0
H	0.0000	0	0.0045	0
P	0.0000	0	0.0017	0
T	0.0000	0	0.0029	0
H	0.0000	0	0.0109	0
Q	0.0000	0	0.0130	0
A	0.0000	0	0.0023	0
S	0.0000	0	0.0035	0
P	0.0000	0	0.0020	0
V	0.0000	0	0.0010	0
V	0.0000	0	0.0003	0
P	0.0000	0	0.0016	0
S	0.0000	0	0.0012	0
Q	0.0000	0	0.0010	0
S	0.0000	0	0.0003	0
H	0.0000	0	0.0007	0
Y	0.0000	0	0.0005	0
Q	0.0000	0	0.0008	0
Q	0.0000	0	0.0055	0
A	0.0000	0	0.0029	0
Q	0.0000	0	0.0260	0
N	0.0000	0	0.0414	0
A	0.0000	0	0.0006	0
P	0.0000	0	0.0024	0
G	0.0000	0	0.0003	0
S	0.0000	0	0.0005	0
M	0.0000	0	0.0007	0
H	0.0000	0	0.0163	0
Q	0.0001	0	0.1366	0
Q	0.0003	0	0.2081	1
M	0.0000	0	0.0122	0
N	0.0000	0	0.0287	0
F	0.0000	0	0.0048	0
P	0.0000	0	0.0053	0
Q	0.0000	0	0.0090	0
S	0.0000	0	0.0088	0
Y	0.0001	0	0.0984	0
G	0.0000	0	0.0042	0
V	0.0000	0	0.0018	0
T	0.0000	0	0.0032	0
T	0.0000	0	0.0014	0
A	0.0000	0	0.0007	0
M	0.0000	0	0.0020	0
P	0.0000	0	0.0028	0
P	0.0000	0	0.0095	0
Q	0.0000	0	0.0074	0
P	0.0000	0	0.0669	0
Y	0.0000	0	0.0314	0
G	0.0000	0	0.0030	0
I	0.0000	0	0.0010	0
S	0.0000	0	0.0006	0
P	0.0000	0	0.0011	0
T	0.0000	0	0.0024	0
Q	0.0000	0	0.0006	0
A	0.0000	0	0.0002	0
A	0.0000	0	0.0002	0
A	0.0000	0	0.0003	0
M	0.0000	0	0.0004	0
A	0.0000	0	0.0004	0
T	0.0000	0	0.0039	0
A	0.0000	0	0.0010	0
A	0.0000	0	0.0033	0
A	0.0000	0	0.0033	0
S	0.0000	0	0.0056	0
G	0.0000	0	0.0038	0
Q	0.0000	0	0.0212	0
F	0.0000	0	0.0039	0
Y	0.0000	0	0.0032	0
P	0.0000	0	0.0031	0
T	0.0000	0	0.0011	0
H	0.0000	0	0.0051	0
G	0.0000	0	0.0085	0
D	0.0000	0	0.0053	0
S	0.0000	0	0.0165	0
I	0.0000	0	0.0052	0
A	0.0000	0	0.0035	0
G	0.0000	0	0.0049	0
Q	0.0000	0	0.0111	0
M	0.0000	0	0.0704	0
A	0.0001	0	0.1889	1
Q	0.0002	0	0.3099	1
G	0.0001	0	0.1208	0
P	0.0000	0	0.0972	0
R	0.0002	0	0.2510	1
G	0.0004	0	0.2917	1
S	0.0005	0	0.4043	1
P	0.0001	0	0.0851	0
R	0.0005	0	0.3897	1
M	0.0004	0	0.2791	1
A	0.0002	0	0.2251	1
G	0.0003	0	0.3212	1
V	0.0003	0	0.1405	0
P	0.0003	0	0.0877	0
V	0.0001	0	0.0170	0
K	0.0008	0	0.2476	1
T	0.0012	0	0.2571	1
D	0.0002	0	0.0487	0
R	0.0032	0	0.2878	1
N	0.0018	0	0.1996	1
P	0.0002	0	0.0223	0
R	0.0036	0	0.3241	1
S	0.0073	0	0.3956	1
P	0.0011	0	0.1925	1
P	0.0012	0	0.3219	1
Q	0.0017	0	0.2951	1
I	0.0001	0	0.0309	0
P	0.0005	0	0.2608	1
G	0.0008	0	0.1994	1
Q	0.0021	0	0.2233	1
M	0.0000	0	0.0104	0
P	0.0002	0	0.0350	0
P	0.0000	0	0.0021	0
M	0.0000	0	0.0005	0
G	0.0000	0	0.0004	0
S	0.0000	0	0.0005	0
Q	0.0000	0	0.0002	0
V	0.0000	0	0.0001	0
P	0.0000	0	0.0002	0
L	0.0000	0	0.0002	0
T	0.0000	0	0.0011	0
P	0.0000	0	0.0009	0
T	0.0000	0	0.0058	0
A	0.0000	0	0.0012	0
Q	0.0000	0	0.0054	0
M	0.0000	0	0.0035	0
Q	0.0004	0	0.1461	0
Q	0.0001	0	0.0206	0
R	0.0002	0	0.0575	0
R	0.0006	0	0.1383	0
M	0.0000	0	0.0022	0
S	0.0000	0	0.0084	0
H	0.0000	0	0.0068	0
V	0.0000	0	0.0004	0
G	0.0000	0	0.0003	0
S	0.0000	0	0.0006	0
P	0.0000	0	0.0005	0
H	0.0000	0	0.0014	0
V	0.0000	0	0.0006	0
Q	0.0000	0	0.0008	0
N	0.0000	0	0.0004	0
A	0.0000	0	0.0002	0
Q	0.0000	0	0.0007	0
P	0.0000	0	0.0015	0
V	0.0000	0	0.0022	0
M	0.0000	0	0.0079	0
N	0.0000	0	0.0236	0
H	0.0000	0	0.0053	0
V	0.0000	0	0.0011	0
G	0.0000	0	0.0015	0
R	0.0000	0	0.0147	0
P	0.0000	0	0.0059	0
S	0.0000	0	0.0043	0
V	0.0000	0	0.0020	0
P	0.0000	0	0.0015	0
P	0.0000	0	0.0015	0
P	0.0000	0	0.0019	0
M	0.0000	0	0.0013	0
P	0.0000	0	0.0005	0
P	0.0000	0	0.0005	0
P	0.0000	0	0.0004	0
Q	0.0000	0	0.0005	0
H	0.0000	0	0.0009	0
P	0.0000	0	0.0005	0
V	0.0000	0	0.0005	0
Q	0.0000	0	0.0017	0
Q	0.0000	0	0.0034	0
T	0.0000	0	0.0061	0
Q	0.0000	0	0.0065	0
T	0.0000	0	0.0141	0
S	0.0001	0	0.0484	0
P	0.0000	0	0.0270	0
D	0.0000	0	0.0036	0
M	0.0000	0	0.0020	0
M	0.0000	0	0.0010	0
P	0.0000	0	0.0007	0
S	0.0000	0	0.0010	0
G	0.0000	0	0.0004	0
A	0.0000	0	0.0006	0
E	0.0000	0	0.0006	0
E	0.0000	0	0.0009	0
S	0.0000	0	0.0029	0
P	0.0000	0	0.0036	0
L	0.0000	0	0.0086	0
Y	0.0002	0	0.5387	1
V	0.0000	0	0.0136	0
N	0.0006	0	0.6683	1
A	0.0010	0	0.5099	1
K	0.0030	0	0.7927	1
Q	0.0036	0	0.5058	1
F	0.0038	0	0.8136	1
H	0.0008	0	0.7061	1
R	0.0001	0	0.7429	1
I	0.0001	0	0.2497	1
L	0.0000	0	0.0209	0
K	0.0000	0	0.6406	1
R	0.0001	0	0.5437	1
R	0.0005	0	0.7800	1
V	0.0000	0	0.0363	0
A	0.0000	0	0.0171	0
R	0.0014	0	0.5972	1
Q	0.0000	0	0.0312	0
K	0.0000	0	0.0452	0
L	0.0000	0	0.0009	0
E	0.0000	0	0.0011	0
E	0.0000	0	0.0010	0
Q	0.0000	0	0.0010	0
L	0.0000	0	0.0005	0
R	0.0000	0	0.0136	0
L	0.0000	0	0.0016	0
T	0.0000	0	0.0201	0
S	0.0000	0	0.0171	0
K	0.0003	0	0.2255	1
G	0.0000	0	0.0070	0
R	0.0006	0	0.2808	1
K	0.0003	0	0.0880	0
P	0.0010	0	0.3301	1
Y	0.0097	0	0.5845	1
L	0.0001	0	0.0313	0
H	0.0054	0	0.5895	1
E	0.0032	0	0.2381	1
S	0.0046	0	0.3080	1
R	0.2337	0	0.5677	1
H	0.2529	0	0.6117	1
N	0.0065	0	0.1187	0
H	0.1047	0	0.8053	1
A	0.0023	0	0.2397	1
M	0.0007	0	0.3088	1
R	0.0072	0	0.5566	1
R	0.0165	0	0.5373	1
P	0.0002	0	0.0080	0
R	0.0209	0	0.5893	1
G	0.0068	0	0.0876	0
P	0.0366	0	0.3240	1
G	0.3209	0	0.5758	1
G	0.1579	0	0.5352	1
R	0.2717	0	0.6041	1
F	0.2746	0	0.4849	1
L	0.0080	0	0.0687	0
T	0.0693	0	0.2704	1
A	0.0062	0	0.0399	0
D	0.0002	0	0.0004	0
E	0.0002	0	0.0003	0
V	0.0002	0	0.0004	0
A	0.0001	0	0.0002	0
A	0.0000	0	0.0002	0
M	0.0000	0	0.0001	0
E	0.0000	0	0.0001	0
K	0.0000	0	0.0001	0
K	0.0000	0	0.0001	0
N	0.0000	0	0.0000	0
A	0.0000	0	0.0001	0
A	0.0000	0	0.0000	0
G	0.0000	0	0.0000	0
G	0.0001	0	0.0002	0
Q	0.0001	0	0.0003	0
E	0.0001	0	0.0002	0
N	0.0001	0	0.0001	0
A	0.0001	0	0.0002	0
D	0.0007	0	0.0018	0
P	0.0008	0	0.0007	0
N	0.0108	0	0.0126	0
A	0.0073	0	0.0040	0
S	0.1376	0	0.1528	1
K	0.1172	0	0.1224	0
A	0.0315	0	0.0503	0
V	0.0199	0	0.0389	0
S	0.0053	0	0.0137	0
D	0.0024	0	0.0070	0
S	0.0056	0	0.0253	0
S	0.0061	0	0.0385	0
P	0.0111	0	0.0466	0
A	0.0397	0	0.1331	0
S	0.0313	0	0.1899	1
Q	0.0225	0	0.1503	1
K	0.0115	0	0.1279	0
R	0.0095	0	0.0885	0
K	0.0052	0	0.0349	0
A	0.0072	0	0.0303	0
S	0.0003	0	0.0004	0
D	0.0003	0	0.0004	0
G	0.0001	0	0.0002	0
N	0.0001	0	0.0002	0
N	0.0001	0	0.0002	0
E	0.0001	0	0.0002	0
N	0.0002	0	0.0007	0
P	0.0010	0	0.0027	0
N	0.0027	0	0.0087	0
S	0.0063	0	0.0084	0
A	0.0229	0	0.0256	0
K	0.0639	0	0.0298	0
K	0.0228	0	0.0414	0
A	0.0151	0	0.0329	0
K	0.0238	0	0.1261	0
T	0.0029	0	0.0201	0
G	0.0006	0	0.0033	0
A	0.0002	0	0.0020	0
Q	0.0000	0	0.0001	0
K	0.0001	0	0.0003	0
A	0.0000	0	0.0000	0
S	0.0000	0	0.0000	0
N	0.0000	0	0.0000	0
N	0.0000	0	0.0000	0
A	0.0000	0	0.0000	0
D	0.0000	0	0.0001	0
E	0.0000	0	0.0001	0
S	0.0000	0	0.0001	0
E	0.0000	0	0.0001	0
A	0.0000	0	0.0001	0
E	0.0000	0	0.0002	0
S	0.0000	0	0.0001	0
G	0.0000	0	0.0001	0
G	0.0000	0	0.0002	0
P	0.0000	0	0.0002	0
S	0.0000	0	0.0005	0
D	0.0000	0	0.0013	0
E	0.0000	0	0.0031	0
D	0.0000	0	0.0048	0
G	0.0001	0	0.0087	0
</pre></body></html>