<html><head></head><body><pre style="word-wrap: break-word; white-space: pre-wrap;">&gt;P60489
Amino Acid	probability_DNA	binary_DNA	probability_RNA	binary_RNA
M	0.0000	0	0.9247	1
L	0.0000	0	0.9327	1
M	0.0000	0	0.6530	1
P	0.0000	0	0.3788	1
R	0.0000	0	0.6636	1
R	0.0000	0	0.8575	1
M	0.0000	0	0.6511	1
K	0.0000	0	0.9252	1
Y	0.0000	0	0.9667	1
R	0.0000	0	0.9610	1
K	0.0000	0	0.9548	1
Q	0.0000	0	0.7397	1
Q	0.0000	0	0.9693	1
R	0.0000	0	0.9550	1
G	0.0000	0	0.7928	1
R	0.0000	0	0.9474	1
L	0.0000	0	0.9111	1
K	0.0000	0	0.9355	1
G	0.0000	0	0.7490	1
A	0.0000	0	0.7766	1
T	0.0000	0	0.1998	1
K	0.0000	0	0.7167	1
G	0.0000	0	0.4242	1
G	0.0000	0	0.1326	0
D	0.0000	0	0.2048	1
Y	0.0000	0	0.1283	0
V	0.0000	0	0.0093	0
A	0.0000	0	0.0514	0
F	0.0000	0	0.3830	1
G	0.0000	0	0.0434	0
D	0.0000	0	0.2628	1
Y	0.0000	0	0.1965	1
G	0.0000	0	0.1403	0
L	0.0000	0	0.0030	0
V	0.0000	0	0.0207	0
A	0.0000	0	0.0070	0
L	0.0000	0	0.0354	0
E	0.0000	0	0.0248	0
P	0.0000	0	0.0331	0
A	0.0000	0	0.0018	0
W	0.0000	0	0.0608	0
I	0.0000	0	0.0036	0
T	0.0000	0	0.4378	1
A	0.0000	0	0.1021	0
Q	0.0000	0	0.1311	0
Q	0.0000	0	0.2941	1
I	0.0000	0	0.0211	0
E	0.0000	0	0.1720	1
A	0.0000	0	0.2629	1
A	0.0000	0	0.0022	0
R	0.0000	0	0.3139	1
V	0.0000	0	0.4336	1
A	0.0000	0	0.0086	0
M	0.0000	0	0.0029	0
V	0.0001	0	0.4440	1
R	0.0002	0	0.8109	1
H	0.0000	0	0.2943	1
F	0.0000	0	0.0057	0
R	0.0000	0	0.3618	1
R	0.0000	0	0.2122	1
G	0.0000	0	0.0437	0
G	0.0000	0	0.1884	1
K	0.0000	0	0.2039	1
I	0.0000	0	0.0093	0
F	0.0000	0	0.8201	1
I	0.0000	0	0.1438	0
R	0.0000	0	0.6205	1
I	0.0000	0	0.1040	0
F	0.0000	0	0.8476	1
P	0.0000	0	0.1136	0
D	0.0000	0	0.3465	1
K	0.0000	0	0.0969	0
P	0.0000	0	0.0571	0
Y	0.0000	0	0.1514	1
T	0.0000	0	0.8991	1
K	0.0000	0	0.7679	1
K	0.0000	0	0.9394	1
P	0.0000	0	0.5097	1
L	0.0000	0	0.3956	1
E	0.0000	0	0.2999	1
V	0.0000	0	0.5585	1
R	0.0000	0	0.8377	1
M	0.0001	0	0.9539	1
G	0.0001	0	0.8533	1
K	0.0002	0	0.9195	1
G	0.0003	0	0.8605	1
K	0.0002	0	0.8888	1
G	0.0001	0	0.5366	1
N	0.0000	0	0.1491	0
V	0.0000	0	0.0824	0
E	0.0000	0	0.1632	1
G	0.0000	0	0.1975	1
Y	0.0001	0	0.4137	1
V	0.0000	0	0.0156	0
A	0.0000	0	0.0025	0
V	0.0000	0	0.3128	1
V	0.0000	0	0.0029	0
K	0.0000	0	0.0353	0
P	0.0000	0	0.0060	0
G	0.0000	0	0.0079	0
R	0.0000	0	0.0035	0
V	0.0000	0	0.0003	0
M	0.0000	0	0.0006	0
F	0.0000	0	0.0014	0
E	0.0000	0	0.0463	0
V	0.0000	0	0.0045	0
A	0.0000	0	0.0142	0
G	0.0000	0	0.0372	0
V	0.0000	0	0.0096	0
T	0.0000	0	0.0061	0
E	0.0000	0	0.0042	0
E	0.0000	0	0.0030	0
Q	0.0000	0	0.0012	0
A	0.0000	0	0.0012	0
M	0.0000	0	0.1221	0
E	0.0000	0	0.0093	0
A	0.0000	0	0.0014	0
L	0.0000	0	0.0026	0
R	0.0001	0	0.4301	1
I	0.0001	0	0.3761	1
A	0.0000	0	0.0049	0
G	0.0000	0	0.0318	0
H	0.0006	0	0.5921	1
K	0.0048	0	0.8610	1
L	0.0007	0	0.3328	1
P	0.0004	0	0.6763	1
I	0.0002	0	0.2874	1
K	0.0002	0	0.5580	1
T	0.0000	0	0.0484	0
K	0.0000	0	0.0217	0
I	0.0000	0	0.0013	0
V	0.0000	0	0.0005	0
R	0.0000	0	0.0011	0
R	0.0000	0	0.0028	0
D	0.0000	0	0.0007	0
A	0.0000	0	0.0005	0
Y	0.0000	0	0.0004	0
D	0.0000	0	0.0006	0
E	0.0000	0	0.0010	0
A	0.0000	0	0.0047	0
Q	0.0000	0	0.0235	0
</pre></body></html>