<html><head></head><body><pre style="word-wrap: break-word; white-space: pre-wrap;">&gt;P27151
Amino Acid	probability_DNA	binary_DNA	probability_RNA	binary_RNA
M	0.0028	0	0.0012	0
K	0.0093	0	0.0030	0
V	0.0002	0	0.0000	0
I	0.0001	0	0.0000	0
L	0.0002	0	0.0001	0
L	0.0014	0	0.0016	0
E	0.0160	0	0.0294	0
P	0.0489	0	0.0658	0
L	0.1881	0	0.3004	1
E	0.1689	0	0.2687	1
N	0.2541	0	0.3384	1
L	0.0146	0	0.0163	0
G	0.0180	0	0.0158	0
D	0.0518	0	0.0589	0
V	0.0846	0	0.0579	0
G	0.0445	0	0.0459	0
Q	0.0034	0	0.0024	0
V	0.0028	0	0.0012	0
V	0.0017	0	0.0007	0
D	0.0151	0	0.0133	0
V	0.0131	0	0.0059	0
K	0.5963	1	0.3453	1
P	0.4001	1	0.3919	1
G	0.6710	1	0.6343	1
Y	0.7778	1	0.6620	1
A	0.0530	0	0.0357	0
R	0.7231	1	0.4170	1
N	0.8253	1	0.2573	1
Y	0.8133	1	0.2814	1
L	0.0184	0	0.0021	0
L	0.0738	0	0.0054	0
P	0.0545	0	0.0019	0
R	0.2871	0	0.0103	0
G	0.1231	0	0.0044	0
L	0.0259	0	0.0005	0
A	0.0055	0	0.0001	0
V	0.1419	0	0.0073	0
L	0.0367	0	0.0009	0
A	0.0271	0	0.0006	0
T	0.4216	1	0.0167	0
E	0.1501	0	0.0012	0
S	0.0253	0	0.0001	0
N	0.0099	0	0.0000	0
L	0.0141	0	0.0000	0
K	0.0493	0	0.0001	0
A	0.0027	0	0.0000	0
L	0.0039	0	0.0000	0
E	0.0032	0	0.0000	0
A	0.0009	0	0.0000	0
R	0.0029	0	0.0000	0
I	0.0203	0	0.0001	0
R	0.0032	0	0.0000	0
A	0.0015	0	0.0000	0
Q	0.0009	0	0.0000	0
A	0.0006	0	0.0000	0
K	0.0011	0	0.0000	0
R	0.0017	0	0.0000	0
L	0.0010	0	0.0000	0
A	0.0007	0	0.0000	0
E	0.0005	0	0.0000	0
R	0.0007	0	0.0000	0
K	0.0103	0	0.0000	0
A	0.0004	0	0.0000	0
E	0.0002	0	0.0000	0
A	0.0004	0	0.0000	0
E	0.0006	0	0.0000	0
R	0.0007	0	0.0000	0
L	0.0016	0	0.0000	0
K	0.0058	0	0.0000	0
K	0.0002	0	0.0000	0
I	0.0003	0	0.0000	0
L	0.0001	0	0.0000	0
E	0.0002	0	0.0000	0
N	0.0001	0	0.0000	0
L	0.0002	0	0.0000	0
T	0.0006	0	0.0000	0
L	0.0002	0	0.0000	0
T	0.0029	0	0.0000	0
I	0.0022	0	0.0000	0
P	0.0090	0	0.0001	0
V	0.0022	0	0.0000	0
R	0.1548	0	0.0018	0
A	0.0172	0	0.0001	0
G	0.2060	0	0.0020	0
E	0.0996	0	0.0009	0
T	0.2018	0	0.0031	0
K	0.4105	1	0.0021	0
I	0.0207	0	0.0001	0
Y	0.8078	1	0.0164	0
G	0.4975	1	0.0191	0
S	0.5831	1	0.0200	0
V	0.0463	0	0.0004	0
T	0.0464	0	0.0006	0
A	0.0011	0	0.0000	0
K	0.0022	0	0.0001	0
D	0.0001	0	0.0000	0
I	0.0000	0	0.0000	0
A	0.0001	0	0.0000	0
E	0.0001	0	0.0000	0
A	0.0000	0	0.0000	0
L	0.0000	0	0.0000	0
S	0.0003	0	0.0000	0
R	0.0002	0	0.0000	0
Q	0.0006	0	0.0000	0
H	0.0002	0	0.0000	0
G	0.0002	0	0.0000	0
V	0.0001	0	0.0000	0
T	0.0002	0	0.0000	0
I	0.0001	0	0.0000	0
D	0.0002	0	0.0000	0
P	0.0003	0	0.0000	0
K	0.0042	0	0.0000	0
R	0.0003	0	0.0000	0
L	0.0001	0	0.0000	0
A	0.0002	0	0.0000	0
L	0.0001	0	0.0000	0
E	0.0002	0	0.0000	0
K	0.0004	0	0.0000	0
P	0.0003	0	0.0000	0
I	0.0008	0	0.0001	0
K	0.1736	0	0.0237	0
E	0.0934	0	0.0074	0
L	0.0268	0	0.0038	0
G	0.0283	0	0.0023	0
E	0.1261	0	0.0174	0
Y	0.4689	1	0.1249	0
V	0.0700	0	0.0173	0
L	0.0005	0	0.0000	0
T	0.0085	0	0.0006	0
Y	0.0015	0	0.0000	0
K	0.1649	0	0.0111	0
P	0.1466	0	0.0035	0
H	0.1167	0	0.0055	0
P	0.0036	0	0.0001	0
E	0.0022	0	0.0001	0
V	0.0002	0	0.0000	0
P	0.0004	0	0.0000	0
I	0.0001	0	0.0000	0
Q	0.0060	0	0.0006	0
L	0.0002	0	0.0000	0
K	0.0017	0	0.0001	0
V	0.0001	0	0.0000	0
S	0.0001	0	0.0000	0
V	0.0003	0	0.0000	0
V	0.0002	0	0.0000	0
A	0.0002	0	0.0000	0
Q	0.0008	0	0.0000	0
E	0.0045	0	0.0001	0
</pre></body></html>