<html><head></head><body><pre style="word-wrap: break-word; white-space: pre-wrap;">&gt;P51998
Amino Acid	probability_DNA	binary_DNA	probability_RNA	binary_RNA
M	0.0000	0	0.2886	1
T	0.0000	0	0.2675	1
I	0.0000	0	0.0181	0
K	0.0000	0	0.2988	1
R	0.0000	0	0.2233	1
N	0.0000	0	0.1157	0
L	0.0000	0	0.0014	0
V	0.0000	0	0.0013	0
K	0.0000	0	0.1596	1
T	0.0000	0	0.0042	0
L	0.0000	0	0.0007	0
Q	0.0000	0	0.0209	0
S	0.0000	0	0.0032	0
I	0.0000	0	0.0006	0
R	0.0000	0	0.0146	0
Y	0.0000	0	0.0021	0
Q	0.0000	0	0.0068	0
A	0.0000	0	0.0037	0
T	0.0000	0	0.0069	0
T	0.0000	0	0.0230	0
A	0.0000	0	0.0056	0
T	0.0000	0	0.0609	0
A	0.0000	0	0.0163	0
H	0.0000	0	0.0268	0
A	0.0000	0	0.0035	0
E	0.0000	0	0.0057	0
S	0.0000	0	0.0087	0
T	0.0000	0	0.0094	0
L	0.0000	0	0.0033	0
N	0.0000	0	0.0052	0
P	0.0000	0	0.0050	0
L	0.0000	0	0.0055	0
P	0.0000	0	0.0048	0
N	0.0000	0	0.0303	0
A	0.0000	0	0.0629	0
A	0.0000	0	0.2258	1
I	0.0000	0	0.2845	1
P	0.0000	0	0.1451	0
P	0.0000	0	0.0605	0
K	0.0000	0	0.3322	1
Y	0.0000	0	0.0248	0
A	0.0000	0	0.0145	0
L	0.0000	0	0.0702	0
V	0.0000	0	0.0211	0
T	0.0000	0	0.0905	0
V	0.0000	0	0.0098	0
R	0.0000	0	0.4462	1
S	0.0001	0	0.6222	1
F	0.0000	0	0.0648	0
P	0.0000	0	0.1423	0
S	0.0000	0	0.0407	0
L	0.0000	0	0.0214	0
E	0.0000	0	0.0121	0
P	0.0000	0	0.0154	0
L	0.0000	0	0.0054	0
T	0.0000	0	0.0177	0
F	0.0000	0	0.0137	0
V	0.0000	0	0.0024	0
P	0.0000	0	0.0122	0
V	0.0000	0	0.0018	0
P	0.0000	0	0.0035	0
T	0.0000	0	0.0013	0
S	0.0000	0	0.0011	0
T	0.0000	0	0.0007	0
V	0.0000	0	0.0035	0
A	0.0000	0	0.0058	0
A	0.0000	0	0.0045	0
P	0.0000	0	0.0183	0
L	0.0000	0	0.0189	0
R	0.0004	0	0.8710	1
R	0.0003	0	0.3744	1
D	0.0004	0	0.4021	1
I	0.0002	0	0.3450	1
L	0.0000	0	0.0322	0
W	0.0001	0	0.3667	1
R	0.0004	0	0.5672	1
A	0.0000	0	0.0073	0
V	0.0000	0	0.1443	0
V	0.0001	0	0.3581	1
Y	0.0000	0	0.2046	1
E	0.0001	0	0.2937	1
N	0.0001	0	0.4881	1
D	0.0000	0	0.2024	1
N	0.0000	0	0.5909	1
R	0.0000	0	0.5875	1
R	0.0000	0	0.8958	1
V	0.0000	0	0.8780	1
G	0.0000	0	0.8537	1
A	0.0000	0	0.9229	1
S	0.0000	0	0.7439	1
N	0.0000	0	0.6676	1
P	0.0000	0	0.2084	1
P	0.0000	0	0.6108	1
G	0.0000	0	0.7514	1
R	0.0000	0	0.9496	1
S	0.0000	0	0.7007	1
E	0.0000	0	0.3274	1
N	0.0000	0	0.1100	0
G	0.0000	0	0.9292	1
F	0.0000	0	0.8333	1
S	0.0000	0	0.6430	1
R	0.0000	0	0.5451	1
R	0.0000	0	0.6987	1
K	0.0000	0	0.8123	1
L	0.0000	0	0.1457	0
M	0.0000	0	0.6701	1
P	0.0000	0	0.3329	1
Q	0.0000	0	0.2861	1
K	0.0000	0	0.7477	1
G	0.0000	0	0.6427	1
S	0.0000	0	0.8388	1
G	0.0000	0	0.7738	1
R	0.0000	0	0.9436	1
A	0.0000	0	0.0425	0
R	0.0000	0	0.5300	1
V	0.0000	0	0.0500	0
G	0.0000	0	0.7323	1
D	0.0000	0	0.6954	1
A	0.0000	0	0.4026	1
N	0.0000	0	0.8010	1
S	0.0000	0	0.7348	1
P	0.0000	0	0.0946	0
T	0.0000	0	0.2023	1
R	0.0000	0	0.5290	1
H	0.0000	0	0.9675	1
N	0.0000	0	0.9695	1
G	0.0000	0	0.4756	1
G	0.0000	0	0.5199	1
R	0.0000	0	0.9203	1
A	0.0000	0	0.7439	1
L	0.0000	0	0.8546	1
A	0.0000	0	0.2257	1
R	0.0000	0	0.5347	1
T	0.0000	0	0.9685	1
A	0.0000	0	0.8951	1
P	0.0000	0	0.6910	1
N	0.0000	0	0.9283	1
D	0.0000	0	0.7445	1
Y	0.0000	0	0.5830	1
T	0.0000	0	0.1685	1
T	0.0000	0	0.2377	1
E	0.0000	0	0.4815	1
L	0.0000	0	0.1524	1
P	0.0000	0	0.4981	1
S	0.0000	0	0.8307	1
K	0.0000	0	0.8602	1
V	0.0000	0	0.0690	0
Y	0.0000	0	0.5092	1
S	0.0000	0	0.3891	1
M	0.0000	0	0.0433	0
A	0.0000	0	0.0014	0
F	0.0000	0	0.0033	0
N	0.0000	0	0.0068	0
N	0.0000	0	0.0010	0
A	0.0000	0	0.0002	0
L	0.0000	0	0.0002	0
S	0.0000	0	0.0012	0
H	0.0000	0	0.0007	0
Q	0.0000	0	0.0033	0
Y	0.0000	0	0.0005	0
K	0.0000	0	0.0025	0
S	0.0000	0	0.0010	0
G	0.0000	0	0.0007	0
K	0.0000	0	0.0011	0
L	0.0000	0	0.0002	0
F	0.0000	0	0.0003	0
V	0.0000	0	0.0004	0
I	0.0000	0	0.0009	0
G	0.0000	0	0.0075	0
G	0.0000	0	0.0079	0
E	0.0000	0	0.0034	0
K	0.0000	0	0.0063	0
V	0.0000	0	0.0020	0
D	0.0000	0	0.0037	0
L	0.0000	0	0.0132	0
I	0.0000	0	0.0125	0
S	0.0000	0	0.0113	0
P	0.0000	0	0.0273	0
T	0.0000	0	0.0502	0
P	0.0000	0	0.0183	0
E	0.0000	0	0.0083	0
L	0.0000	0	0.0007	0
D	0.0000	0	0.0003	0
L	0.0000	0	0.0002	0
N	0.0000	0	0.0002	0
R	0.0000	0	0.0002	0
L	0.0000	0	0.0002	0
D	0.0000	0	0.0010	0
L	0.0000	0	0.0009	0
V	0.0000	0	0.0013	0
N	0.0000	0	0.0037	0
T	0.0000	0	0.0045	0
N	0.0000	0	0.0046	0
T	0.0000	0	0.0034	0
V	0.0000	0	0.0049	0
E	0.0000	0	0.0027	0
G	0.0000	0	0.0010	0
K	0.0000	0	0.0055	0
E	0.0000	0	0.0018	0
I	0.0000	0	0.0004	0
F	0.0000	0	0.0013	0
E	0.0000	0	0.0035	0
G	0.0000	0	0.0036	0
E	0.0000	0	0.0037	0
V	0.0000	0	0.0115	0
I	0.0000	0	0.0046	0
F	0.0000	0	0.0033	0
R	0.0000	0	0.0133	0
K	0.0000	0	0.0101	0
F	0.0000	0	0.0029	0
L	0.0000	0	0.0008	0
E	0.0000	0	0.0107	0
E	0.0000	0	0.0059	0
F	0.0000	0	0.0009	0
Q	0.0000	0	0.0038	0
L	0.0000	0	0.0014	0
K	0.0000	0	0.0017	0
G	0.0000	0	0.0010	0
K	0.0000	0	0.0025	0
R	0.0000	0	0.0057	0
L	0.0000	0	0.0002	0
L	0.0000	0	0.0001	0
F	0.0000	0	0.0001	0
I	0.0000	0	0.0002	0
T	0.0000	0	0.0004	0
D	0.0000	0	0.0012	0
K	0.0000	0	0.0046	0
T	0.0000	0	0.0116	0
R	0.0000	0	0.0170	0
E	0.0000	0	0.0347	0
G	0.0000	0	0.1506	1
L	0.0000	0	0.0050	0
I	0.0000	0	0.0066	0
K	0.0000	0	0.1178	0
S	0.0000	0	0.0061	0
S	0.0000	0	0.0023	0
D	0.0000	0	0.0559	0
P	0.0000	0	0.2341	1
Y	0.0000	0	0.0051	0
K	0.0000	0	0.0030	0
Q	0.0000	0	0.0044	0
K	0.0000	0	0.0186	0
V	0.0000	0	0.0010	0
D	0.0000	0	0.0030	0
V	0.0000	0	0.0011	0
I	0.0000	0	0.0034	0
Q	0.0000	0	0.0094	0
K	0.0000	0	0.0089	0
E	0.0000	0	0.2513	1
L	0.0000	0	0.4018	1
V	0.0000	0	0.0803	0
E	0.0000	0	0.6970	1
V	0.0000	0	0.2132	1
N	0.0000	0	0.5324	1
D	0.0000	0	0.5213	1
I	0.0000	0	0.0059	0
L	0.0000	0	0.0172	0
R	0.0000	0	0.0532	0
A	0.0000	0	0.0148	0
Q	0.0000	0	0.0031	0
A	0.0000	0	0.0019	0
V	0.0000	0	0.0002	0
F	0.0000	0	0.0002	0
I	0.0000	0	0.0005	0
E	0.0000	0	0.0080	0
L	0.0000	0	0.0146	0
E	0.0000	0	0.0202	0
A	0.0000	0	0.0074	0
L	0.0000	0	0.0015	0
E	0.0000	0	0.0342	0
Y	0.0000	0	0.0043	0
L	0.0000	0	0.0005	0
A	0.0000	0	0.0006	0
M	0.0000	0	0.0110	0
A	0.0000	0	0.0013	0
H	0.0000	0	0.0021	0
Q	0.0000	0	0.0110	0
K	0.0000	0	0.0057	0
E	0.0000	0	0.0038	0
I	0.0000	0	0.0009	0
L	0.0000	0	0.0057	0
H	0.0000	0	0.1058	0
S	0.0000	0	0.0195	0
V	0.0000	0	0.0047	0
S	0.0000	0	0.0599	0
N	0.0000	0	0.1284	0
</pre></body></html>