<html><head></head><body><pre style="word-wrap: break-word; white-space: pre-wrap;">&gt;Q9X1V7
Amino Acid	probability_DNA	binary_DNA	probability_RNA	binary_RNA
M	0.2578	0	0.0383	0
R	0.2651	0	0.0297	0
R	0.2744	0	0.0171	0
S	0.0134	0	0.0006	0
L	0.0004	0	0.0000	0
F	0.0007	0	0.0002	0
L	0.0003	0	0.0001	0
V	0.0001	0	0.0000	0
V	0.0003	0	0.0000	0
V	0.0001	0	0.0000	0
L	0.0002	0	0.0000	0
L	0.0003	0	0.0000	0
M	0.0003	0	0.0001	0
L	0.0004	0	0.0000	0
S	0.0009	0	0.0001	0
S	0.0003	0	0.0001	0
C	0.0001	0	0.0000	0
T	0.0009	0	0.0008	0
L	0.0017	0	0.0004	0
I	0.0002	0	0.0000	0
K	0.0005	0	0.0000	0
I	0.0004	0	0.0000	0
V	0.0010	0	0.0001	0
V	0.0003	0	0.0000	0
P	0.0002	0	0.0000	0
P	0.0002	0	0.0000	0
E	0.0016	0	0.0004	0
A	0.0008	0	0.0002	0
Y	0.0010	0	0.0001	0
S	0.0027	0	0.0002	0
L	0.0002	0	0.0000	0
D	0.0016	0	0.0001	0
T	0.0002	0	0.0000	0
A	0.0000	0	0.0000	0
I	0.0000	0	0.0000	0
F	0.0002	0	0.0000	0
V	0.0001	0	0.0000	0
L	0.0001	0	0.0000	0
E	0.0005	0	0.0001	0
T	0.0006	0	0.0001	0
R	0.0010	0	0.0001	0
D	0.0005	0	0.0000	0
Y	0.0002	0	0.0000	0
R	0.0024	0	0.0002	0
L	0.0003	0	0.0000	0
S	0.0001	0	0.0000	0
D	0.0002	0	0.0000	0
V	0.0003	0	0.0001	0
K	0.0004	0	0.0001	0
E	0.0003	0	0.0001	0
I	0.0003	0	0.0001	0
D	0.0033	0	0.0014	0
S	0.0144	0	0.0031	0
Y	0.2948	0	0.0758	0
G	0.1886	0	0.0340	0
D	0.2932	0	0.0159	0
V	0.0512	0	0.0006	0
E	0.2402	0	0.0015	0
M	0.0103	0	0.0000	0
K	0.3570	1	0.0027	0
G	0.0183	0	0.0001	0
K	0.0422	0	0.0001	0
V	0.0019	0	0.0000	0
A	0.0003	0	0.0000	0
V	0.0005	0	0.0000	0
F	0.0005	0	0.0000	0
E	0.0004	0	0.0000	0
T	0.0002	0	0.0000	0
E	0.0002	0	0.0000	0
Y	0.0004	0	0.0001	0
G	0.0005	0	0.0001	0
P	0.0018	0	0.0001	0
V	0.0004	0	0.0000	0
F	0.0035	0	0.0001	0
L	0.0007	0	0.0000	0
Y	0.0009	0	0.0000	0
V	0.0006	0	0.0000	0
Y	0.0018	0	0.0000	0
K	0.0032	0	0.0000	0
G	0.0017	0	0.0000	0
E	0.0007	0	0.0000	0
E	0.0005	0	0.0000	0
A	0.0002	0	0.0000	0
K	0.0008	0	0.0000	0
K	0.0007	0	0.0000	0
I	0.0001	0	0.0000	0
W	0.0017	0	0.0000	0
K	0.0111	0	0.0001	0
K	0.0008	0	0.0000	0
L	0.0001	0	0.0000	0
N	0.0003	0	0.0000	0
G	0.0002	0	0.0000	0
R	0.0009	0	0.0000	0
A	0.0001	0	0.0000	0
G	0.0002	0	0.0000	0
F	0.0005	0	0.0000	0
V	0.0005	0	0.0000	0
S	0.0018	0	0.0000	0
I	0.0019	0	0.0000	0
R	0.0119	0	0.0000	0
S	0.0179	0	0.0002	0
V	0.0055	0	0.0001	0
L	0.0016	0	0.0001	0
D	0.0241	0	0.0026	0
L	0.0030	0	0.0002	0
P	0.0025	0	0.0000	0
N	0.0153	0	0.0005	0
M	0.0099	0	0.0006	0
G	0.0009	0	0.0000	0
K	0.0014	0	0.0001	0
F	0.0002	0	0.0000	0
S	0.0002	0	0.0000	0
T	0.0002	0	0.0000	0
V	0.0004	0	0.0000	0
S	0.0008	0	0.0000	0
N	0.0029	0	0.0000	0
G	0.0009	0	0.0000	0
K	0.0011	0	0.0000	0
K	0.0196	0	0.0003	0
I	0.0021	0	0.0000	0
V	0.0019	0	0.0000	0
A	0.0008	0	0.0000	0
W	0.0018	0	0.0000	0
W	0.0028	0	0.0000	0
R	0.3183	0	0.0044	0
K	0.1453	0	0.0002	0
N	0.2452	0	0.0001	0
W	0.0093	0	0.0000	0
L	0.0007	0	0.0000	0
F	0.0080	0	0.0000	0
I	0.0006	0	0.0000	0
V	0.0005	0	0.0000	0
E	0.0445	0	0.0001	0
G	0.0066	0	0.0000	0
K	0.2004	0	0.0007	0
N	0.1427	0	0.0004	0
G	0.0192	0	0.0000	0
V	0.0050	0	0.0001	0
E	0.0021	0	0.0000	0
E	0.0025	0	0.0001	0
F	0.0004	0	0.0000	0
V	0.0002	0	0.0000	0
K	0.0029	0	0.0001	0
H	0.0118	0	0.0001	0
V	0.0002	0	0.0000	0
Y	0.0015	0	0.0000	0
R	0.0191	0	0.0004	0
V	0.0002	0	0.0000	0
Y	0.0022	0	0.0001	0
E	0.0034	0	0.0001	0
E	0.0005	0	0.0000	0
M	0.0008	0	0.0000	0
K	0.0242	0	0.0020	0
Q	0.0324	0	0.0014	0
</pre></body></html>