<html><head></head><body><pre style="word-wrap: break-word; white-space: pre-wrap;">&gt;D0LNW1
Amino Acid	probability_DNA	binary_DNA	probability_RNA	binary_RNA
M	0.1160	0	0.1352	0
N	0.0051	0	0.0074	0
E	0.0014	0	0.0008	0
P	0.0010	0	0.0006	0
I	0.0001	0	0.0000	0
I	0.0002	0	0.0001	0
L	0.0000	0	0.0000	0
R	0.0001	0	0.0004	0
Y	0.0003	0	0.0015	0
F	0.0003	0	0.0014	0
P	0.0004	0	0.0020	0
V	0.0008	0	0.0031	0
L	0.0198	0	0.0857	0
G	0.0160	0	0.0446	0
R	0.1339	0	0.2376	1
A	0.0070	0	0.0161	0
Q	0.0052	0	0.0115	0
A	0.0006	0	0.0008	0
L	0.0001	0	0.0003	0
R	0.0016	0	0.0087	0
H	0.0000	0	0.0001	0
A	0.0000	0	0.0000	0
L	0.0000	0	0.0000	0
A	0.0000	0	0.0000	0
D	0.0000	0	0.0000	0
A	0.0001	0	0.0000	0
E	0.0001	0	0.0000	0
L	0.0001	0	0.0000	0
A	0.0001	0	0.0000	0
F	0.0004	0	0.0000	0
R	0.0004	0	0.0000	0
D	0.0004	0	0.0001	0
L	0.0010	0	0.0001	0
R	0.0007	0	0.0001	0
I	0.0019	0	0.0002	0
P	0.0102	0	0.0016	0
L	0.0521	0	0.0104	0
E	0.0046	0	0.0013	0
Q	0.0028	0	0.0009	0
W	0.0036	0	0.0014	0
S	0.0022	0	0.0005	0
Q	0.0096	0	0.0021	0
H	0.0009	0	0.0002	0
K	0.0074	0	0.0021	0
D	0.0111	0	0.0031	0
S	0.0184	0	0.0044	0
D	0.0295	0	0.0056	0
A	0.0038	0	0.0006	0
G	0.0005	0	0.0001	0
G	0.0044	0	0.0018	0
P	0.0026	0	0.0009	0
Y	0.0012	0	0.0002	0
G	0.0004	0	0.0000	0
S	0.0001	0	0.0000	0
L	0.0001	0	0.0000	0
P	0.0002	0	0.0000	0
T	0.0001	0	0.0000	0
L	0.0001	0	0.0000	0
R	0.0002	0	0.0001	0
W	0.0002	0	0.0002	0
H	0.0005	0	0.0006	0
G	0.0020	0	0.0017	0
V	0.0072	0	0.0021	0
E	0.0101	0	0.0021	0
V	0.0030	0	0.0005	0
A	0.0048	0	0.0016	0
E	0.1594	0	0.0542	0
T	0.0192	0	0.0038	0
I	0.0007	0	0.0001	0
A	0.0001	0	0.0000	0
I	0.0009	0	0.0002	0
A	0.0001	0	0.0000	0
S	0.0002	0	0.0001	0
F	0.0002	0	0.0001	0
L	0.0000	0	0.0000	0
A	0.0000	0	0.0000	0
R	0.0005	0	0.0001	0
S	0.0093	0	0.0011	0
L	0.0146	0	0.0010	0
G	0.0004	0	0.0000	0
H	0.0003	0	0.0000	0
Y	0.0001	0	0.0000	0
E	0.0005	0	0.0000	0
G	0.0004	0	0.0000	0
R	0.0010	0	0.0000	0
D	0.0005	0	0.0000	0
N	0.0011	0	0.0000	0
G	0.0012	0	0.0000	0
E	0.0002	0	0.0000	0
I	0.0005	0	0.0000	0
A	0.0001	0	0.0000	0
R	0.0005	0	0.0000	0
L	0.0002	0	0.0000	0
E	0.0010	0	0.0000	0
A	0.0002	0	0.0000	0
V	0.0001	0	0.0000	0
V	0.0001	0	0.0000	0
S	0.0001	0	0.0000	0
L	0.0001	0	0.0000	0
C	0.0001	0	0.0000	0
Y	0.0002	0	0.0000	0
T	0.0002	0	0.0000	0
E	0.0001	0	0.0000	0
V	0.0001	0	0.0000	0
S	0.0011	0	0.0001	0
L	0.0003	0	0.0000	0
Q	0.0003	0	0.0000	0
I	0.0002	0	0.0000	0
A	0.0011	0	0.0000	0
Q	0.0002	0	0.0000	0
L	0.0001	0	0.0000	0
L	0.0002	0	0.0000	0
W	0.0029	0	0.0003	0
L	0.0002	0	0.0000	0
D	0.0003	0	0.0000	0
L	0.0015	0	0.0001	0
F	0.0009	0	0.0001	0
N	0.0004	0	0.0000	0
P	0.0008	0	0.0000	0
G	0.0009	0	0.0000	0
V	0.0004	0	0.0000	0
D	0.0006	0	0.0000	0
L	0.0005	0	0.0000	0
A	0.0013	0	0.0000	0
A	0.0014	0	0.0000	0
A	0.0002	0	0.0000	0
V	0.0002	0	0.0000	0
P	0.0004	0	0.0000	0
L	0.0004	0	0.0000	0
Q	0.0002	0	0.0000	0
F	0.0001	0	0.0000	0
G	0.0002	0	0.0000	0
R	0.0003	0	0.0000	0
L	0.0000	0	0.0000	0
V	0.0001	0	0.0000	0
A	0.0001	0	0.0000	0
R	0.0000	0	0.0000	0
L	0.0000	0	0.0000	0
T	0.0001	0	0.0000	0
R	0.0001	0	0.0000	0
L	0.0000	0	0.0000	0
E	0.0000	0	0.0000	0
A	0.0001	0	0.0000	0
H	0.0001	0	0.0000	0
T	0.0001	0	0.0000	0
P	0.0001	0	0.0000	0
E	0.0004	0	0.0000	0
A	0.0028	0	0.0001	0
G	0.0004	0	0.0000	0
W	0.0006	0	0.0000	0
F	0.0000	0	0.0000	0
G	0.0001	0	0.0000	0
G	0.0017	0	0.0001	0
E	0.0006	0	0.0000	0
R	0.0098	0	0.0003	0
P	0.0010	0	0.0000	0
V	0.0191	0	0.0001	0
M	0.0315	0	0.0001	0
A	0.0004	0	0.0000	0
D	0.0455	0	0.0038	0
Y	0.0001	0	0.0000	0
F	0.0001	0	0.0000	0
A	0.0000	0	0.0000	0
A	0.0000	0	0.0000	0
E	0.0000	0	0.0000	0
A	0.0000	0	0.0000	0
I	0.0000	0	0.0000	0
E	0.0000	0	0.0000	0
A	0.0000	0	0.0000	0
L	0.0000	0	0.0000	0
R	0.0000	0	0.0000	0
Y	0.0000	0	0.0000	0
L	0.0000	0	0.0000	0
L	0.0000	0	0.0000	0
G	0.0000	0	0.0000	0
R	0.0001	0	0.0000	0
E	0.0001	0	0.0000	0
H	0.0001	0	0.0000	0
D	0.0001	0	0.0000	0
D	0.0001	0	0.0000	0
A	0.0002	0	0.0000	0
L	0.0001	0	0.0000	0
R	0.0014	0	0.0000	0
T	0.0011	0	0.0000	0
R	0.0002	0	0.0000	0
L	0.0012	0	0.0001	0
P	0.0001	0	0.0000	0
H	0.0008	0	0.0000	0
L	0.0000	0	0.0000	0
C	0.0002	0	0.0000	0
A	0.0002	0	0.0000	0
L	0.0001	0	0.0000	0
A	0.0000	0	0.0000	0
R	0.0001	0	0.0000	0
R	0.0009	0	0.0000	0
M	0.0001	0	0.0000	0
A	0.0004	0	0.0000	0
Q	0.0008	0	0.0000	0
R	0.0209	0	0.0004	0
P	0.0007	0	0.0000	0
A	0.0052	0	0.0001	0
L	0.0005	0	0.0000	0
A	0.0046	0	0.0001	0
Q	0.0016	0	0.0000	0
A	0.0001	0	0.0000	0
W	0.0001	0	0.0000	0
S	0.0001	0	0.0000	0
T	0.0003	0	0.0000	0
R	0.0013	0	0.0000	0
P	0.0004	0	0.0000	0
Q	0.0006	0	0.0000	0
T	0.0014	0	0.0000	0
F	0.0002	0	0.0000	0
T	0.0001	0	0.0000	0
A	0.0001	0	0.0000	0
H	0.0003	0	0.0000	0
P	0.0003	0	0.0000	0
D	0.0002	0	0.0000	0
E	0.0001	0	0.0000	0
A	0.0005	0	0.0000	0
A	0.0001	0	0.0000	0
M	0.0001	0	0.0000	0
L	0.0000	0	0.0000	0
E	0.0001	0	0.0000	0
R	0.0004	0	0.0000	0
L	0.0000	0	0.0000	0
R	0.0000	0	0.0000	0
A	0.0001	0	0.0000	0
L	0.0000	0	0.0000	0
P	0.0000	0	0.0000	0
L	0.0000	0	0.0000	0
A	0.0001	0	0.0000	0
A	0.0003	0	0.0001	0
T	0.0002	0	0.0001	0
I	0.0001	0	0.0000	0
G	0.0023	0	0.0009	0
A	0.0010	0	0.0001	0
S	0.0008	0	0.0001	0
M	0.0007	0	0.0001	0
E	0.0057	0	0.0014	0
</pre></body></html>