<html><head></head><body><pre style="word-wrap: break-word; white-space: pre-wrap;">&gt;Q8U443
Amino Acid	probability_DNA	binary_DNA	probability_RNA	binary_RNA
M	0.0049	0	0.2738	1
G	0.0010	0	0.0905	0
Q	0.0014	0	0.0481	0
K	0.0040	0	0.0864	0
W	0.0103	0	0.1175	0
K	0.0190	0	0.3858	1
L	0.0168	0	0.2316	1
Y	0.0143	0	0.3146	1
E	0.0015	0	0.0447	0
I	0.0003	0	0.0057	0
K	0.0002	0	0.0040	0
D	0.0001	0	0.0007	0
G	0.0005	0	0.0026	0
K	0.0039	0	0.0166	0
V	0.0187	0	0.1169	0
I	0.0282	0	0.2217	1
R	0.0480	0	0.4172	1
K	0.0242	0	0.3491	1
N	0.0148	0	0.2926	1
K	0.0078	0	0.3528	1
F	0.0003	0	0.0176	0
C	0.0000	0	0.0013	0
P	0.0002	0	0.0260	0
R	0.0002	0	0.0397	0
C	0.0000	0	0.0032	0
G	0.0005	0	0.0633	0
P	0.0011	0	0.0581	0
G	0.0233	0	0.3329	1
V	0.0016	0	0.0446	0
F	0.0029	0	0.0795	0
M	0.0010	0	0.0439	0
A	0.0004	0	0.0171	0
D	0.0044	0	0.1322	0
H	0.0314	0	0.3573	1
G	0.0234	0	0.4165	1
D	0.0078	0	0.2570	1
R	0.1895	0	0.7176	1
W	0.0377	0	0.3346	1
A	0.0418	0	0.3501	1
C	0.0016	0	0.0340	0
G	0.0957	0	0.7431	1
K	0.0861	0	0.6315	1
C	0.0009	0	0.0267	0
G	0.0031	0	0.1138	0
Y	0.0336	0	0.4316	1
T	0.0058	0	0.1465	0
E	0.0080	0	0.1962	1
W	0.0095	0	0.3389	1
K	0.0218	0	0.3772	1
K	0.0695	0	0.4022	1
</pre></body></html>