<html><head></head><body><pre style="word-wrap: break-word; white-space: pre-wrap;">&gt;Q5SMC7
Amino Acid	probability_DNA	binary_DNA	probability_RNA	binary_RNA
M	0.0825	0	0.0037	0
L	0.0046	0	0.0003	0
D	0.0017	0	0.0001	0
P	0.0004	0	0.0000	0
R	0.0008	0	0.0000	0
L	0.0002	0	0.0000	0
S	0.0006	0	0.0000	0
V	0.0011	0	0.0001	0
A	0.0040	0	0.0019	0
P	0.0022	0	0.0076	0
M	0.0094	0	0.0200	0
V	0.0098	0	0.0126	0
D	0.1504	0	0.1342	0
R	0.0585	0	0.0326	0
T	0.0290	0	0.0120	0
D	0.0751	0	0.0273	0
R	0.0417	0	0.0130	0
H	0.0031	0	0.0015	0
F	0.0022	0	0.0011	0
R	0.2609	0	0.1510	1
F	0.0009	0	0.0001	0
L	0.0001	0	0.0000	0
V	0.0004	0	0.0000	0
R	0.0116	0	0.0049	0
Q	0.0002	0	0.0000	0
V	0.0002	0	0.0000	0
S	0.0003	0	0.0000	0
L	0.0010	0	0.0001	0
G	0.0008	0	0.0001	0
V	0.0007	0	0.0000	0
R	0.0003	0	0.0000	0
L	0.0002	0	0.0000	0
Y	0.0670	0	0.0108	0
T	0.0498	0	0.0066	0
E	0.0499	0	0.0114	0
M	0.2158	0	0.1025	0
T	0.0106	0	0.0022	0
V	0.2510	0	0.0697	0
D	0.0247	0	0.0024	0
Q	0.0467	0	0.0063	0
A	0.0143	0	0.0025	0
V	0.0022	0	0.0004	0
L	0.0010	0	0.0001	0
R	0.1420	0	0.0921	0
G	0.0138	0	0.0031	0
N	0.0106	0	0.0010	0
R	0.0326	0	0.0037	0
E	0.0224	0	0.0021	0
R	0.0277	0	0.0039	0
L	0.0013	0	0.0002	0
L	0.0002	0	0.0000	0
A	0.0004	0	0.0000	0
F	0.0004	0	0.0001	0
R	0.0010	0	0.0002	0
P	0.0032	0	0.0008	0
E	0.0018	0	0.0004	0
E	0.0007	0	0.0002	0
H	0.0008	0	0.0002	0
P	0.0003	0	0.0001	0
I	0.0003	0	0.0000	0
A	0.0032	0	0.0008	0
L	0.0010	0	0.0003	0
Q	0.1610	0	0.0822	0
L	0.0036	0	0.0007	0
A	0.0094	0	0.0043	0
G	0.0760	0	0.0561	0
S	0.0337	0	0.0189	0
D	0.0095	0	0.0029	0
P	0.0028	0	0.0006	0
K	0.0006	0	0.0001	0
S	0.0001	0	0.0000	0
L	0.0001	0	0.0000	0
A	0.0000	0	0.0000	0
E	0.0000	0	0.0000	0
A	0.0000	0	0.0000	0
A	0.0000	0	0.0000	0
R	0.0000	0	0.0000	0
I	0.0000	0	0.0000	0
G	0.0000	0	0.0000	0
E	0.0001	0	0.0000	0
A	0.0001	0	0.0000	0
F	0.0000	0	0.0000	0
G	0.0000	0	0.0000	0
Y	0.0000	0	0.0000	0
D	0.0000	0	0.0000	0
E	0.0001	0	0.0000	0
I	0.0001	0	0.0000	0
N	0.0050	0	0.0015	0
L	0.0005	0	0.0001	0
N	0.0363	0	0.0065	0
L	0.0055	0	0.0005	0
G	0.0447	0	0.0369	0
C	0.2558	0	0.3183	1
P	0.1561	0	0.1320	0
S	0.3850	1	0.2455	1
E	0.2902	0	0.1532	1
K	0.2451	0	0.0820	0
A	0.0053	0	0.0004	0
Q	0.0088	0	0.0006	0
E	0.0988	0	0.0198	0
G	0.0332	0	0.0024	0
G	0.0054	0	0.0004	0
Y	0.0081	0	0.0014	0
G	0.0028	0	0.0004	0
A	0.0004	0	0.0000	0
C	0.0002	0	0.0000	0
L	0.0003	0	0.0000	0
L	0.0007	0	0.0001	0
L	0.0241	0	0.0071	0
D	0.0264	0	0.0049	0
L	0.0015	0	0.0001	0
A	0.0003	0	0.0000	0
R	0.0003	0	0.0000	0
V	0.0001	0	0.0000	0
R	0.0002	0	0.0000	0
E	0.0001	0	0.0000	0
I	0.0000	0	0.0000	0
L	0.0001	0	0.0000	0
K	0.0004	0	0.0000	0
A	0.0000	0	0.0000	0
M	0.0000	0	0.0000	0
G	0.0020	0	0.0004	0
E	0.0000	0	0.0000	0
A	0.0000	0	0.0000	0
V	0.0000	0	0.0000	0
R	0.0001	0	0.0000	0
V	0.0000	0	0.0000	0
P	0.0002	0	0.0000	0
V	0.0001	0	0.0000	0
T	0.0001	0	0.0000	0
V	0.0001	0	0.0000	0
K	0.0332	0	0.0093	0
M	0.0004	0	0.0000	0
R	0.0096	0	0.0009	0
L	0.0012	0	0.0000	0
G	0.0019	0	0.0001	0
L	0.0034	0	0.0002	0
E	0.0027	0	0.0001	0
G	0.0013	0	0.0000	0
K	0.0011	0	0.0001	0
E	0.0005	0	0.0000	0
T	0.0004	0	0.0000	0
Y	0.0006	0	0.0000	0
R	0.0008	0	0.0000	0
G	0.0002	0	0.0000	0
L	0.0001	0	0.0000	0
A	0.0001	0	0.0000	0
Q	0.0001	0	0.0000	0
S	0.0000	0	0.0000	0
V	0.0000	0	0.0000	0
E	0.0001	0	0.0000	0
A	0.0000	0	0.0000	0
M	0.0000	0	0.0000	0
A	0.0000	0	0.0000	0
E	0.0001	0	0.0000	0
A	0.0000	0	0.0000	0
G	0.0002	0	0.0000	0
V	0.0002	0	0.0000	0
K	0.0022	0	0.0001	0
V	0.0026	0	0.0001	0
F	0.0005	0	0.0000	0
V	0.0463	0	0.0010	0
V	0.0058	0	0.0000	0
H	0.3306	0	0.0031	0
A	0.0296	0	0.0001	0
R	0.6357	1	0.0044	0
S	0.3037	0	0.0014	0
A	0.3453	0	0.0022	0
L	0.1885	0	0.0014	0
L	0.0775	0	0.0006	0
A	0.4948	1	0.0126	0
L	0.5874	1	0.0490	0
S	0.3617	1	0.0200	0
T	0.2333	0	0.0054	0
K	0.0855	0	0.0023	0
A	0.0138	0	0.0003	0
N	0.0367	0	0.0011	0
R	0.1760	0	0.0093	0
E	0.0084	0	0.0001	0
I	0.0075	0	0.0000	0
P	0.0013	0	0.0000	0
P	0.0034	0	0.0000	0
L	0.0028	0	0.0000	0
R	0.0015	0	0.0000	0
H	0.0006	0	0.0000	0
D	0.0002	0	0.0000	0
W	0.0002	0	0.0000	0
V	0.0000	0	0.0000	0
H	0.0001	0	0.0000	0
R	0.0000	0	0.0000	0
L	0.0000	0	0.0000	0
K	0.0003	0	0.0000	0
G	0.0001	0	0.0000	0
D	0.0001	0	0.0000	0
F	0.0000	0	0.0000	0
P	0.0001	0	0.0000	0
Q	0.0001	0	0.0000	0
L	0.0001	0	0.0000	0
T	0.0002	0	0.0000	0
F	0.0001	0	0.0000	0
V	0.0002	0	0.0000	0
T	0.0005	0	0.0001	0
N	0.0065	0	0.0010	0
G	0.0733	0	0.0313	0
G	0.0145	0	0.0031	0
I	0.0129	0	0.0020	0
R	0.2507	0	0.0769	0
S	0.1182	0	0.0107	0
L	0.0145	0	0.0005	0
E	0.0799	0	0.0056	0
E	0.0265	0	0.0007	0
A	0.0025	0	0.0001	0
L	0.0006	0	0.0000	0
F	0.0010	0	0.0002	0
H	0.0002	0	0.0000	0
L	0.0001	0	0.0000	0
K	0.0001	0	0.0000	0
R	0.0002	0	0.0000	0
V	0.0001	0	0.0000	0
D	0.0002	0	0.0000	0
G	0.0004	0	0.0000	0
V	0.0002	0	0.0000	0
M	0.0020	0	0.0001	0
L	0.0113	0	0.0011	0
G	0.0933	0	0.0101	0
R	0.6155	1	0.2877	1
A	0.0520	0	0.0041	0
V	0.0041	0	0.0004	0
Y	0.0108	0	0.0021	0
E	0.0249	0	0.0098	0
D	0.0311	0	0.0058	0
P	0.0051	0	0.0007	0
F	0.0025	0	0.0002	0
V	0.0003	0	0.0000	0
L	0.0004	0	0.0000	0
E	0.0031	0	0.0002	0
E	0.0008	0	0.0000	0
A	0.0004	0	0.0000	0
D	0.0017	0	0.0001	0
R	0.0074	0	0.0002	0
R	0.0041	0	0.0001	0
V	0.0031	0	0.0001	0
F	0.0042	0	0.0001	0
G	0.0149	0	0.0010	0
L	0.0049	0	0.0002	0
P	0.0059	0	0.0002	0
R	0.0109	0	0.0002	0
R	0.0203	0	0.0005	0
P	0.0072	0	0.0001	0
S	0.0047	0	0.0001	0
R	0.0073	0	0.0002	0
L	0.0035	0	0.0001	0
E	0.0009	0	0.0000	0
V	0.0002	0	0.0000	0
A	0.0001	0	0.0000	0
R	0.0005	0	0.0001	0
R	0.0002	0	0.0000	0
M	0.0002	0	0.0000	0
R	0.0002	0	0.0000	0
A	0.0003	0	0.0001	0
Y	0.0013	0	0.0004	0
L	0.0001	0	0.0000	0
E	0.0007	0	0.0002	0
E	0.0008	0	0.0001	0
E	0.0004	0	0.0000	0
V	0.0036	0	0.0010	0
L	0.0106	0	0.0033	0
K	0.0220	0	0.0059	0
G	0.0251	0	0.0074	0
T	0.0595	0	0.0148	0
P	0.2691	0	0.0820	0
P	0.3787	1	0.1351	0
W	0.4069	1	0.2148	1
A	0.0914	0	0.0158	0
V	0.0023	0	0.0002	0
L	0.0076	0	0.0018	0
R	0.1014	0	0.0295	0
H	0.0168	0	0.0021	0
M	0.0010	0	0.0001	0
L	0.0052	0	0.0004	0
N	0.2066	0	0.0149	0
L	0.0089	0	0.0004	0
F	0.0037	0	0.0003	0
R	0.1352	0	0.0158	0
G	0.0819	0	0.0053	0
R	0.0339	0	0.0025	0
P	0.0694	0	0.0039	0
K	0.1408	0	0.0069	0
G	0.0518	0	0.0015	0
R	0.4924	1	0.0088	0
L	0.0547	0	0.0005	0
W	0.0028	0	0.0000	0
R	0.7898	1	0.0582	0
R	0.1135	0	0.0019	0
L	0.0021	0	0.0000	0
L	0.0012	0	0.0000	0
S	0.1468	0	0.0134	0
E	0.0557	0	0.0025	0
G	0.0050	0	0.0001	0
R	0.0056	0	0.0003	0
S	0.0021	0	0.0001	0
L	0.0019	0	0.0003	0
Q	0.0008	0	0.0001	0
A	0.0001	0	0.0000	0
L	0.0001	0	0.0000	0
D	0.0002	0	0.0000	0
R	0.0001	0	0.0000	0
A	0.0000	0	0.0000	0
L	0.0001	0	0.0000	0
R	0.0003	0	0.0001	0
L	0.0000	0	0.0000	0
M	0.0000	0	0.0000	0
E	0.0002	0	0.0001	0
E	0.0001	0	0.0000	0
E	0.0005	0	0.0001	0
V	0.0002	0	0.0000	0
G	0.0005	0	0.0001	0
E	0.0003	0	0.0001	0
E	0.0004	0	0.0000	0
G	0.0003	0	0.0000	0
E	0.0003	0	0.0001	0
K	0.0004	0	0.0001	0
E	0.0004	0	0.0000	0
K	0.0005	0	0.0001	0
P	0.0011	0	0.0001	0
G	0.0027	0	0.0002	0
P	0.0080	0	0.0003	0
R	0.0648	0	0.0010	0
G	0.0230	0	0.0001	0
Q	0.0326	0	0.0001	0
R	0.0834	0	0.0002	0
E	0.0271	0	0.0000	0
A	0.0136	0	0.0000	0
A	0.0016	0	0.0000	0
P	0.0008	0	0.0000	0
G	0.0012	0	0.0000	0
P	0.0030	0	0.0000	0
A	0.0023	0	0.0000	0
R	0.0070	0	0.0001	0
E	0.0026	0	0.0000	0
G	0.0014	0	0.0000	0
V	0.0050	0	0.0003	0
</pre></body></html>