<html><head></head><body><pre style="word-wrap: break-word; white-space: pre-wrap;">&gt;Q37964
Amino Acid	probability_DNA	binary_DNA	probability_RNA	binary_RNA
M	0.0525	0	0.0000	0
K	0.0682	0	0.0000	0
P	0.0208	0	0.0000	0
E	0.0077	0	0.0000	0
E	0.0030	0	0.0000	0
L	0.0002	0	0.0000	0
V	0.0002	0	0.0000	0
R	0.0032	0	0.0000	0
H	0.0006	0	0.0000	0
F	0.0004	0	0.0000	0
G	0.0004	0	0.0000	0
D	0.0004	0	0.0000	0
V	0.0004	0	0.0000	0
E	0.0157	0	0.0000	0
K	0.0949	0	0.0000	0
A	0.0011	0	0.0000	0
A	0.0004	0	0.0000	0
V	0.1188	0	0.0001	0
G	0.1263	0	0.0001	0
V	0.0041	0	0.0000	0
G	0.1893	0	0.0000	0
V	0.0217	0	0.0000	0
T	0.8846	1	0.0000	0
P	0.7384	1	0.0002	0
G	0.6902	1	0.0004	0
A	0.2806	0	0.0001	0
V	0.0151	0	0.0000	0
Y	0.9281	1	0.0002	0
Q	0.7184	1	0.0001	0
W	0.0790	0	0.0000	0
L	0.0211	0	0.0000	0
Q	0.0653	0	0.0000	0
A	0.0178	0	0.0000	0
G	0.0076	0	0.0000	0
E	0.0585	0	0.0000	0
I	0.0315	0	0.0000	0
P	0.2779	0	0.0000	0
P	0.4111	1	0.0000	0
L	0.2303	0	0.0000	0
R	0.2878	0	0.0000	0
Q	0.0172	0	0.0000	0
S	0.0038	0	0.0000	0
D	0.0271	0	0.0000	0
I	0.0019	0	0.0000	0
E	0.0191	0	0.0000	0
V	0.0020	0	0.0000	0
R	0.0696	0	0.0000	0
T	0.0031	0	0.0000	0
A	0.0082	0	0.0000	0
Y	0.2765	0	0.0000	0
K	0.0786	0	0.0000	0
L	0.0112	0	0.0000	0
K	0.2636	0	0.0000	0
S	0.0326	0	0.0000	0
D	0.0136	0	0.0000	0
F	0.1009	0	0.0000	0
T	0.0252	0	0.0000	0
S	0.0045	0	0.0000	0
Q	0.0608	0	0.0000	0
R	0.2579	0	0.0000	0
M	0.3731	1	0.0000	0
G	0.1380	0	0.0000	0
K	0.3916	1	0.0000	0
E	0.1852	0	0.0000	0
G	0.0752	0	0.0000	0
H	0.1968	0	0.0000	0
N	0.1767	0	0.0000	0
S	0.1808	0	0.0000	0
G	0.1260	0	0.0000	0
T	0.3749	1	0.0001	0
K	0.5967	1	0.0002	0
</pre></body></html>