<html><head></head><body><pre style="word-wrap: break-word; white-space: pre-wrap;">&gt;E6PBU2
Amino Acid	probability_DNA	binary_DNA	probability_RNA	binary_RNA
M	0.0001	0	0.1606	1
T	0.0002	0	0.2809	1
I	0.0000	0	0.0051	0
V	0.0000	0	0.0384	0
I	0.0000	0	0.0015	0
R	0.0002	0	0.2157	1
T	0.0000	0	0.0131	0
K	0.0003	0	0.2291	1
K	0.0009	0	0.4377	1
I	0.0000	0	0.0132	0
L	0.0000	0	0.0526	0
V	0.0000	0	0.0674	0
N	0.0003	0	0.3634	1
P	0.0001	0	0.1624	1
L	0.0000	0	0.0848	0
L	0.0000	0	0.0089	0
S	0.0000	0	0.0078	0
R	0.0046	0	0.6575	1
R	0.0001	0	0.0404	0
Q	0.0001	0	0.0428	0
L	0.0000	0	0.0021	0
S	0.0000	0	0.0173	0
L	0.0000	0	0.0006	0
D	0.0000	0	0.0041	0
V	0.0000	0	0.0007	0
L	0.0000	0	0.0020	0
H	0.0001	0	0.1330	0
P	0.0000	0	0.0067	0
D	0.0000	0	0.0104	0
S	0.0001	0	0.2341	1
P	0.0002	0	0.2747	1
T	0.0024	0	0.8993	1
A	0.0002	0	0.1369	0
S	0.0023	0	0.4850	1
K	0.0018	0	0.4456	1
E	0.0001	0	0.0537	0
K	0.0000	0	0.0011	0
I	0.0000	0	0.0005	0
R	0.0001	0	0.1009	0
E	0.0000	0	0.0026	0
E	0.0000	0	0.0095	0
L	0.0000	0	0.0006	0
A	0.0000	0	0.0020	0
K	0.0000	0	0.0193	0
Q	0.0000	0	0.0011	0
L	0.0000	0	0.0020	0
K	0.0000	0	0.0036	0
V	0.0000	0	0.0014	0
D	0.0000	0	0.0072	0
A	0.0000	0	0.0026	0
R	0.0000	0	0.0085	0
N	0.0000	0	0.0035	0
V	0.0000	0	0.0031	0
V	0.0000	0	0.0285	0
V	0.0000	0	0.0026	0
Y	0.0000	0	0.0527	0
G	0.0000	0	0.1265	0
F	0.0000	0	0.0154	0
S	0.0005	0	0.4609	1
T	0.0001	0	0.2703	1
Q	0.0000	0	0.1183	0
Y	0.0001	0	0.4054	1
G	0.0000	0	0.1100	0
G	0.0001	0	0.5013	1
G	0.0001	0	0.5164	1
K	0.0001	0	0.5779	1
S	0.0001	0	0.3722	1
T	0.0002	0	0.7882	1
G	0.0000	0	0.1791	1
F	0.0001	0	0.4285	1
A	0.0000	0	0.0231	0
L	0.0000	0	0.1763	1
V	0.0000	0	0.0034	0
Y	0.0000	0	0.1019	0
D	0.0000	0	0.0384	0
N	0.0000	0	0.0044	0
Q	0.0000	0	0.0048	0
Q	0.0000	0	0.0078	0
Y	0.0000	0	0.0115	0
L	0.0000	0	0.0020	0
L	0.0000	0	0.0626	0
K	0.0000	0	0.0655	0
Y	0.0000	0	0.0674	0
E	0.0001	0	0.3612	1
P	0.0000	0	0.4214	1
N	0.0001	0	0.3651	1
Y	0.0001	0	0.4093	1
R	0.0001	0	0.1845	1
L	0.0000	0	0.0052	0
R	0.0000	0	0.0013	0
K	0.0000	0	0.3389	1
V	0.0000	0	0.0799	0
K	0.0000	0	0.0342	0
I	0.0000	0	0.0159	0
L	0.0000	0	0.0033	0
G	0.0000	0	0.0184	0
E	0.0000	0	0.0212	0
K	0.0000	0	0.0556	0
P	0.0001	0	0.3346	1
N	0.0002	0	0.4783	1
T	0.0001	0	0.5492	1
R	0.0004	0	0.8804	1
R	0.0001	0	0.7612	1
S	0.0001	0	0.3925	1
F	0.0001	0	0.8489	1
K	0.0000	0	0.7688	1
E	0.0000	0	0.1150	0
L	0.0000	0	0.8737	1
K	0.0000	0	0.6306	1
R	0.0000	0	0.8495	1
K	0.0001	0	0.9443	1
I	0.0000	0	0.0968	0
K	0.0001	0	0.8849	1
R	0.0002	0	0.8484	1
T	0.0001	0	0.4526	1
S	0.0002	0	0.9063	1
G	0.0001	0	0.5120	1
K	0.0001	0	0.8663	1
A	0.0001	0	0.5609	1
I	0.0002	0	0.8928	1
T	0.0000	0	0.2055	1
K	0.0001	0	0.4542	1
L	0.0001	0	0.4523	1
L	0.0001	0	0.4662	1
S	0.0000	0	0.1458	0
E	0.0000	0	0.1023	0
K	0.0001	0	0.1726	1
K	0.0004	0	0.6224	1
G	0.0008	0	0.4349	1
D	0.0004	0	0.1783	1
T	0.0008	0	0.3257	1
W	0.0001	0	0.0781	0
A	0.0000	0	0.0222	0
S	0.0000	0	0.0328	0
V	0.0000	0	0.0092	0
Q	0.0001	0	0.0623	0
S	0.0000	0	0.0072	0
K	0.0001	0	0.0371	0
K	0.0003	0	0.1172	0
S	0.0007	0	0.3581	1
D	0.0002	0	0.1686	1
H	0.0002	0	0.2614	1
L	0.0000	0	0.0015	0
K	0.0001	0	0.0608	0
N	0.0002	0	0.1430	0
F	0.0000	0	0.0055	0
V	0.0000	0	0.0527	0
A	0.0000	0	0.0241	0
K	0.0003	0	0.2796	1
</pre></body></html>