<html><head></head><body><pre style="word-wrap: break-word; white-space: pre-wrap;">&gt;E7ESL0
Amino Acid	probability_DNA	binary_DNA	probability_RNA	binary_RNA
M	0.0000	0	0.1928	1
A	0.0000	0	0.0148	0
A	0.0000	0	0.0024	0
A	0.0000	0	0.0008	0
V	0.0000	0	0.0004	0
L	0.0000	0	0.0008	0
G	0.0000	0	0.0172	0
Q	0.0000	0	0.0288	0
L	0.0000	0	0.0036	0
G	0.0000	0	0.0187	0
A	0.0000	0	0.0099	0
L	0.0000	0	0.0019	0
W	0.0000	0	0.0410	0
I	0.0000	0	0.0037	0
H	0.0000	0	0.0961	0
N	0.0000	0	0.2747	1
L	0.0000	0	0.0058	0
R	0.0000	0	0.3258	1
S	0.0000	0	0.1438	0
R	0.0000	0	0.6493	1
G	0.0000	0	0.0554	0
K	0.0000	0	0.0217	0
L	0.0000	0	0.0042	0
A	0.0000	0	0.0281	0
L	0.0000	0	0.0275	0
G	0.0000	0	0.0129	0
L	0.0000	0	0.0054	0
L	0.0000	0	0.0031	0
S	0.0000	0	0.0143	0
F	0.0000	0	0.0029	0
H	0.0000	0	0.0094	0
S	0.0000	0	0.0046	0
V	0.0000	0	0.0010	0
L	0.0000	0	0.0013	0
P	0.0000	0	0.0025	0
Q	0.0000	0	0.0020	0
S	0.0000	0	0.0025	0
Y	0.0000	0	0.0024	0
I	0.0000	0	0.0013	0
H	0.0000	0	0.0364	0
T	0.0000	0	0.0380	0
S	0.0000	0	0.0202	0
A	0.0000	0	0.1220	0
S	0.0000	0	0.1620	1
L	0.0000	0	0.0053	0
D	0.0000	0	0.0044	0
I	0.0000	0	0.0196	0
S	0.0000	0	0.0384	0
R	0.0000	0	0.0376	0
K	0.0000	0	0.0635	0
W	0.0000	0	0.0324	0
E	0.0000	0	0.0174	0
K	0.0000	0	0.0401	0
K	0.0000	0	0.0550	0
N	0.0000	0	0.0399	0
K	0.0000	0	0.0565	0
I	0.0000	0	0.0514	0
V	0.0000	0	0.0147	0
Y	0.0000	0	0.0686	0
P	0.0000	0	0.0110	0
P	0.0000	0	0.0099	0
Q	0.0000	0	0.0194	0
L	0.0000	0	0.0203	0
P	0.0000	0	0.0119	0
G	0.0000	0	0.0122	0
E	0.0000	0	0.0223	0
P	0.0000	0	0.0425	0
R	0.0000	0	0.2397	1
R	0.0002	0	0.4372	1
P	0.0001	0	0.1800	1
A	0.0006	0	0.4566	1
E	0.0009	0	0.4519	1
I	0.0001	0	0.0607	0
Y	0.0004	0	0.5279	1
H	0.0001	0	0.1360	0
C	0.0000	0	0.0232	0
R	0.0000	0	0.0115	0
R	0.0002	0	0.5783	1
Q	0.0000	0	0.0364	0
I	0.0000	0	0.0061	0
K	0.0001	0	0.7248	1
Y	0.0003	0	0.3985	1
S	0.0015	0	0.5221	1
K	0.0008	0	0.3367	1
D	0.0045	0	0.7266	1
K	0.0064	0	0.7495	1
M	0.0000	0	0.0196	0
W	0.0005	0	0.6440	1
Y	0.0000	0	0.0213	0
L	0.0000	0	0.0012	0
A	0.0000	0	0.0009	0
K	0.0000	0	0.2273	1
L	0.0000	0	0.0166	0
I	0.0000	0	0.0102	0
R	0.0000	0	0.5922	1
G	0.0000	0	0.2184	1
M	0.0000	0	0.2626	1
S	0.0000	0	0.0914	0
I	0.0000	0	0.0315	0
D	0.0000	0	0.0624	0
Q	0.0000	0	0.1046	0
A	0.0000	0	0.0255	0
L	0.0000	0	0.0091	0
A	0.0000	0	0.0067	0
Q	0.0000	0	0.0233	0
L	0.0000	0	0.0042	0
E	0.0000	0	0.0097	0
F	0.0000	0	0.0089	0
N	0.0000	0	0.0808	0
D	0.0001	0	0.2125	1
K	0.0007	0	0.5384	1
K	0.0008	0	0.5018	1
G	0.0000	0	0.0298	0
A	0.0000	0	0.0106	0
K	0.0001	0	0.2041	1
I	0.0000	0	0.0047	0
I	0.0000	0	0.0017	0
K	0.0000	0	0.0042	0
E	0.0000	0	0.0068	0
V	0.0000	0	0.0004	0
L	0.0000	0	0.0004	0
L	0.0000	0	0.0029	0
E	0.0000	0	0.0168	0
A	0.0000	0	0.0014	0
Q	0.0000	0	0.0021	0
D	0.0000	0	0.0027	0
M	0.0000	0	0.3626	1
A	0.0000	0	0.0043	0
V	0.0000	0	0.0292	0
R	0.0000	0	0.2128	1
D	0.0000	0	0.1282	0
H	0.0000	0	0.0068	0
N	0.0000	0	0.0034	0
V	0.0000	0	0.0009	0
E	0.0000	0	0.0009	0
F	0.0000	0	0.0010	0
R	0.0000	0	0.0018	0
S	0.0000	0	0.0013	0
N	0.0000	0	0.0029	0
L	0.0000	0	0.0006	0
Y	0.0000	0	0.0125	0
I	0.0000	0	0.0036	0
A	0.0000	0	0.0082	0
E	0.0000	0	0.0793	0
S	0.0000	0	0.0151	0
T	0.0000	0	0.2600	1
S	0.0000	0	0.0877	0
G	0.0000	0	0.5863	1
R	0.0000	0	0.8607	1
G	0.0000	0	0.2108	1
Q	0.0000	0	0.2210	1
C	0.0000	0	0.0604	0
L	0.0000	0	0.0247	0
K	0.0000	0	0.1703	1
R	0.0000	0	0.2851	1
I	0.0000	0	0.0361	0
R	0.0000	0	0.2279	1
Y	0.0000	0	0.7849	1
H	0.0000	0	0.9385	1
G	0.0000	0	0.4948	1
R	0.0000	0	0.8611	1
G	0.0000	0	0.7120	1
R	0.0000	0	0.9470	1
F	0.0000	0	0.1716	1
G	0.0000	0	0.5377	1
I	0.0000	0	0.6282	1
M	0.0000	0	0.4052	1
E	0.0000	0	0.5103	1
K	0.0000	0	0.7141	1
V	0.0003	0	0.7501	1
Y	0.0003	0	0.5217	1
C	0.0000	0	0.1198	0
H	0.0003	0	0.9091	1
Y	0.0000	0	0.0054	0
F	0.0000	0	0.0213	0
V	0.0000	0	0.0004	0
K	0.0000	0	0.0006	0
L	0.0000	0	0.0003	0
V	0.0000	0	0.0024	0
E	0.0000	0	0.0045	0
G	0.0000	0	0.0189	0
P	0.0000	0	0.0059	0
P	0.0000	0	0.0037	0
P	0.0000	0	0.0061	0
P	0.0000	0	0.0074	0
P	0.0000	0	0.0131	0
E	0.0000	0	0.0141	0
P	0.0000	0	0.0069	0
P	0.0000	0	0.0116	0
K	0.0000	0	0.0589	0
T	0.0000	0	0.0892	0
A	0.0000	0	0.0227	0
V	0.0000	0	0.0317	0
A	0.0000	0	0.0014	0
H	0.0000	0	0.0064	0
A	0.0000	0	0.0021	0
K	0.0000	0	0.0073	0
E	0.0000	0	0.0049	0
Y	0.0000	0	0.0037	0
I	0.0000	0	0.0033	0
Q	0.0000	0	0.0069	0
Q	0.0000	0	0.0081	0
L	0.0000	0	0.0033	0
R	0.0000	0	0.0891	0
S	0.0000	0	0.0465	0
R	0.0000	0	0.2251	1
T	0.0000	0	0.0412	0
I	0.0000	0	0.0009	0
V	0.0000	0	0.0125	0
H	0.0000	0	0.1071	0
T	0.0000	0	0.0565	0
L	0.0000	0	0.0238	0
</pre></body></html>