<html><head></head><body><pre style="word-wrap: break-word; white-space: pre-wrap;">&gt;P0DJ23
Amino Acid	probability_DNA	binary_DNA	probability_RNA	binary_RNA
M	0.0002	0	0.7186	1
A	0.0001	0	0.4389	1
Q	0.0000	0	0.3707	1
R	0.0002	0	0.6750	1
I	0.0002	0	0.3396	1
T	0.0003	0	0.7490	1
Y	0.0001	0	0.1607	1
R	0.0001	0	0.6144	1
R	0.0001	0	0.4664	1
R	0.0000	0	0.6966	1
C	0.0000	0	0.7251	1
S	0.0000	0	0.3016	1
Y	0.0000	0	0.3350	1
N	0.0000	0	0.6430	1
T	0.0000	0	0.8099	1
R	0.0000	0	0.9100	1
S	0.0000	0	0.8942	1
N	0.0000	0	0.6035	1
K	0.0000	0	0.4899	1
V	0.0000	0	0.7795	1
R	0.0000	0	0.9147	1
K	0.0000	0	0.3996	1
V	0.0000	0	0.2215	1
K	0.0000	0	0.8204	1
T	0.0000	0	0.4676	1
P	0.0000	0	0.6344	1
G	0.0000	0	0.4998	1
G	0.0000	0	0.1554	1
R	0.0000	0	0.3950	1
L	0.0000	0	0.0121	0
V	0.0000	0	0.1155	0
A	0.0000	0	0.0992	0
Q	0.0000	0	0.0269	0
Y	0.0000	0	0.0392	0
V	0.0000	0	0.0040	0
K	0.0000	0	0.2053	1
K	0.0000	0	0.3079	1
V	0.0000	0	0.1586	1
V	0.0000	0	0.0672	0
N	0.0000	0	0.2232	1
Y	0.0000	0	0.0191	0
T	0.0000	0	0.0284	0
K	0.0000	0	0.0919	0
C	0.0000	0	0.0013	0
S	0.0000	0	0.0020	0
E	0.0000	0	0.0014	0
A	0.0000	0	0.0007	0
G	0.0000	0	0.0009	0
C	0.0000	0	0.0007	0
N	0.0000	0	0.0063	0
V	0.0000	0	0.0320	0
A	0.0000	0	0.1084	0
L	0.0000	0	0.0049	0
N	0.0000	0	0.0274	0
G	0.0000	0	0.0116	0
I	0.0000	0	0.0033	0
A	0.0000	0	0.0380	0
Q	0.0000	0	0.0545	0
V	0.0000	0	0.0049	0
R	0.0000	0	0.4038	1
P	0.0000	0	0.0796	0
A	0.0000	0	0.1442	0
E	0.0000	0	0.0086	0
Y	0.0000	0	0.0020	0
A	0.0000	0	0.1467	0
T	0.0000	0	0.2868	1
I	0.0000	0	0.0024	0
A	0.0000	0	0.3062	1
R	0.0000	0	0.6678	1
S	0.0001	0	0.4877	1
A	0.0000	0	0.1087	0
K	0.0001	0	0.8073	1
T	0.0000	0	0.7577	1
V	0.0000	0	0.1771	1
S	0.0000	0	0.2326	1
R	0.0000	0	0.6073	1
V	0.0000	0	0.1843	1
Y	0.0000	0	0.8112	1
G	0.0000	0	0.6515	1
G	0.0000	0	0.5151	1
E	0.0000	0	0.7603	1
L	0.0000	0	0.3079	1
C	0.0000	0	0.0726	0
H	0.0000	0	0.0951	0
T	0.0000	0	0.1767	1
C	0.0000	0	0.0009	0
V	0.0000	0	0.0039	0
R	0.0000	0	0.0397	0
S	0.0000	0	0.0069	0
R	0.0000	0	0.0223	0
I	0.0000	0	0.0003	0
I	0.0000	0	0.0002	0
R	0.0000	0	0.0060	0
A	0.0000	0	0.0002	0
F	0.0000	0	0.0001	0
L	0.0000	0	0.0001	0
T	0.0000	0	0.0002	0
E	0.0000	0	0.0004	0
E	0.0000	0	0.0006	0
V	0.0000	0	0.0015	0
K	0.0000	0	0.0078	0
I	0.0000	0	0.0004	0
V	0.0000	0	0.0005	0
K	0.0000	0	0.0046	0
R	0.0000	0	0.0023	0
K	0.0000	0	0.0005	0
M	0.0000	0	0.0006	0
I	0.0000	0	0.0126	0
S	0.0000	0	0.0021	0
K	0.0000	0	0.0154	0
P	0.0000	0	0.0071	0
K	0.0000	0	0.0143	0
T	0.0000	0	0.0263	0
D	0.0000	0	0.0063	0
K	0.0000	0	0.1155	0
K	0.0000	0	0.0990	0
K	0.0000	0	0.0515	0
K	0.0000	0	0.1718	1
R	0.0000	0	0.4628	1
S	0.0000	0	0.3532	1
Q	0.0000	0	0.1224	0
K	0.0000	0	0.1219	0
K	0.0000	0	0.2062	1
</pre></body></html>