<html><head></head><body><pre style="word-wrap: break-word; white-space: pre-wrap;">&gt;P24613
Amino Acid	probability_DNA	binary_DNA	probability_RNA	binary_RNA
M	0.0000	0	0.2079	1
A	0.0000	0	0.0544	0
S	0.0000	0	0.0270	0
A	0.0000	0	0.0051	0
T	0.0000	0	0.0070	0
L	0.0000	0	0.0004	0
A	0.0000	0	0.0006	0
F	0.0000	0	0.0005	0
S	0.0000	0	0.0009	0
C	0.0000	0	0.0007	0
S	0.0000	0	0.0044	0
S	0.0000	0	0.0025	0
L	0.0000	0	0.0004	0
C	0.0000	0	0.0003	0
A	0.0000	0	0.0003	0
T	0.0000	0	0.0005	0
L	0.0000	0	0.0004	0
K	0.0000	0	0.0009	0
L	0.0000	0	0.0007	0
P	0.0000	0	0.0008	0
Q	0.0000	0	0.0011	0
N	0.0000	0	0.0012	0
L	0.0000	0	0.0011	0
N	0.0000	0	0.0036	0
P	0.0000	0	0.0018	0
L	0.0000	0	0.0007	0
L	0.0000	0	0.0009	0
L	0.0000	0	0.0008	0
N	0.0000	0	0.0081	0
V	0.0000	0	0.0029	0
P	0.0000	0	0.0040	0
P	0.0000	0	0.0022	0
L	0.0000	0	0.0041	0
S	0.0000	0	0.0081	0
K	0.0000	0	0.0068	0
P	0.0000	0	0.0027	0
F	0.0000	0	0.0034	0
S	0.0000	0	0.0144	0
G	0.0000	0	0.0129	0
V	0.0000	0	0.0093	0
V	0.0000	0	0.0056	0
S	0.0000	0	0.0507	0
P	0.0000	0	0.0065	0
P	0.0000	0	0.0068	0
S	0.0000	0	0.0036	0
L	0.0000	0	0.0032	0
S	0.0000	0	0.0140	0
R	0.0000	0	0.0110	0
L	0.0000	0	0.0040	0
S	0.0000	0	0.0264	0
L	0.0000	0	0.0043	0
L	0.0000	0	0.0030	0
P	0.0000	0	0.0027	0
V	0.0000	0	0.0020	0
A	0.0000	0	0.0022	0
A	0.0000	0	0.0035	0
K	0.0000	0	0.0088	0
R	0.0000	0	0.0203	0
R	0.0000	0	0.0271	0
R	0.0000	0	0.0185	0
F	0.0000	0	0.0051	0
Q	0.0000	0	0.0036	0
E	0.0000	0	0.0018	0
I	0.0000	0	0.0014	0
P	0.0000	0	0.0006	0
E	0.0000	0	0.0008	0
E	0.0000	0	0.0004	0
L	0.0000	0	0.0003	0
K	0.0000	0	0.0004	0
A	0.0000	0	0.0003	0
E	0.0000	0	0.0003	0
F	0.0000	0	0.0003	0
E	0.0000	0	0.0004	0
E	0.0000	0	0.0008	0
F	0.0000	0	0.0009	0
Q	0.0000	0	0.0011	0
R	0.0000	0	0.0020	0
P	0.0000	0	0.0031	0
P	0.0000	0	0.0018	0
N	0.0000	0	0.0028	0
Q	0.0000	0	0.0023	0
K	0.0000	0	0.0022	0
P	0.0000	0	0.0008	0
Q	0.0000	0	0.0007	0
L	0.0000	0	0.0005	0
S	0.0000	0	0.0004	0
D	0.0000	0	0.0003	0
V	0.0000	0	0.0003	0
L	0.0000	0	0.0005	0
P	0.0000	0	0.0004	0
D	0.0000	0	0.0004	0
D	0.0000	0	0.0004	0
F	0.0000	0	0.0002	0
Q	0.0000	0	0.0003	0
A	0.0000	0	0.0002	0
P	0.0000	0	0.0003	0
E	0.0000	0	0.0003	0
P	0.0000	0	0.0003	0
G	0.0000	0	0.0004	0
T	0.0000	0	0.0009	0
P	0.0000	0	0.0023	0
E	0.0000	0	0.0007	0
Y	0.0000	0	0.0005	0
N	0.0000	0	0.0004	0
D	0.0000	0	0.0006	0
I	0.0000	0	0.0009	0
I	0.0000	0	0.0009	0
N	0.0000	0	0.0033	0
Q	0.0000	0	0.0044	0
F	0.0000	0	0.0047	0
L	0.0000	0	0.0034	0
P	0.0000	0	0.0023	0
K	0.0000	0	0.0028	0
K	0.0000	0	0.0037	0
G	0.0000	0	0.0023	0
P	0.0000	0	0.0030	0
P	0.0000	0	0.0063	0
P	0.0000	0	0.0071	0
P	0.0000	0	0.0316	0
R	0.0000	0	0.0572	0
E	0.0000	0	0.1012	0
E	0.0000	0	0.0546	0
I	0.0000	0	0.1271	0
F	0.0001	0	0.2404	1
A	0.0000	0	0.0045	0
V	0.0000	0	0.0028	0
V	0.0000	0	0.0009	0
V	0.0000	0	0.0106	0
I	0.0000	0	0.0023	0
G	0.0000	0	0.0099	0
S	0.0000	0	0.0484	0
R	0.0001	0	0.7193	1
Q	0.0001	0	0.2510	1
Y	0.0000	0	0.0333	0
I	0.0000	0	0.0479	0
V	0.0000	0	0.0121	0
I	0.0000	0	0.0134	0
P	0.0000	0	0.0100	0
G	0.0000	0	0.0049	0
R	0.0000	0	0.0105	0
W	0.0000	0	0.0040	0
I	0.0000	0	0.0024	0
Y	0.0000	0	0.0012	0
T	0.0000	0	0.0011	0
Q	0.0000	0	0.0126	0
R	0.0000	0	0.0776	0
L	0.0000	0	0.0063	0
K	0.0000	0	0.0051	0
G	0.0000	0	0.0092	0
A	0.0000	0	0.0075	0
T	0.0000	0	0.0082	0
V	0.0000	0	0.0084	0
N	0.0000	0	0.0065	0
D	0.0000	0	0.0036	0
K	0.0000	0	0.0254	0
I	0.0000	0	0.0010	0
V	0.0000	0	0.0019	0
L	0.0000	0	0.0004	0
N	0.0000	0	0.0008	0
K	0.0000	0	0.0007	0
V	0.0000	0	0.0004	0
L	0.0000	0	0.0005	0
L	0.0000	0	0.0008	0
V	0.0000	0	0.0024	0
G	0.0000	0	0.0285	0
T	0.0000	0	0.0347	0
K	0.0000	0	0.0747	0
A	0.0000	0	0.0923	0
S	0.0000	0	0.2076	1
T	0.0001	0	0.2420	1
Y	0.0001	0	0.4566	1
I	0.0000	0	0.2885	1
G	0.0001	0	0.6705	1
T	0.0001	0	0.7461	1
P	0.0001	0	0.5368	1
I	0.0001	0	0.6019	1
V	0.0000	0	0.0894	0
T	0.0000	0	0.2354	1
N	0.0000	0	0.0857	0
A	0.0000	0	0.0037	0
A	0.0000	0	0.1401	0
V	0.0000	0	0.0048	0
H	0.0000	0	0.0381	0
A	0.0000	0	0.0007	0
V	0.0000	0	0.0067	0
V	0.0000	0	0.0009	0
E	0.0000	0	0.0035	0
E	0.0000	0	0.0179	0
Q	0.0000	0	0.1974	1
L	0.0000	0	0.0577	0
L	0.0001	0	0.5813	1
D	0.0000	0	0.0883	0
D	0.0000	0	0.1026	0
K	0.0002	0	0.5949	1
V	0.0001	0	0.2497	1
I	0.0000	0	0.0777	0
V	0.0000	0	0.0174	0
F	0.0000	0	0.0344	0
K	0.0005	0	0.4816	1
Y	0.0000	0	0.2149	1
K	0.0001	0	0.3356	1
K	0.0000	0	0.1677	1
K	0.0000	0	0.5360	1
K	0.0000	0	0.5485	1
N	0.0000	0	0.4683	1
Y	0.0000	0	0.1485	0
R	0.0000	0	0.2879	1
R	0.0000	0	0.5270	1
N	0.0000	0	0.5892	1
I	0.0000	0	0.4767	1
G	0.0000	0	0.1735	1
H	0.0000	0	0.3719	1
R	0.0001	0	0.8355	1
Q	0.0005	0	0.7340	1
P	0.0003	0	0.5653	1
I	0.0000	0	0.0541	0
T	0.0000	0	0.0165	0
R	0.0000	0	0.0148	0
I	0.0000	0	0.0001	0
K	0.0000	0	0.0066	0
I	0.0000	0	0.0004	0
T	0.0000	0	0.0015	0
G	0.0000	0	0.0033	0
I	0.0000	0	0.0012	0
T	0.0000	0	0.0153	0
G	0.0000	0	0.0482	0
Y	0.0000	0	0.0215	0
E	0.0000	0	0.0072	0
D	0.0000	0	0.0029	0
Y	0.0000	0	0.0048	0
P	0.0000	0	0.0027	0
A	0.0000	0	0.0026	0
S	0.0000	0	0.0022	0
T	0.0000	0	0.0017	0
L	0.0000	0	0.0006	0
E	0.0000	0	0.0004	0
A	0.0000	0	0.0002	0
E	0.0000	0	0.0001	0
V	0.0000	0	0.0001	0
E	0.0000	0	0.0001	0
A	0.0000	0	0.0001	0
K	0.0000	0	0.0001	0
E	0.0000	0	0.0001	0
E	0.0000	0	0.0001	0
A	0.0000	0	0.0001	0
E	0.0000	0	0.0001	0
A	0.0000	0	0.0001	0
E	0.0000	0	0.0001	0
A	0.0000	0	0.0001	0
E	0.0000	0	0.0001	0
A	0.0000	0	0.0001	0
E	0.0000	0	0.0002	0
A	0.0000	0	0.0002	0
V	0.0000	0	0.0004	0
P	0.0000	0	0.0014	0
V	0.0000	0	0.0056	0
</pre></body></html>