<html><head></head><body><pre style="word-wrap: break-word; white-space: pre-wrap;">&gt;Q97WV8
Amino Acid	probability_DNA	binary_DNA	probability_RNA	binary_RNA
M	0.0302	0	0.0000	0
P	0.0428	0	0.0000	0
L	0.0050	0	0.0000	0
I	0.0005	0	0.0000	0
F	0.0005	0	0.0000	0
K	0.0012	0	0.0000	0
I	0.0001	0	0.0000	0
G	0.0003	0	0.0000	0
Y	0.0002	0	0.0000	0
N	0.0013	0	0.0000	0
V	0.0002	0	0.0000	0
I	0.0009	0	0.0000	0
P	0.0004	0	0.0000	0
L	0.0006	0	0.0000	0
Q	0.0011	0	0.0000	0
D	0.0017	0	0.0001	0
V	0.0003	0	0.0000	0
I	0.0003	0	0.0000	0
L	0.0002	0	0.0000	0
P	0.0060	0	0.0000	0
T	0.0070	0	0.0000	0
P	0.0445	0	0.0000	0
S	0.2488	0	0.0007	0
S	0.1305	0	0.0002	0
K	0.4248	1	0.0005	0
V	0.0024	0	0.0000	0
L	0.0019	0	0.0000	0
K	0.1782	0	0.0002	0
Y	0.0030	0	0.0000	0
L	0.0002	0	0.0000	0
I	0.0003	0	0.0000	0
Q	0.0017	0	0.0000	0
S	0.0014	0	0.0000	0
G	0.0008	0	0.0000	0
K	0.0036	0	0.0000	0
L	0.0004	0	0.0000	0
I	0.0008	0	0.0000	0
P	0.0007	0	0.0000	0
S	0.0009	0	0.0000	0
L	0.0005	0	0.0000	0
K	0.0017	0	0.0000	0
D	0.0005	0	0.0000	0
L	0.0002	0	0.0000	0
I	0.0006	0	0.0000	0
T	0.0010	0	0.0000	0
S	0.0003	0	0.0000	0
R	0.0005	0	0.0000	0
D	0.0007	0	0.0000	0
K	0.0013	0	0.0000	0
Y	0.0011	0	0.0000	0
K	0.0346	0	0.0000	0
P	0.0135	0	0.0000	0
I	0.0009	0	0.0000	0
F	0.0143	0	0.0000	0
I	0.0011	0	0.0000	0
S	0.0009	0	0.0000	0
H	0.0004	0	0.0000	0
L	0.0001	0	0.0000	0
G	0.0005	0	0.0000	0
F	0.0020	0	0.0000	0
N	0.0007	0	0.0000	0
Q	0.0006	0	0.0000	0
R	0.0006	0	0.0000	0
R	0.0004	0	0.0000	0
I	0.0002	0	0.0000	0
F	0.0010	0	0.0000	0
Q	0.0006	0	0.0000	0
T	0.0026	0	0.0000	0
N	0.0013	0	0.0000	0
G	0.0004	0	0.0000	0
N	0.0014	0	0.0000	0
L	0.0009	0	0.0000	0
K	0.0022	0	0.0000	0
T	0.0008	0	0.0000	0
I	0.0004	0	0.0000	0
T	0.0015	0	0.0000	0
K	0.0020	0	0.0000	0
G	0.0014	0	0.0000	0
S	0.0014	0	0.0000	0
R	0.0019	0	0.0000	0
L	0.0015	0	0.0000	0
S	0.0022	0	0.0000	0
S	0.0008	0	0.0000	0
I	0.0004	0	0.0000	0
I	0.0002	0	0.0000	0
A	0.0002	0	0.0000	0
F	0.0001	0	0.0000	0
S	0.0001	0	0.0000	0
T	0.0001	0	0.0000	0
Q	0.0001	0	0.0000	0
A	0.0001	0	0.0000	0
N	0.0001	0	0.0000	0
V	0.0001	0	0.0000	0
L	0.0001	0	0.0000	0
S	0.0001	0	0.0000	0
E	0.0002	0	0.0000	0
V	0.0001	0	0.0000	0
A	0.0001	0	0.0000	0
D	0.0001	0	0.0000	0
E	0.0002	0	0.0000	0
G	0.0002	0	0.0000	0
I	0.0004	0	0.0000	0
F	0.0009	0	0.0000	0
E	0.0114	0	0.0000	0
T	0.0012	0	0.0000	0
V	0.0007	0	0.0000	0
Y	0.0012	0	0.0000	0
G	0.0004	0	0.0000	0
K	0.0062	0	0.0000	0
F	0.0004	0	0.0000	0
H	0.0033	0	0.0000	0
I	0.0002	0	0.0000	0
M	0.0002	0	0.0000	0
I	0.0001	0	0.0000	0
E	0.0003	0	0.0000	0
S	0.0008	0	0.0000	0
I	0.0002	0	0.0000	0
E	0.0004	0	0.0000	0
I	0.0004	0	0.0000	0
V	0.0009	0	0.0000	0
E	0.0014	0	0.0000	0
V	0.0005	0	0.0000	0
E	0.0007	0	0.0000	0
K	0.0010	0	0.0000	0
L	0.0005	0	0.0000	0
K	0.0009	0	0.0000	0
E	0.0002	0	0.0000	0
E	0.0002	0	0.0000	0
V	0.0001	0	0.0000	0
E	0.0002	0	0.0000	0
K	0.0002	0	0.0000	0
H	0.0002	0	0.0000	0
M	0.0003	0	0.0000	0
N	0.0007	0	0.0000	0
D	0.0038	0	0.0000	0
N	0.0022	0	0.0000	0
I	0.0008	0	0.0000	0
R	0.0691	0	0.0000	0
V	0.0004	0	0.0000	0
R	0.0197	0	0.0000	0
F	0.0011	0	0.0000	0
V	0.0130	0	0.0000	0
S	0.0039	0	0.0000	0
P	0.0023	0	0.0000	0
T	0.0080	0	0.0000	0
L	0.0062	0	0.0000	0
L	0.0050	0	0.0000	0
S	0.2428	0	0.0001	0
S	0.1745	0	0.0000	0
K	0.0313	0	0.0000	0
V	0.0200	0	0.0000	0
L	0.0449	0	0.0000	0
L	0.0035	0	0.0000	0
P	0.0065	0	0.0000	0
P	0.0075	0	0.0000	0
S	0.0943	0	0.0000	0
L	0.0312	0	0.0000	0
S	0.2605	0	0.0004	0
E	0.0774	0	0.0000	0
R	0.3820	1	0.0007	0
Y	0.1932	0	0.0002	0
K	0.4329	1	0.0007	0
K	0.3787	1	0.0003	0
I	0.3649	1	0.0002	0
H	0.2415	0	0.0001	0
A	0.0311	0	0.0000	0
G	0.0080	0	0.0000	0
Y	0.0224	0	0.0000	0
S	0.0007	0	0.0000	0
T	0.0005	0	0.0000	0
L	0.0004	0	0.0000	0
P	0.0005	0	0.0000	0
S	0.0008	0	0.0000	0
V	0.0003	0	0.0000	0
G	0.0003	0	0.0000	0
L	0.0007	0	0.0000	0
I	0.0002	0	0.0000	0
V	0.0002	0	0.0000	0
A	0.0017	0	0.0000	0
Y	0.0109	0	0.0000	0
A	0.0008	0	0.0000	0
Y	0.0035	0	0.0000	0
N	0.2593	0	0.0001	0
V	0.0053	0	0.0000	0
Y	0.0031	0	0.0000	0
C	0.0021	0	0.0000	0
N	0.0090	0	0.0000	0
L	0.0007	0	0.0000	0
I	0.0003	0	0.0000	0
G	0.0011	0	0.0000	0
K	0.0004	0	0.0000	0
K	0.0005	0	0.0000	0
E	0.0002	0	0.0000	0
V	0.0001	0	0.0000	0
E	0.0001	0	0.0000	0
V	0.0002	0	0.0000	0
R	0.0007	0	0.0000	0
A	0.0006	0	0.0000	0
F	0.0009	0	0.0000	0
K	0.0021	0	0.0000	0
F	0.0002	0	0.0000	0
G	0.0002	0	0.0000	0
I	0.0002	0	0.0000	0
L	0.0001	0	0.0000	0
S	0.0003	0	0.0000	0
N	0.0001	0	0.0000	0
A	0.0001	0	0.0000	0
L	0.0001	0	0.0000	0
S	0.0001	0	0.0000	0
R	0.0009	0	0.0000	0
I	0.0001	0	0.0000	0
I	0.0001	0	0.0000	0
G	0.0003	0	0.0000	0
Y	0.0003	0	0.0000	0
D	0.0012	0	0.0000	0
L	0.0002	0	0.0000	0
H	0.0005	0	0.0000	0
P	0.0002	0	0.0000	0
V	0.0001	0	0.0000	0
T	0.0010	0	0.0000	0
V	0.0002	0	0.0000	0
A	0.0002	0	0.0000	0
I	0.0003	0	0.0000	0
G	0.0006	0	0.0000	0
E	0.0022	0	0.0000	0
D	0.0030	0	0.0000	0
S	0.0060	0	0.0000	0
K	0.0091	0	0.0000	0
G	0.0041	0	0.0000	0
N	0.0061	0	0.0000	0
L	0.0012	0	0.0000	0
R	0.0148	0	0.0000	0
K	0.0117	0	0.0000	0
A	0.0023	0	0.0000	0
R	0.0348	0	0.0001	0
G	0.0120	0	0.0000	0
V	0.0037	0	0.0000	0
M	0.0037	0	0.0000	0
G	0.0153	0	0.0001	0
W	0.1356	0	0.0006	0
I	0.0027	0	0.0000	0
E	0.0137	0	0.0000	0
F	0.0099	0	0.0000	0
D	0.0173	0	0.0000	0
I	0.0022	0	0.0000	0
P	0.0015	0	0.0000	0
D	0.0012	0	0.0000	0
E	0.0027	0	0.0000	0
R	0.0039	0	0.0000	0
L	0.0010	0	0.0000	0
K	0.0045	0	0.0000	0
R	0.0016	0	0.0000	0
R	0.0003	0	0.0000	0
A	0.0001	0	0.0000	0
L	0.0006	0	0.0000	0
N	0.0241	0	0.0001	0
Y	0.0002	0	0.0000	0
L	0.0002	0	0.0000	0
L	0.0004	0	0.0000	0
T	0.0011	0	0.0000	0
S	0.0009	0	0.0000	0
S	0.0048	0	0.0000	0
Y	0.0142	0	0.0000	0
L	0.0893	0	0.0000	0
G	0.2244	0	0.0001	0
I	0.2737	0	0.0000	0
G	0.6708	1	0.0000	0
R	0.8560	1	0.0001	0
S	0.7900	1	0.0001	0
R	0.7818	1	0.0001	0
G	0.7808	1	0.0001	0
I	0.4717	1	0.0002	0
G	0.6844	1	0.0001	0
F	0.2710	0	0.0001	0
G	0.0044	0	0.0000	0
E	0.0119	0	0.0000	0
I	0.0021	0	0.0000	0
R	0.1376	0	0.0000	0
L	0.0011	0	0.0000	0
E	0.0063	0	0.0000	0
F	0.0018	0	0.0000	0
R	0.0334	0	0.0000	0
K	0.0474	0	0.0000	0
I	0.1063	0	0.0000	0
E	0.0644	0	0.0000	0
E	0.0452	0	0.0000	0
K	0.1115	0	0.0000	0
E	0.0522	0	0.0000	0
G	0.0751	0	0.0000	0
</pre></body></html>