<html><head></head><body><pre style="word-wrap: break-word; white-space: pre-wrap;">&gt;O34208
Amino Acid	probability_DNA	binary_DNA	probability_RNA	binary_RNA
M	0.5705	1	0.0000	0
H	0.4512	1	0.0000	0
I	0.0257	0	0.0000	0
Q	0.3018	0	0.0000	0
S	0.0474	0	0.0000	0
L	0.0013	0	0.0000	0
G	0.0083	0	0.0000	0
A	0.0010	0	0.0000	0
T	0.0070	0	0.0000	0
A	0.0011	0	0.0000	0
S	0.0016	0	0.0000	0
S	0.0019	0	0.0000	0
L	0.0013	0	0.0000	0
N	0.0041	0	0.0000	0
Q	0.0023	0	0.0000	0
E	0.0037	0	0.0000	0
P	0.0077	0	0.0000	0
V	0.0160	0	0.0000	0
E	0.1775	0	0.0000	0
T	0.2421	0	0.0000	0
P	0.1755	0	0.0000	0
S	0.2674	0	0.0000	0
Q	0.3601	1	0.0000	0
A	0.0089	0	0.0000	0
A	0.0047	0	0.0000	0
H	0.3814	1	0.0000	0
K	0.4168	1	0.0000	0
S	0.0133	0	0.0000	0
A	0.0064	0	0.0000	0
S	0.0092	0	0.0000	0
L	0.0027	0	0.0000	0
R	0.0593	0	0.0000	0
Q	0.0094	0	0.0000	0
E	0.0024	0	0.0000	0
P	0.0010	0	0.0000	0
S	0.0009	0	0.0000	0
G	0.0020	0	0.0000	0
Q	0.0020	0	0.0000	0
G	0.0045	0	0.0000	0
L	0.0004	0	0.0000	0
G	0.0012	0	0.0000	0
V	0.0002	0	0.0000	0
A	0.0002	0	0.0000	0
L	0.0002	0	0.0000	0
K	0.0003	0	0.0000	0
S	0.0002	0	0.0000	0
T	0.0002	0	0.0000	0
P	0.0002	0	0.0000	0
G	0.0002	0	0.0000	0
I	0.0002	0	0.0000	0
L	0.0002	0	0.0000	0
S	0.0002	0	0.0000	0
G	0.0002	0	0.0000	0
K	0.0004	0	0.0000	0
L	0.0005	0	0.0000	0
P	0.0013	0	0.0000	0
E	0.0007	0	0.0000	0
S	0.0017	0	0.0000	0
V	0.0008	0	0.0000	0
S	0.0020	0	0.0000	0
D	0.0013	0	0.0000	0
V	0.0009	0	0.0000	0
R	0.0052	0	0.0000	0
F	0.0040	0	0.0000	0
S	0.0327	0	0.0000	0
S	0.1060	0	0.0000	0
P	0.0514	0	0.0000	0
Q	0.0378	0	0.0000	0
G	0.0099	0	0.0000	0
Q	0.0265	0	0.0000	0
G	0.1016	0	0.0000	0
E	0.0121	0	0.0000	0
S	0.0207	0	0.0000	0
R	0.0048	0	0.0000	0
T	0.0053	0	0.0000	0
L	0.0003	0	0.0000	0
T	0.0020	0	0.0000	0
D	0.0006	0	0.0000	0
S	0.0011	0	0.0000	0
A	0.0005	0	0.0000	0
G	0.0004	0	0.0000	0
P	0.0006	0	0.0000	0
R	0.0060	0	0.0000	0
Q	0.0160	0	0.0000	0
I	0.0034	0	0.0000	0
T	0.2013	0	0.0000	0
L	0.0046	0	0.0000	0
R	0.2541	0	0.0000	0
Q	0.1699	0	0.0000	0
F	0.0761	0	0.0000	0
E	0.0462	0	0.0000	0
N	0.0145	0	0.0000	0
G	0.0056	0	0.0000	0
V	0.0030	0	0.0000	0
T	0.0017	0	0.0000	0
E	0.0070	0	0.0000	0
L	0.0016	0	0.0000	0
Q	0.0816	0	0.0000	0
L	0.0723	0	0.0000	0
S	0.3365	0	0.0000	0
R	0.3767	1	0.0000	0
P	0.0804	0	0.0000	0
P	0.0284	0	0.0000	0
L	0.2114	0	0.0000	0
T	0.0372	0	0.0000	0
S	0.0462	0	0.0000	0
L	0.0023	0	0.0000	0
V	0.0133	0	0.0000	0
L	0.0059	0	0.0000	0
S	0.1596	0	0.0000	0
G	0.8013	1	0.0000	0
G	0.5251	1	0.0000	0
G	0.1214	0	0.0000	0
A	0.0222	0	0.0000	0
K	0.4180	1	0.0000	0
G	0.0255	0	0.0000	0
A	0.0017	0	0.0000	0
A	0.0144	0	0.0000	0
Y	0.0317	0	0.0000	0
P	0.0012	0	0.0000	0
G	0.0008	0	0.0000	0
A	0.0003	0	0.0000	0
M	0.0002	0	0.0000	0
L	0.0052	0	0.0000	0
A	0.0002	0	0.0000	0
L	0.0001	0	0.0000	0
E	0.0001	0	0.0000	0
E	0.0001	0	0.0000	0
K	0.0001	0	0.0000	0
G	0.0001	0	0.0000	0
M	0.0002	0	0.0000	0
L	0.0003	0	0.0000	0
D	0.0011	0	0.0000	0
G	0.0021	0	0.0000	0
I	0.0003	0	0.0000	0
R	0.0018	0	0.0000	0
S	0.0004	0	0.0000	0
M	0.0036	0	0.0000	0
S	0.0032	0	0.0000	0
G	0.1117	0	0.0000	0
S	0.0161	0	0.0000	0
S	0.1253	0	0.0000	0
A	0.0253	0	0.0000	0
G	0.0291	0	0.0000	0
G	0.0017	0	0.0000	0
I	0.0009	0	0.0000	0
T	0.0010	0	0.0000	0
A	0.0092	0	0.0000	0
A	0.0006	0	0.0000	0
L	0.0003	0	0.0000	0
L	0.0038	0	0.0000	0
A	0.0006	0	0.0000	0
S	0.0008	0	0.0000	0
G	0.0014	0	0.0000	0
M	0.0084	0	0.0000	0
S	0.0145	0	0.0000	0
P	0.0150	0	0.0000	0
A	0.0402	0	0.0000	0
A	0.0493	0	0.0000	0
F	0.0022	0	0.0000	0
K	0.0048	0	0.0000	0
T	0.0068	0	0.0000	0
L	0.0014	0	0.0000	0
S	0.0007	0	0.0000	0
D	0.0152	0	0.0000	0
K	0.0086	0	0.0000	0
M	0.0012	0	0.0000	0
D	0.0030	0	0.0000	0
L	0.0033	0	0.0000	0
I	0.0082	0	0.0000	0
S	0.0188	0	0.0000	0
L	0.0005	0	0.0000	0
L	0.0013	0	0.0000	0
D	0.0021	0	0.0000	0
S	0.0067	0	0.0000	0
S	0.0162	0	0.0000	0
N	0.0201	0	0.0000	0
K	0.0976	0	0.0000	0
K	0.0585	0	0.0000	0
L	0.0147	0	0.0000	0
K	0.1620	0	0.0000	0
L	0.0025	0	0.0000	0
F	0.0063	0	0.0000	0
Q	0.0269	0	0.0000	0
H	0.0674	0	0.0000	0
I	0.0071	0	0.0000	0
S	0.0058	0	0.0000	0
S	0.0212	0	0.0000	0
E	0.0246	0	0.0000	0
I	0.0063	0	0.0000	0
G	0.0126	0	0.0000	0
A	0.0038	0	0.0000	0
S	0.0121	0	0.0000	0
L	0.0103	0	0.0000	0
K	0.0059	0	0.0000	0
K	0.0416	0	0.0000	0
G	0.0050	0	0.0000	0
L	0.0059	0	0.0000	0
G	0.0372	0	0.0000	0
N	0.1766	0	0.0000	0
K	0.3029	0	0.0000	0
I	0.0122	0	0.0000	0
G	0.0902	0	0.0000	0
G	0.2874	0	0.0000	0
F	0.0018	0	0.0000	0
S	0.0023	0	0.0000	0
E	0.0483	0	0.0000	0
L	0.0018	0	0.0000	0
L	0.0011	0	0.0000	0
L	0.0025	0	0.0000	0
N	0.0098	0	0.0000	0
V	0.0017	0	0.0000	0
L	0.0028	0	0.0000	0
P	0.0216	0	0.0000	0
R	0.0885	0	0.0000	0
I	0.0434	0	0.0000	0
D	0.0669	0	0.0000	0
S	0.1599	0	0.0000	0
R	0.0259	0	0.0000	0
A	0.0087	0	0.0000	0
E	0.0188	0	0.0000	0
P	0.0077	0	0.0000	0
L	0.0050	0	0.0000	0
E	0.0061	0	0.0000	0
R	0.0017	0	0.0000	0
L	0.0007	0	0.0000	0
L	0.0003	0	0.0000	0
R	0.0068	0	0.0000	0
D	0.0012	0	0.0000	0
E	0.0008	0	0.0000	0
T	0.0007	0	0.0000	0
R	0.0047	0	0.0000	0
K	0.0036	0	0.0000	0
A	0.0012	0	0.0000	0
V	0.0006	0	0.0000	0
L	0.0006	0	0.0000	0
G	0.0250	0	0.0000	0
Q	0.0039	0	0.0000	0
I	0.0004	0	0.0000	0
A	0.0024	0	0.0000	0
T	0.0058	0	0.0000	0
H	0.0045	0	0.0000	0
P	0.0076	0	0.0000	0
E	0.0078	0	0.0000	0
V	0.0161	0	0.0000	0
A	0.0092	0	0.0000	0
R	0.0687	0	0.0000	0
Q	0.0241	0	0.0000	0
P	0.0548	0	0.0000	0
T	0.0495	0	0.0000	0
V	0.0151	0	0.0000	0
A	0.0036	0	0.0000	0
A	0.0039	0	0.0000	0
I	0.0017	0	0.0000	0
A	0.0021	0	0.0000	0
S	0.0016	0	0.0000	0
R	0.0101	0	0.0000	0
L	0.0013	0	0.0000	0
Q	0.0012	0	0.0000	0
S	0.0024	0	0.0000	0
G	0.0010	0	0.0000	0
S	0.0008	0	0.0000	0
G	0.0015	0	0.0000	0
V	0.0003	0	0.0000	0
T	0.0004	0	0.0000	0
F	0.0008	0	0.0000	0
G	0.0055	0	0.0000	0
D	0.0033	0	0.0000	0
L	0.0020	0	0.0000	0
D	0.0014	0	0.0000	0
R	0.0023	0	0.0000	0
L	0.0002	0	0.0000	0
S	0.0052	0	0.0000	0
A	0.0039	0	0.0000	0
Y	0.0042	0	0.0000	0
I	0.0025	0	0.0000	0
P	0.0407	0	0.0000	0
Q	0.0557	0	0.0000	0
I	0.0101	0	0.0000	0
K	0.0467	0	0.0000	0
T	0.0614	0	0.0000	0
L	0.0045	0	0.0000	0
N	0.0187	0	0.0000	0
I	0.0200	0	0.0000	0
T	0.2161	0	0.0000	0
G	0.2667	0	0.0000	0
T	0.3442	0	0.0000	0
A	0.2938	0	0.0000	0
M	0.2049	0	0.0000	0
F	0.3465	0	0.0000	0
E	0.2713	0	0.0000	0
G	0.1078	0	0.0000	0
R	0.1603	0	0.0000	0
P	0.0200	0	0.0000	0
Q	0.0144	0	0.0000	0
L	0.0075	0	0.0000	0
V	0.0032	0	0.0000	0
V	0.0120	0	0.0000	0
F	0.0079	0	0.0000	0
N	0.1212	0	0.0000	0
A	0.1567	0	0.0000	0
S	0.1264	0	0.0000	0
H	0.0143	0	0.0000	0
T	0.0033	0	0.0000	0
P	0.0055	0	0.0000	0
D	0.0091	0	0.0000	0
L	0.0020	0	0.0000	0
E	0.0031	0	0.0000	0
V	0.0027	0	0.0000	0
A	0.0752	0	0.0000	0
Q	0.0375	0	0.0000	0
A	0.0098	0	0.0000	0
A	0.0018	0	0.0000	0
H	0.2979	0	0.0001	0
I	0.0264	0	0.0000	0
S	0.3801	1	0.0001	0
G	0.0530	0	0.0000	0
S	0.0664	0	0.0000	0
F	0.0782	0	0.0000	0
P	0.1420	0	0.0000	0
G	0.1593	0	0.0000	0
V	0.0122	0	0.0000	0
F	0.0425	0	0.0000	0
Q	0.0760	0	0.0000	0
K	0.0277	0	0.0000	0
V	0.0181	0	0.0000	0
S	0.0074	0	0.0000	0
L	0.0039	0	0.0000	0
S	0.0044	0	0.0000	0
D	0.0055	0	0.0000	0
Q	0.0291	0	0.0000	0
P	0.0339	0	0.0000	0
Y	0.2705	0	0.0000	0
Q	0.0430	0	0.0000	0
A	0.0177	0	0.0000	0
G	0.0351	0	0.0000	0
V	0.0585	0	0.0000	0
E	0.0317	0	0.0000	0
W	0.0517	0	0.0000	0
T	0.0353	0	0.0000	0
E	0.0685	0	0.0000	0
F	0.1193	0	0.0000	0
Q	0.0321	0	0.0000	0
D	0.4647	1	0.0007	0
G	0.0279	0	0.0000	0
G	0.0107	0	0.0000	0
V	0.0036	0	0.0000	0
M	0.0270	0	0.0000	0
I	0.0184	0	0.0000	0
N	0.0732	0	0.0000	0
V	0.0095	0	0.0000	0
P	0.1222	0	0.0000	0
V	0.0596	0	0.0000	0
P	0.0073	0	0.0000	0
E	0.0014	0	0.0000	0
M	0.0005	0	0.0000	0
I	0.0019	0	0.0000	0
D	0.0026	0	0.0000	0
K	0.0041	0	0.0000	0
N	0.0022	0	0.0000	0
F	0.0033	0	0.0000	0
D	0.0030	0	0.0000	0
S	0.0060	0	0.0000	0
G	0.0159	0	0.0000	0
P	0.0127	0	0.0000	0
L	0.0068	0	0.0000	0
R	0.0429	0	0.0000	0
R	0.1729	0	0.0000	0
N	0.0666	0	0.0000	0
D	0.0135	0	0.0000	0
N	0.0177	0	0.0000	0
L	0.0010	0	0.0000	0
I	0.0007	0	0.0000	0
L	0.0001	0	0.0000	0
E	0.0003	0	0.0000	0
F	0.0003	0	0.0000	0
E	0.0011	0	0.0000	0
G	0.0014	0	0.0000	0
E	0.0050	0	0.0000	0
A	0.0022	0	0.0000	0
G	0.0033	0	0.0000	0
E	0.0077	0	0.0000	0
V	0.0331	0	0.0000	0
A	0.0702	0	0.0000	0
P	0.0499	0	0.0000	0
D	0.1819	0	0.0000	0
R	0.4852	1	0.0000	0
G	0.4359	1	0.0000	0
T	0.2038	0	0.0000	0
R	0.3760	1	0.0000	0
G	0.0668	0	0.0000	0
G	0.0424	0	0.0000	0
A	0.1881	0	0.0000	0
L	0.0102	0	0.0000	0
K	0.0852	0	0.0000	0
G	0.0323	0	0.0000	0
W	0.0007	0	0.0000	0
V	0.0002	0	0.0000	0
V	0.0012	0	0.0000	0
G	0.0010	0	0.0000	0
V	0.0007	0	0.0000	0
P	0.0005	0	0.0000	0
A	0.0004	0	0.0000	0
L	0.0004	0	0.0000	0
Q	0.0056	0	0.0000	0
A	0.0008	0	0.0000	0
R	0.0073	0	0.0000	0
E	0.0007	0	0.0000	0
M	0.0002	0	0.0000	0
L	0.0008	0	0.0000	0
Q	0.0015	0	0.0000	0
L	0.0009	0	0.0000	0
E	0.0019	0	0.0000	0
G	0.0040	0	0.0000	0
L	0.0064	0	0.0000	0
E	0.0025	0	0.0000	0
E	0.0018	0	0.0000	0
L	0.0006	0	0.0000	0
R	0.0641	0	0.0000	0
E	0.0009	0	0.0000	0
Q	0.0005	0	0.0000	0
T	0.0002	0	0.0000	0
V	0.0001	0	0.0000	0
V	0.0002	0	0.0000	0
V	0.0002	0	0.0000	0
P	0.0004	0	0.0000	0
L	0.0006	0	0.0000	0
K	0.0047	0	0.0000	0
S	0.0141	0	0.0000	0
E	0.0059	0	0.0000	0
R	0.0237	0	0.0000	0
G	0.0026	0	0.0000	0
D	0.0045	0	0.0000	0
F	0.0088	0	0.0000	0
S	0.0090	0	0.0000	0
G	0.0133	0	0.0000	0
M	0.0033	0	0.0000	0
L	0.0013	0	0.0000	0
G	0.0025	0	0.0000	0
G	0.0105	0	0.0000	0
T	0.0404	0	0.0000	0
L	0.0028	0	0.0000	0
N	0.0834	0	0.0000	0
F	0.0229	0	0.0000	0
T	0.0192	0	0.0000	0
M	0.0142	0	0.0000	0
P	0.0100	0	0.0000	0
D	0.0021	0	0.0000	0
E	0.0092	0	0.0000	0
I	0.0004	0	0.0000	0
K	0.0023	0	0.0000	0
A	0.0007	0	0.0000	0
H	0.0032	0	0.0000	0
L	0.0002	0	0.0000	0
Q	0.0091	0	0.0000	0
E	0.0069	0	0.0000	0
R	0.0396	0	0.0000	0
L	0.0004	0	0.0000	0
Q	0.0025	0	0.0000	0
E	0.0007	0	0.0000	0
R	0.0019	0	0.0000	0
V	0.0002	0	0.0000	0
G	0.0006	0	0.0000	0
E	0.0014	0	0.0000	0
H	0.0007	0	0.0000	0
L	0.0002	0	0.0000	0
E	0.0009	0	0.0000	0
K	0.0149	0	0.0000	0
R	0.0058	0	0.0000	0
L	0.0022	0	0.0000	0
Q	0.0019	0	0.0000	0
A	0.0023	0	0.0000	0
S	0.0657	0	0.0000	0
E	0.0716	0	0.0000	0
R	0.6346	1	0.0000	0
H	0.6515	1	0.0000	0
T	0.2036	0	0.0000	0
F	0.1162	0	0.0000	0
A	0.0012	0	0.0000	0
S	0.0007	0	0.0000	0
L	0.0004	0	0.0000	0
D	0.0030	0	0.0000	0
E	0.0011	0	0.0000	0
A	0.0002	0	0.0000	0
L	0.0001	0	0.0000	0
L	0.0002	0	0.0000	0
A	0.0003	0	0.0000	0
L	0.0007	0	0.0000	0
D	0.0022	0	0.0000	0
D	0.0033	0	0.0000	0
S	0.0016	0	0.0000	0
M	0.0003	0	0.0000	0
L	0.0002	0	0.0000	0
T	0.0015	0	0.0000	0
S	0.0007	0	0.0000	0
V	0.0005	0	0.0000	0
A	0.0010	0	0.0000	0
Q	0.0015	0	0.0000	0
Q	0.0035	0	0.0000	0
N	0.0030	0	0.0000	0
P	0.0012	0	0.0000	0
E	0.0016	0	0.0000	0
I	0.0006	0	0.0000	0
T	0.0024	0	0.0000	0
D	0.0110	0	0.0000	0
G	0.0722	0	0.0000	0
A	0.0166	0	0.0000	0
V	0.0015	0	0.0000	0
A	0.0284	0	0.0000	0
F	0.0091	0	0.0000	0
R	0.4362	1	0.0000	0
Q	0.0374	0	0.0000	0
K	0.0969	0	0.0000	0
A	0.0025	0	0.0000	0
R	0.0857	0	0.0000	0
D	0.0255	0	0.0000	0
A	0.0008	0	0.0000	0
F	0.0099	0	0.0000	0
T	0.0856	0	0.0000	0
E	0.0035	0	0.0000	0
L	0.0003	0	0.0000	0
T	0.0015	0	0.0000	0
V	0.0021	0	0.0000	0
A	0.0003	0	0.0000	0
I	0.0002	0	0.0000	0
V	0.0005	0	0.0000	0
S	0.0006	0	0.0000	0
A	0.0004	0	0.0000	0
N	0.0048	0	0.0000	0
G	0.0020	0	0.0000	0
L	0.0006	0	0.0000	0
A	0.0007	0	0.0000	0
G	0.0060	0	0.0000	0
R	0.0758	0	0.0000	0
L	0.0011	0	0.0000	0
K	0.0017	0	0.0000	0
L	0.0010	0	0.0000	0
D	0.0052	0	0.0000	0
E	0.0035	0	0.0000	0
A	0.0009	0	0.0000	0
M	0.0006	0	0.0000	0
R	0.0025	0	0.0000	0
S	0.0004	0	0.0000	0
A	0.0003	0	0.0000	0
L	0.0005	0	0.0000	0
Q	0.0182	0	0.0000	0
R	0.0054	0	0.0000	0
L	0.0005	0	0.0000	0
D	0.0022	0	0.0000	0
A	0.0013	0	0.0000	0
L	0.0012	0	0.0000	0
A	0.0007	0	0.0000	0
D	0.0043	0	0.0000	0
T	0.0069	0	0.0000	0
P	0.0020	0	0.0000	0
E	0.0018	0	0.0000	0
R	0.0055	0	0.0000	0
L	0.0003	0	0.0000	0
A	0.0005	0	0.0000	0
W	0.0014	0	0.0000	0
L	0.0002	0	0.0000	0
A	0.0002	0	0.0000	0
A	0.0010	0	0.0000	0
E	0.0019	0	0.0000	0
L	0.0004	0	0.0000	0
N	0.0081	0	0.0000	0
H	0.0099	0	0.0000	0
A	0.0037	0	0.0000	0
D	0.0039	0	0.0000	0
N	0.0042	0	0.0000	0
V	0.0014	0	0.0000	0
D	0.0013	0	0.0000	0
H	0.0014	0	0.0000	0
Q	0.0012	0	0.0000	0
Q	0.0009	0	0.0000	0
L	0.0001	0	0.0000	0
L	0.0001	0	0.0000	0
D	0.0008	0	0.0000	0
A	0.0005	0	0.0000	0
M	0.0008	0	0.0000	0
R	0.0178	0	0.0000	0
G	0.0039	0	0.0000	0
Q	0.0067	0	0.0000	0
T	0.0090	0	0.0000	0
V	0.0100	0	0.0000	0
Q	0.0748	0	0.0000	0
S	0.0128	0	0.0000	0
P	0.0029	0	0.0000	0
V	0.0007	0	0.0000	0
L	0.0006	0	0.0000	0
A	0.0083	0	0.0000	0
A	0.0201	0	0.0000	0
A	0.0014	0	0.0000	0
L	0.0013	0	0.0000	0
A	0.0100	0	0.0000	0
E	0.0143	0	0.0000	0
A	0.0063	0	0.0000	0
Q	0.2113	0	0.0000	0
R	0.3844	1	0.0000	0
R	0.4411	1	0.0000	0
K	0.0948	0	0.0000	0
V	0.0025	0	0.0000	0
A	0.0111	0	0.0000	0
V	0.0038	0	0.0000	0
I	0.0543	0	0.0000	0
A	0.0191	0	0.0000	0
E	0.4072	1	0.0000	0
N	0.5194	1	0.0000	0
I	0.0074	0	0.0000	0
R	0.2066	0	0.0000	0
K	0.3486	0	0.0000	0
E	0.1494	0	0.0000	0
V	0.0085	0	0.0000	0
I	0.0019	0	0.0000	0
F	0.0446	0	0.0000	0
P	0.0191	0	0.0000	0
S	0.0040	0	0.0000	0
L	0.0048	0	0.0000	0
Y	0.0152	0	0.0000	0
R	0.0231	0	0.0000	0
P	0.0117	0	0.0000	0
G	0.0175	0	0.0000	0
Q	0.0786	0	0.0000	0
P	0.0079	0	0.0000	0
D	0.0289	0	0.0000	0
S	0.0261	0	0.0000	0
N	0.0770	0	0.0000	0
V	0.0010	0	0.0000	0
A	0.0027	0	0.0000	0
L	0.0009	0	0.0000	0
L	0.0005	0	0.0000	0
R	0.0071	0	0.0000	0
R	0.0850	0	0.0000	0
A	0.0012	0	0.0000	0
E	0.0042	0	0.0000	0
E	0.0078	0	0.0000	0
Q	0.0062	0	0.0000	0
L	0.0008	0	0.0000	0
R	0.2754	0	0.0000	0
H	0.0933	0	0.0000	0
A	0.0334	0	0.0000	0
T	0.3190	0	0.0000	0
S	0.3975	1	0.0000	0
P	0.2478	0	0.0000	0
A	0.0494	0	0.0000	0
E	0.0234	0	0.0000	0
I	0.0023	0	0.0000	0
N	0.3654	1	0.0000	0
Q	0.2430	0	0.0000	0
A	0.0052	0	0.0000	0
L	0.0035	0	0.0000	0
N	0.0392	0	0.0000	0
D	0.0133	0	0.0000	0
I	0.0008	0	0.0000	0
V	0.0024	0	0.0000	0
D	0.0598	0	0.0000	0
N	0.2375	0	0.0000	0
Y	0.2566	0	0.0000	0
S	0.1650	0	0.0000	0
A	0.3468	0	0.0000	0
R	0.4537	1	0.0000	0
G	0.4482	1	0.0000	0
F	0.2590	0	0.0000	0
L	0.5200	1	0.0000	0
R	0.4120	1	0.0000	0
F	0.4213	1	0.0000	0
G	0.3645	1	0.0000	0
K	0.3368	0	0.0000	0
P	0.1357	0	0.0000	0
L	0.0927	0	0.0000	0
S	0.4132	1	0.0000	0
S	0.4069	1	0.0000	0
T	0.5702	1	0.0000	0
T	0.4097	1	0.0000	0
V	0.0636	0	0.0000	0
E	0.3529	1	0.0000	0
M	0.1104	0	0.0000	0
A	0.0212	0	0.0000	0
K	0.2275	0	0.0000	0
A	0.0098	0	0.0000	0
W	0.1816	0	0.0000	0
R	0.2614	0	0.0000	0
N	0.0171	0	0.0000	0
K	0.0491	0	0.0000	0
E	0.0737	0	0.0000	0
F	0.1796	0	0.0000	0
T	0.3147	0	0.0001	0
</pre></body></html>