<html><head></head><body><pre style="word-wrap: break-word; white-space: pre-wrap;">&gt;Q9BTP7
Amino Acid	probability_DNA	binary_DNA	probability_RNA	binary_RNA
M	0.0044	0	0.0000	0
E	0.0017	0	0.0000	0
K	0.0015	0	0.0000	0
N	0.0014	0	0.0000	0
P	0.0016	0	0.0000	0
P	0.0023	0	0.0000	0
D	0.0049	0	0.0000	0
D	0.0179	0	0.0000	0
T	0.0647	0	0.0001	0
G	0.0552	0	0.0001	0
P	0.0172	0	0.0000	0
V	0.0089	0	0.0000	0
H	0.0126	0	0.0000	0
V	0.0039	0	0.0000	0
P	0.0030	0	0.0000	0
L	0.0080	0	0.0000	0
G	0.0025	0	0.0000	0
H	0.0052	0	0.0000	0
I	0.0003	0	0.0000	0
V	0.0023	0	0.0000	0
A	0.0011	0	0.0000	0
N	0.0325	0	0.0000	0
E	0.0889	0	0.0000	0
K	0.3765	1	0.0006	0
W	0.0030	0	0.0000	0
R	0.0114	0	0.0000	0
G	0.0112	0	0.0000	0
S	0.0021	0	0.0000	0
Q	0.0037	0	0.0000	0
L	0.0010	0	0.0000	0
A	0.0010	0	0.0000	0
E	0.0096	0	0.0000	0
E	0.0012	0	0.0000	0
M	0.0002	0	0.0000	0
Q	0.0050	0	0.0000	0
G	0.0005	0	0.0000	0
K	0.0041	0	0.0000	0
I	0.0006	0	0.0000	0
K	0.0008	0	0.0000	0
L	0.0004	0	0.0000	0
I	0.0004	0	0.0000	0
F	0.0004	0	0.0000	0
E	0.0015	0	0.0000	0
D	0.0010	0	0.0000	0
G	0.0023	0	0.0000	0
L	0.0167	0	0.0000	0
T	0.2848	0	0.0015	0
P	0.2512	0	0.0006	0
D	0.1576	0	0.0002	0
F	0.0127	0	0.0000	0
Y	0.0069	0	0.0000	0
L	0.0040	0	0.0000	0
S	0.0208	0	0.0001	0
N	0.0129	0	0.0000	0
R	0.0368	0	0.0002	0
C	0.0103	0	0.0000	0
C	0.0027	0	0.0000	0
I	0.0023	0	0.0000	0
L	0.0085	0	0.0000	0
Y	0.3446	0	0.0086	0
V	0.0537	0	0.0014	0
T	0.2292	0	0.0161	0
E	0.1421	0	0.0150	0
A	0.3808	1	0.0700	0
D	0.0758	0	0.0169	0
L	0.0017	0	0.0001	0
V	0.0572	0	0.0063	0
A	0.0472	0	0.0042	0
G	0.0817	0	0.0068	0
N	0.5156	1	0.0905	0
G	0.6091	1	0.0515	0
Y	0.1147	0	0.0018	0
R	0.0528	0	0.0003	0
K	0.0582	0	0.0001	0
R	0.1767	0	0.0003	0
L	0.0007	0	0.0000	0
V	0.0010	0	0.0000	0
R	0.0024	0	0.0000	0
V	0.0003	0	0.0000	0
R	0.0055	0	0.0000	0
N	0.0011	0	0.0000	0
S	0.0009	0	0.0000	0
N	0.0098	0	0.0000	0
N	0.0010	0	0.0000	0
L	0.0005	0	0.0000	0
K	0.0010	0	0.0000	0
G	0.0004	0	0.0000	0
I	0.0001	0	0.0000	0
V	0.0002	0	0.0000	0
V	0.0002	0	0.0000	0
V	0.0002	0	0.0000	0
E	0.0001	0	0.0000	0
K	0.0002	0	0.0000	0
T	0.0004	0	0.0000	0
R	0.0009	0	0.0000	0
M	0.0006	0	0.0000	0
S	0.0007	0	0.0000	0
E	0.0167	0	0.0000	0
Q	0.1838	0	0.0000	0
Y	0.0044	0	0.0000	0
F	0.0005	0	0.0000	0
P	0.0140	0	0.0000	0
A	0.0026	0	0.0000	0
L	0.0005	0	0.0000	0
Q	0.0008	0	0.0000	0
K	0.0014	0	0.0000	0
F	0.0005	0	0.0000	0
T	0.0002	0	0.0000	0
V	0.0002	0	0.0000	0
L	0.0005	0	0.0000	0
D	0.0002	0	0.0000	0
L	0.0001	0	0.0000	0
G	0.0001	0	0.0000	0
M	0.0001	0	0.0000	0
V	0.0019	0	0.0000	0
L	0.0003	0	0.0000	0
L	0.0004	0	0.0000	0
P	0.0009	0	0.0000	0
V	0.0018	0	0.0000	0
A	0.0075	0	0.0000	0
S	0.0076	0	0.0000	0
Q	0.0148	0	0.0000	0
M	0.0037	0	0.0000	0
E	0.0030	0	0.0000	0
A	0.0016	0	0.0000	0
S	0.0005	0	0.0000	0
C	0.0009	0	0.0000	0
L	0.0029	0	0.0000	0
V	0.0003	0	0.0000	0
I	0.0008	0	0.0000	0
Q	0.0756	0	0.0000	0
L	0.0065	0	0.0000	0
V	0.0017	0	0.0000	0
Q	0.1018	0	0.0001	0
E	0.0020	0	0.0000	0
Q	0.0046	0	0.0000	0
T	0.0025	0	0.0000	0
K	0.0044	0	0.0000	0
E	0.1835	0	0.0000	0
P	0.0415	0	0.0000	0
S	0.3317	0	0.0000	0
K	0.4285	1	0.0000	0
N	0.3906	1	0.0000	0
P	0.8008	1	0.0000	0
L	0.7393	1	0.0000	0
L	0.8533	1	0.0000	0
G	0.3456	0	0.0000	0
K	0.6773	1	0.0000	0
K	0.4359	1	0.0000	0
R	0.1267	0	0.0000	0
A	0.2744	0	0.0000	0
L	0.0693	0	0.0000	0
L	0.0675	0	0.0000	0
L	0.1493	0	0.0000	0
S	0.0687	0	0.0000	0
E	0.0345	0	0.0000	0
P	0.0312	0	0.0000	0
S	0.0076	0	0.0000	0
L	0.0161	0	0.0000	0
L	0.0072	0	0.0000	0
R	0.0104	0	0.0000	0
T	0.0007	0	0.0000	0
V	0.0004	0	0.0000	0
Q	0.0009	0	0.0000	0
Q	0.0077	0	0.0000	0
I	0.0914	0	0.0000	0
P	0.4807	1	0.0000	0
G	0.8574	1	0.0000	0
V	0.3625	1	0.0000	0
G	0.8662	1	0.0000	0
K	0.6169	1	0.0000	0
V	0.8667	1	0.0000	0
K	0.7802	1	0.0000	0
A	0.3383	0	0.0000	0
P	0.3166	0	0.0000	0
L	0.0905	0	0.0000	0
L	0.0008	0	0.0000	0
L	0.0012	0	0.0000	0
Q	0.0045	0	0.0000	0
K	0.3394	0	0.0000	0
F	0.0171	0	0.0000	0
P	0.0283	0	0.0000	0
S	0.0753	0	0.0000	0
I	0.0018	0	0.0000	0
Q	0.0071	0	0.0000	0
Q	0.0679	0	0.0000	0
L	0.0003	0	0.0000	0
S	0.0010	0	0.0000	0
N	0.0038	0	0.0000	0
A	0.0015	0	0.0000	0
S	0.0069	0	0.0000	0
I	0.0037	0	0.0000	0
G	0.0032	0	0.0000	0
E	0.0123	0	0.0000	0
L	0.0003	0	0.0000	0
E	0.0002	0	0.0000	0
Q	0.0003	0	0.0000	0
V	0.0004	0	0.0000	0
V	0.0005	0	0.0000	0
G	0.0020	0	0.0000	0
Q	0.0356	0	0.0000	0
A	0.1031	0	0.0000	0
V	0.0631	0	0.0000	0
A	0.0050	0	0.0000	0
Q	0.0164	0	0.0000	0
Q	0.0060	0	0.0000	0
I	0.0010	0	0.0000	0
H	0.5118	1	0.0001	0
A	0.0097	0	0.0000	0
F	0.0029	0	0.0000	0
F	0.0013	0	0.0000	0
T	0.0061	0	0.0000	0
Q	0.0275	0	0.0000	0
P	0.0485	0	0.0000	0
R	0.5823	1	0.0001	0
</pre></body></html>