<html><head></head><body><pre style="word-wrap: break-word; white-space: pre-wrap;">&gt;B5XTG2
Amino Acid	probability_DNA	binary_DNA	probability_RNA	binary_RNA
M	0.6938	1	0.0001	0
A	0.2036	0	0.0000	0
E	0.1773	0	0.0000	0
K	0.5599	1	0.0000	0
Q	0.1940	0	0.0000	0
T	0.0149	0	0.0000	0
A	0.0363	0	0.0000	0
K	0.0244	0	0.0000	0
R	0.0066	0	0.0000	0
N	0.0154	0	0.0000	0
R	0.3593	1	0.0000	0
R	0.4810	1	0.0000	0
E	0.0060	0	0.0000	0
E	0.0006	0	0.0000	0
I	0.0002	0	0.0000	0
L	0.0001	0	0.0000	0
Q	0.0002	0	0.0000	0
S	0.0000	0	0.0000	0
L	0.0000	0	0.0000	0
A	0.0000	0	0.0000	0
L	0.0001	0	0.0000	0
M	0.0000	0	0.0000	0
L	0.0000	0	0.0000	0
E	0.0009	0	0.0000	0
S	0.0011	0	0.0000	0
S	0.0083	0	0.0000	0
D	0.0257	0	0.0000	0
G	0.0015	0	0.0000	0
S	0.0032	0	0.0000	0
Q	0.0100	0	0.0000	0
R	0.0652	0	0.0000	0
I	0.0063	0	0.0000	0
T	0.4137	1	0.0000	0
T	0.5904	1	0.0000	0
A	0.0575	0	0.0000	0
K	0.0147	0	0.0000	0
L	0.0002	0	0.0000	0
A	0.0007	0	0.0000	0
A	0.0007	0	0.0000	0
S	0.0005	0	0.0000	0
V	0.0004	0	0.0000	0
G	0.0039	0	0.0000	0
V	0.0347	0	0.0000	0
S	0.8567	1	0.0000	0
E	0.8073	1	0.0000	0
A	0.9425	1	0.0000	0
A	0.8865	1	0.0000	0
L	0.0726	0	0.0000	0
Y	0.8959	1	0.0000	0
R	0.9102	1	0.0000	0
H	0.9682	1	0.0000	0
F	0.1431	0	0.0000	0
P	0.7910	1	0.0000	0
S	0.8136	1	0.0000	0
K	0.6261	1	0.0000	0
T	0.0058	0	0.0000	0
R	0.0032	0	0.0000	0
M	0.0001	0	0.0000	0
F	0.0001	0	0.0000	0
D	0.0000	0	0.0000	0
S	0.0000	0	0.0000	0
L	0.0000	0	0.0000	0
I	0.0000	0	0.0000	0
E	0.0002	0	0.0000	0
F	0.0001	0	0.0000	0
I	0.0000	0	0.0000	0
E	0.0000	0	0.0000	0
D	0.0001	0	0.0000	0
S	0.0000	0	0.0000	0
L	0.0000	0	0.0000	0
I	0.0000	0	0.0000	0
T	0.0001	0	0.0000	0
R	0.0001	0	0.0000	0
I	0.0000	0	0.0000	0
N	0.0001	0	0.0000	0
L	0.0001	0	0.0000	0
I	0.0001	0	0.0000	0
L	0.0001	0	0.0000	0
K	0.0002	0	0.0000	0
D	0.0005	0	0.0000	0
E	0.0004	0	0.0000	0
K	0.0012	0	0.0000	0
D	0.0009	0	0.0000	0
T	0.0005	0	0.0000	0
T	0.0020	0	0.0000	0
A	0.0002	0	0.0000	0
R	0.0002	0	0.0000	0
L	0.0000	0	0.0000	0
R	0.0006	0	0.0000	0
L	0.0001	0	0.0000	0
I	0.0000	0	0.0000	0
V	0.0000	0	0.0000	0
L	0.0009	0	0.0000	0
L	0.0001	0	0.0000	0
I	0.0001	0	0.0000	0
L	0.0000	0	0.0000	0
G	0.0001	0	0.0000	0
F	0.0001	0	0.0000	0
G	0.0001	0	0.0000	0
E	0.0004	0	0.0000	0
R	0.0014	0	0.0000	0
N	0.0030	0	0.0000	0
P	0.0004	0	0.0000	0
G	0.0003	0	0.0000	0
L	0.0003	0	0.0000	0
T	0.0004	0	0.0000	0
R	0.0007	0	0.0000	0
I	0.0000	0	0.0000	0
L	0.0001	0	0.0000	0
T	0.0002	0	0.0000	0
G	0.0002	0	0.0000	0
H	0.0003	0	0.0000	0
A	0.0004	0	0.0000	0
L	0.0002	0	0.0000	0
M	0.0003	0	0.0000	0
F	0.0005	0	0.0000	0
E	0.0020	0	0.0000	0
Q	0.0032	0	0.0000	0
D	0.0010	0	0.0000	0
R	0.0017	0	0.0000	0
L	0.0005	0	0.0000	0
Q	0.0061	0	0.0000	0
G	0.0006	0	0.0000	0
R	0.0005	0	0.0000	0
I	0.0002	0	0.0000	0
N	0.0004	0	0.0000	0
Q	0.0005	0	0.0000	0
L	0.0001	0	0.0000	0
F	0.0002	0	0.0000	0
E	0.0005	0	0.0000	0
R	0.0032	0	0.0000	0
I	0.0002	0	0.0000	0
E	0.0001	0	0.0000	0
V	0.0002	0	0.0000	0
Q	0.0001	0	0.0000	0
L	0.0001	0	0.0000	0
R	0.0007	0	0.0000	0
Q	0.0003	0	0.0000	0
V	0.0000	0	0.0000	0
M	0.0001	0	0.0000	0
R	0.0007	0	0.0000	0
E	0.0003	0	0.0000	0
K	0.0004	0	0.0000	0
K	0.0009	0	0.0000	0
M	0.0002	0	0.0000	0
R	0.0010	0	0.0000	0
E	0.0002	0	0.0000	0
G	0.0003	0	0.0000	0
E	0.0004	0	0.0000	0
G	0.0006	0	0.0000	0
Y	0.0021	0	0.0000	0
T	0.0049	0	0.0000	0
L	0.0035	0	0.0000	0
D	0.0131	0	0.0000	0
E	0.0051	0	0.0000	0
T	0.0269	0	0.0000	0
L	0.0005	0	0.0000	0
L	0.0004	0	0.0000	0
A	0.0008	0	0.0000	0
S	0.0054	0	0.0000	0
Q	0.0016	0	0.0000	0
L	0.0007	0	0.0000	0
L	0.0180	0	0.0000	0
A	0.0348	0	0.0000	0
F	0.0068	0	0.0000	0
C	0.0016	0	0.0000	0
E	0.0847	0	0.0001	0
G	0.0423	0	0.0000	0
M	0.0024	0	0.0000	0
L	0.0008	0	0.0000	0
S	0.0043	0	0.0000	0
R	0.0519	0	0.0000	0
F	0.0022	0	0.0000	0
V	0.0004	0	0.0000	0
R	0.0067	0	0.0000	0
S	0.0008	0	0.0000	0
E	0.0062	0	0.0000	0
F	0.0029	0	0.0000	0
K	0.0329	0	0.0000	0
Y	0.0318	0	0.0000	0
R	0.0079	0	0.0000	0
P	0.0063	0	0.0000	0
T	0.0038	0	0.0000	0
D	0.0011	0	0.0000	0
D	0.0007	0	0.0000	0
F	0.0005	0	0.0000	0
E	0.0048	0	0.0000	0
A	0.0045	0	0.0000	0
R	0.0007	0	0.0000	0
W	0.0001	0	0.0000	0
P	0.0003	0	0.0000	0
L	0.0001	0	0.0000	0
V	0.0001	0	0.0000	0
A	0.0001	0	0.0000	0
A	0.0002	0	0.0000	0
Q	0.0003	0	0.0000	0
L	0.0005	0	0.0000	0
Q	0.0189	0	0.0000	0
</pre></body></html>