<html><head></head><body><pre style="word-wrap: break-word; white-space: pre-wrap;">&gt;G3XCY4
Amino Acid	probability_DNA	binary_DNA	probability_RNA	binary_RNA
M	0.1661	0	0.0045	0
R	0.1226	0	0.0040	0
P	0.0418	0	0.0009	0
L	0.0304	0	0.0005	0
K	0.1905	0	0.0032	0
Q	0.2516	0	0.0015	0
A	0.1040	0	0.0003	0
T	0.3081	0	0.0024	0
P	0.0851	0	0.0001	0
T	0.2482	0	0.0002	0
Y	0.3490	0	0.0006	0
S	0.0908	0	0.0001	0
S	0.0851	0	0.0000	0
R	0.1858	0	0.0001	0
T	0.0602	0	0.0000	0
A	0.0367	0	0.0001	0
D	0.2041	0	0.0007	0
K	0.3591	1	0.0013	0
F	0.0051	0	0.0000	0
V	0.0191	0	0.0002	0
V	0.0009	0	0.0000	0
R	0.3127	0	0.0023	0
L	0.0092	0	0.0001	0
P	0.0633	0	0.0013	0
E	0.0832	0	0.0012	0
G	0.0308	0	0.0004	0
M	0.0735	0	0.0011	0
R	0.3929	1	0.0084	0
E	0.0287	0	0.0002	0
Q	0.0402	0	0.0001	0
I	0.0008	0	0.0000	0
A	0.0015	0	0.0000	0
E	0.0009	0	0.0000	0
V	0.0001	0	0.0000	0
A	0.0002	0	0.0000	0
R	0.0328	0	0.0001	0
S	0.0097	0	0.0000	0
H	0.2340	0	0.0002	0
H	0.5249	1	0.0004	0
R	0.7780	1	0.0006	0
S	0.7591	1	0.0004	0
M	0.3692	1	0.0003	0
N	0.4540	1	0.0009	0
S	0.1468	0	0.0002	0
E	0.0079	0	0.0000	0
I	0.0003	0	0.0000	0
I	0.0013	0	0.0000	0
A	0.0031	0	0.0000	0
R	0.0142	0	0.0000	0
L	0.0002	0	0.0000	0
E	0.0033	0	0.0000	0
Q	0.0188	0	0.0000	0
S	0.0035	0	0.0000	0
L	0.0006	0	0.0000	0
L	0.0036	0	0.0000	0
Q	0.0020	0	0.0000	0
E	0.0031	0	0.0000	0
G	0.0049	0	0.0000	0
A	0.0047	0	0.0000	0
L	0.0040	0	0.0000	0
Q	0.0119	0	0.0000	0
D	0.0064	0	0.0000	0
N	0.0584	0	0.0000	0
L	0.0059	0	0.0000	0
G	0.0028	0	0.0000	0
V	0.0014	0	0.0000	0
R	0.0324	0	0.0000	0
L	0.0030	0	0.0000	0
D	0.0025	0	0.0000	0
S	0.0016	0	0.0000	0
P	0.0004	0	0.0000	0
E	0.0006	0	0.0000	0
L	0.0003	0	0.0000	0
S	0.0010	0	0.0000	0
L	0.0010	0	0.0000	0
H	0.0024	0	0.0000	0
E	0.0007	0	0.0000	0
R	0.0109	0	0.0000	0
E	0.0008	0	0.0000	0
L	0.0002	0	0.0000	0
L	0.0002	0	0.0000	0
Q	0.0004	0	0.0000	0
R	0.0025	0	0.0000	0
F	0.0003	0	0.0000	0
R	0.3468	0	0.0004	0
Q	0.0356	0	0.0000	0
L	0.0024	0	0.0000	0
T	0.1586	0	0.0003	0
H	0.0434	0	0.0001	0
R	0.2258	0	0.0006	0
Q	0.0064	0	0.0000	0
Q	0.0092	0	0.0000	0
N	0.0402	0	0.0001	0
A	0.0001	0	0.0000	0
L	0.0000	0	0.0000	0
V	0.0000	0	0.0000	0
A	0.0000	0	0.0000	0
L	0.0000	0	0.0000	0
I	0.0000	0	0.0000	0
A	0.0000	0	0.0000	0
H	0.0002	0	0.0000	0
D	0.0001	0	0.0000	0
A	0.0001	0	0.0000	0
E	0.0001	0	0.0000	0
L	0.0001	0	0.0000	0
A	0.0006	0	0.0000	0
Q	0.0023	0	0.0000	0
A	0.0063	0	0.0001	0
</pre></body></html>