<html><head></head><body><pre style="word-wrap: break-word; white-space: pre-wrap;">&gt;Q9HUK6
Amino Acid	probability_DNA	binary_DNA	probability_RNA	binary_RNA
M	0.2236	0	0.0105	0
A	0.0389	0	0.0022	0
I	0.0097	0	0.0005	0
E	0.0038	0	0.0005	0
K	0.0019	0	0.0003	0
K	0.0096	0	0.0012	0
T	0.0079	0	0.0018	0
I	0.0002	0	0.0001	0
R	0.0047	0	0.0057	0
L	0.0000	0	0.0000	0
L	0.0000	0	0.0000	0
I	0.0000	0	0.0000	0
L	0.0001	0	0.0001	0
E	0.0005	0	0.0015	0
D	0.0008	0	0.0025	0
S	0.0092	0	0.0318	0
Q	0.0045	0	0.0244	0
N	0.0007	0	0.0019	0
E	0.0032	0	0.0101	0
A	0.0004	0	0.0006	0
E	0.0003	0	0.0005	0
R	0.0001	0	0.0001	0
L	0.0000	0	0.0001	0
V	0.0001	0	0.0004	0
S	0.0001	0	0.0002	0
L	0.0000	0	0.0001	0
F	0.0000	0	0.0000	0
R	0.0005	0	0.0015	0
N	0.0003	0	0.0006	0
A	0.0001	0	0.0001	0
G	0.0001	0	0.0001	0
H	0.0001	0	0.0001	0
A	0.0002	0	0.0002	0
T	0.0001	0	0.0001	0
R	0.0002	0	0.0003	0
V	0.0001	0	0.0000	0
H	0.0001	0	0.0001	0
R	0.0002	0	0.0002	0
L	0.0002	0	0.0002	0
T	0.0008	0	0.0010	0
S	0.0006	0	0.0009	0
P	0.0002	0	0.0002	0
E	0.0001	0	0.0001	0
D	0.0000	0	0.0000	0
L	0.0000	0	0.0001	0
A	0.0001	0	0.0002	0
E	0.0000	0	0.0001	0
T	0.0000	0	0.0001	0
L	0.0000	0	0.0001	0
Q	0.0001	0	0.0007	0
Q	0.0004	0	0.0018	0
S	0.0004	0	0.0012	0
W	0.0001	0	0.0004	0
D	0.0004	0	0.0016	0
L	0.0001	0	0.0002	0
L	0.0001	0	0.0003	0
I	0.0001	0	0.0003	0
A	0.0002	0	0.0006	0
A	0.0004	0	0.0009	0
P	0.0013	0	0.0026	0
T	0.0015	0	0.0033	0
S	0.0010	0	0.0021	0
E	0.0015	0	0.0020	0
C	0.0101	0	0.0109	0
L	0.0065	0	0.0083	0
E	0.0056	0	0.0070	0
P	0.0020	0	0.0013	0
G	0.0005	0	0.0003	0
E	0.0007	0	0.0005	0
A	0.0002	0	0.0001	0
L	0.0001	0	0.0001	0
A	0.0012	0	0.0029	0
T	0.0001	0	0.0002	0
L	0.0001	0	0.0001	0
R	0.0019	0	0.0030	0
R	0.0004	0	0.0007	0
Q	0.0003	0	0.0004	0
S	0.0001	0	0.0001	0
R	0.0006	0	0.0014	0
D	0.0025	0	0.0060	0
I	0.0003	0	0.0004	0
P	0.0007	0	0.0009	0
F	0.0002	0	0.0001	0
I	0.0002	0	0.0001	0
Q	0.0004	0	0.0004	0
L	0.0004	0	0.0003	0
V	0.0003	0	0.0002	0
A	0.0005	0	0.0003	0
D	0.0026	0	0.0022	0
N	0.0014	0	0.0010	0
S	0.0019	0	0.0014	0
S	0.0041	0	0.0036	0
D	0.0016	0	0.0013	0
A	0.0002	0	0.0001	0
I	0.0002	0	0.0001	0
T	0.0003	0	0.0002	0
D	0.0003	0	0.0002	0
A	0.0001	0	0.0000	0
L	0.0001	0	0.0000	0
M	0.0017	0	0.0014	0
L	0.0005	0	0.0002	0
G	0.0006	0	0.0003	0
A	0.0007	0	0.0010	0
Q	0.0062	0	0.0117	0
D	0.0029	0	0.0038	0
A	0.0061	0	0.0044	0
L	0.0005	0	0.0001	0
P	0.0005	0	0.0001	0
Q	0.0062	0	0.0023	0
G	0.0027	0	0.0008	0
E	0.0090	0	0.0036	0
D	0.0020	0	0.0006	0
E	0.0020	0	0.0009	0
R	0.0014	0	0.0008	0
L	0.0002	0	0.0001	0
V	0.0002	0	0.0001	0
L	0.0002	0	0.0001	0
V	0.0002	0	0.0001	0
A	0.0003	0	0.0001	0
N	0.0006	0	0.0003	0
R	0.0015	0	0.0007	0
E	0.0003	0	0.0001	0
L	0.0003	0	0.0001	0
A	0.0017	0	0.0008	0
G	0.0038	0	0.0015	0
L	0.0012	0	0.0006	0
A	0.0053	0	0.0022	0
E	0.0073	0	0.0032	0
R	0.0064	0	0.0024	0
R	0.0852	0	0.0460	0
A	0.0010	0	0.0002	0
R	0.0081	0	0.0024	0
R	0.0470	0	0.0179	0
A	0.0028	0	0.0005	0
A	0.0004	0	0.0001	0
E	0.0006	0	0.0002	0
L	0.0004	0	0.0002	0
A	0.0003	0	0.0001	0
L	0.0001	0	0.0000	0
R	0.0003	0	0.0001	0
E	0.0001	0	0.0000	0
A	0.0002	0	0.0000	0
E	0.0001	0	0.0000	0
K	0.0001	0	0.0000	0
R	0.0004	0	0.0002	0
C	0.0000	0	0.0000	0
Q	0.0003	0	0.0003	0
L	0.0001	0	0.0000	0
L	0.0000	0	0.0000	0
L	0.0000	0	0.0000	0
D	0.0001	0	0.0002	0
S	0.0002	0	0.0002	0
S	0.0001	0	0.0003	0
V	0.0003	0	0.0004	0
D	0.0002	0	0.0003	0
A	0.0001	0	0.0000	0
I	0.0001	0	0.0001	0
T	0.0000	0	0.0000	0
Y	0.0000	0	0.0000	0
V	0.0001	0	0.0001	0
H	0.0004	0	0.0007	0
D	0.0005	0	0.0009	0
G	0.0005	0	0.0007	0
M	0.0008	0	0.0007	0
H	0.0005	0	0.0005	0
I	0.0004	0	0.0004	0
Y	0.0008	0	0.0011	0
A	0.0008	0	0.0011	0
N	0.3108	0	0.3614	1
R	0.1131	0	0.1132	0
S	0.0070	0	0.0035	0
Y	0.0009	0	0.0008	0
M	0.0002	0	0.0002	0
A	0.0001	0	0.0002	0
L	0.0000	0	0.0000	0
F	0.0000	0	0.0000	0
G	0.0001	0	0.0002	0
Y	0.0002	0	0.0003	0
E	0.0005	0	0.0003	0
D	0.0008	0	0.0006	0
A	0.0001	0	0.0001	0
E	0.0001	0	0.0001	0
E	0.0001	0	0.0000	0
L	0.0000	0	0.0000	0
E	0.0001	0	0.0000	0
G	0.0007	0	0.0002	0
L	0.0027	0	0.0003	0
P	0.0031	0	0.0001	0
V	0.0011	0	0.0001	0
I	0.0002	0	0.0000	0
D	0.0001	0	0.0000	0
L	0.0000	0	0.0000	0
I	0.0000	0	0.0000	0
A	0.0001	0	0.0000	0
S	0.0001	0	0.0000	0
C	0.0001	0	0.0000	0
D	0.0001	0	0.0000	0
Q	0.0010	0	0.0003	0
G	0.0002	0	0.0000	0
A	0.0002	0	0.0001	0
F	0.0002	0	0.0001	0
K	0.0017	0	0.0020	0
D	0.0006	0	0.0007	0
F	0.0001	0	0.0001	0
L	0.0001	0	0.0000	0
K	0.0013	0	0.0015	0
G	0.0011	0	0.0006	0
Y	0.0002	0	0.0001	0
Q	0.0001	0	0.0000	0
N	0.0008	0	0.0005	0
D	0.0017	0	0.0006	0
Q	0.0025	0	0.0004	0
R	0.0058	0	0.0005	0
Q	0.0106	0	0.0019	0
T	0.0024	0	0.0005	0
E	0.0021	0	0.0006	0
L	0.0004	0	0.0001	0
V	0.0007	0	0.0002	0
C	0.0001	0	0.0000	0
T	0.0026	0	0.0007	0
G	0.0006	0	0.0001	0
V	0.0009	0	0.0003	0
K	0.0081	0	0.0071	0
L	0.0184	0	0.0258	0
D	0.0014	0	0.0020	0
G	0.0013	0	0.0025	0
Q	0.0013	0	0.0011	0
E	0.0008	0	0.0005	0
F	0.0020	0	0.0011	0
K	0.0021	0	0.0011	0
A	0.0002	0	0.0001	0
R	0.0023	0	0.0029	0
I	0.0003	0	0.0002	0
S	0.0006	0	0.0004	0
L	0.0002	0	0.0001	0
S	0.0006	0	0.0003	0
A	0.0006	0	0.0003	0
A	0.0008	0	0.0004	0
T	0.0026	0	0.0016	0
Y	0.0091	0	0.0064	0
D	0.0019	0	0.0020	0
G	0.0012	0	0.0012	0
E	0.0010	0	0.0007	0
P	0.0006	0	0.0003	0
C	0.0006	0	0.0004	0
I	0.0009	0	0.0008	0
Q	0.0003	0	0.0002	0
V	0.0002	0	0.0002	0
V	0.0005	0	0.0004	0
I	0.0004	0	0.0003	0
R	0.0069	0	0.0061	0
G	0.0017	0	0.0011	0
E	0.0021	0	0.0016	0
V	0.0185	0	0.0291	0
D	0.0086	0	0.0090	0
N	0.0370	0	0.0324	0
A	0.0069	0	0.0045	0
E	0.0053	0	0.0053	0
L	0.0005	0	0.0005	0
E	0.0003	0	0.0006	0
E	0.0010	0	0.0022	0
K	0.0011	0	0.0013	0
L	0.0002	0	0.0001	0
R	0.0011	0	0.0014	0
E	0.0007	0	0.0007	0
V	0.0030	0	0.0032	0
S	0.0037	0	0.0035	0
S	0.0027	0	0.0022	0
Q	0.0051	0	0.0043	0
D	0.0004	0	0.0002	0
P	0.0006	0	0.0004	0
V	0.0002	0	0.0003	0
T	0.0000	0	0.0001	0
G	0.0008	0	0.0017	0
L	0.0003	0	0.0006	0
Y	0.0017	0	0.0049	0
N	0.3709	1	0.3633	1
R	0.2196	0	0.2651	1
S	0.0028	0	0.0019	0
H	0.0004	0	0.0002	0
F	0.0004	0	0.0002	0
L	0.0002	0	0.0001	0
D	0.0002	0	0.0003	0
L	0.0001	0	0.0001	0
M	0.0000	0	0.0000	0
D	0.0000	0	0.0000	0
A	0.0000	0	0.0000	0
A	0.0000	0	0.0000	0
V	0.0000	0	0.0000	0
Q	0.0002	0	0.0010	0
Q	0.0001	0	0.0005	0
A	0.0000	0	0.0001	0
V	0.0001	0	0.0003	0
T	0.0001	0	0.0003	0
A	0.0001	0	0.0002	0
R	0.0000	0	0.0001	0
K	0.0001	0	0.0001	0
P	0.0001	0	0.0001	0
S	0.0000	0	0.0000	0
T	0.0000	0	0.0000	0
L	0.0000	0	0.0000	0
A	0.0000	0	0.0000	0
Y	0.0001	0	0.0003	0
I	0.0001	0	0.0003	0
H	0.0500	0	0.1189	0
L	0.0046	0	0.0055	0
N	0.0742	0	0.0541	0
G	0.1116	0	0.0613	0
Y	0.0369	0	0.0161	0
P	0.2277	0	0.0305	0
S	0.0161	0	0.0016	0
L	0.0001	0	0.0000	0
Q	0.0170	0	0.0101	0
A	0.0019	0	0.0016	0
D	0.0011	0	0.0008	0
H	0.0011	0	0.0010	0
G	0.0002	0	0.0001	0
L	0.0005	0	0.0002	0
S	0.0000	0	0.0000	0
G	0.0000	0	0.0000	0
I	0.0002	0	0.0002	0
D	0.0007	0	0.0003	0
L	0.0001	0	0.0000	0
L	0.0000	0	0.0000	0
L	0.0000	0	0.0000	0
G	0.0010	0	0.0001	0
Q	0.0000	0	0.0000	0
L	0.0000	0	0.0000	0
A	0.0000	0	0.0000	0
G	0.0000	0	0.0000	0
L	0.0000	0	0.0000	0
M	0.0000	0	0.0000	0
R	0.0017	0	0.0003	0
E	0.0001	0	0.0000	0
Q	0.0000	0	0.0000	0
F	0.0000	0	0.0000	0
G	0.0009	0	0.0005	0
E	0.0001	0	0.0000	0
E	0.0001	0	0.0000	0
A	0.0001	0	0.0000	0
D	0.0001	0	0.0000	0
L	0.0000	0	0.0000	0
A	0.0001	0	0.0000	0
R	0.0061	0	0.0037	0
F	0.0009	0	0.0002	0
G	0.0057	0	0.0017	0
D	0.0173	0	0.0030	0
S	0.0017	0	0.0003	0
I	0.0104	0	0.0015	0
F	0.0045	0	0.0005	0
A	0.0003	0	0.0000	0
A	0.0001	0	0.0000	0
L	0.0000	0	0.0000	0
F	0.0000	0	0.0000	0
K	0.0001	0	0.0000	0
G	0.0003	0	0.0001	0
K	0.0002	0	0.0001	0
T	0.0002	0	0.0000	0
P	0.0002	0	0.0001	0
E	0.0002	0	0.0000	0
Q	0.0003	0	0.0001	0
A	0.0001	0	0.0000	0
Q	0.0001	0	0.0000	0
A	0.0001	0	0.0000	0
A	0.0001	0	0.0000	0
L	0.0000	0	0.0000	0
Q	0.0001	0	0.0000	0
R	0.0008	0	0.0003	0
L	0.0001	0	0.0000	0
L	0.0000	0	0.0000	0
K	0.0000	0	0.0000	0
K	0.0000	0	0.0000	0
V	0.0000	0	0.0000	0
E	0.0000	0	0.0000	0
N	0.0000	0	0.0000	0
H	0.0000	0	0.0000	0
L	0.0001	0	0.0001	0
F	0.0001	0	0.0001	0
E	0.0002	0	0.0002	0
L	0.0002	0	0.0001	0
N	0.0009	0	0.0015	0
G	0.0010	0	0.0016	0
R	0.0046	0	0.0039	0
S	0.0049	0	0.0034	0
A	0.0062	0	0.0027	0
Q	0.3089	0	0.2533	1
A	0.0252	0	0.0103	0
T	0.7806	1	0.3850	1
L	0.0110	0	0.0019	0
S	0.0769	0	0.0312	0
I	0.0015	0	0.0009	0
G	0.0015	0	0.0009	0
V	0.0002	0	0.0001	0
A	0.0003	0	0.0001	0
G	0.0018	0	0.0010	0
L	0.0006	0	0.0002	0
D	0.0020	0	0.0011	0
E	0.0006	0	0.0001	0
K	0.0003	0	0.0001	0
T	0.0003	0	0.0001	0
A	0.0004	0	0.0001	0
K	0.0011	0	0.0003	0
A	0.0006	0	0.0001	0
Q	0.0005	0	0.0002	0
D	0.0005	0	0.0001	0
V	0.0001	0	0.0000	0
M	0.0001	0	0.0000	0
N	0.0016	0	0.0007	0
R	0.0012	0	0.0003	0
A	0.0003	0	0.0000	0
H	0.0087	0	0.0019	0
R	0.0223	0	0.0041	0
C	0.0002	0	0.0000	0
A	0.0000	0	0.0000	0
D	0.0002	0	0.0000	0
D	0.0007	0	0.0001	0
A	0.0001	0	0.0000	0
A	0.0017	0	0.0002	0
R	0.0004	0	0.0000	0
K	0.0004	0	0.0000	0
G	0.0003	0	0.0000	0
G	0.0004	0	0.0000	0
S	0.0004	0	0.0000	0
Q	0.0016	0	0.0001	0
I	0.0010	0	0.0000	0
K	0.0079	0	0.0001	0
Q	0.0045	0	0.0000	0
Y	0.0028	0	0.0000	0
N	0.0092	0	0.0001	0
P	0.0068	0	0.0001	0
A	0.0077	0	0.0000	0
E	0.0021	0	0.0000	0
E	0.0076	0	0.0000	0
L	0.0028	0	0.0000	0
A	0.0065	0	0.0000	0
A	0.0085	0	0.0000	0
A	0.0137	0	0.0000	0
A	0.0075	0	0.0000	0
Q	0.0078	0	0.0000	0
R	0.0910	0	0.0004	0
G	0.0037	0	0.0000	0
D	0.0013	0	0.0000	0
V	0.0013	0	0.0000	0
I	0.0004	0	0.0000	0
A	0.0007	0	0.0000	0
I	0.0002	0	0.0000	0
L	0.0001	0	0.0000	0
Q	0.0072	0	0.0004	0
Q	0.0004	0	0.0000	0
A	0.0001	0	0.0000	0
L	0.0000	0	0.0000	0
E	0.0001	0	0.0000	0
T	0.0002	0	0.0000	0
N	0.0000	0	0.0000	0
S	0.0001	0	0.0000	0
F	0.0000	0	0.0000	0
R	0.0002	0	0.0000	0
L	0.0001	0	0.0000	0
L	0.0001	0	0.0000	0
F	0.0006	0	0.0000	0
Q	0.0285	0	0.0013	0
P	0.0003	0	0.0000	0
V	0.0056	0	0.0008	0
I	0.0054	0	0.0014	0
S	0.0020	0	0.0007	0
L	0.0005	0	0.0001	0
R	0.0013	0	0.0004	0
G	0.0006	0	0.0001	0
D	0.0004	0	0.0001	0
S	0.0014	0	0.0002	0
H	0.0016	0	0.0003	0
E	0.0013	0	0.0003	0
N	0.0016	0	0.0005	0
Y	0.0004	0	0.0001	0
E	0.0042	0	0.0010	0
V	0.0006	0	0.0001	0
L	0.0017	0	0.0003	0
L	0.0003	0	0.0001	0
R	0.0639	0	0.0297	0
L	0.0005	0	0.0001	0
L	0.0013	0	0.0004	0
N	0.0010	0	0.0002	0
P	0.0004	0	0.0001	0
Q	0.0003	0	0.0000	0
G	0.0002	0	0.0000	0
Q	0.0002	0	0.0000	0
E	0.0003	0	0.0000	0
V	0.0001	0	0.0000	0
P	0.0003	0	0.0000	0
P	0.0003	0	0.0000	0
A	0.0002	0	0.0000	0
E	0.0001	0	0.0000	0
F	0.0002	0	0.0000	0
L	0.0330	0	0.0015	0
H	0.0004	0	0.0000	0
A	0.0002	0	0.0000	0
A	0.0001	0	0.0000	0
K	0.0002	0	0.0000	0
E	0.0002	0	0.0000	0
A	0.0001	0	0.0000	0
G	0.0001	0	0.0000	0
L	0.0001	0	0.0000	0
A	0.0003	0	0.0000	0
E	0.0010	0	0.0001	0
K	0.0003	0	0.0000	0
I	0.0002	0	0.0000	0
D	0.0008	0	0.0001	0
R	0.0006	0	0.0001	0
W	0.0015	0	0.0004	0
V	0.0002	0	0.0000	0
I	0.0001	0	0.0000	0
L	0.0004	0	0.0000	0
N	0.0002	0	0.0000	0
S	0.0000	0	0.0000	0
I	0.0001	0	0.0000	0
K	0.0038	0	0.0025	0
L	0.0004	0	0.0002	0
L	0.0003	0	0.0001	0
A	0.0050	0	0.0085	0
E	0.0003	0	0.0004	0
H	0.0008	0	0.0012	0
R	0.0005	0	0.0005	0
A	0.0002	0	0.0002	0
K	0.0002	0	0.0005	0
G	0.0001	0	0.0002	0
H	0.0001	0	0.0001	0
Q	0.0003	0	0.0003	0
T	0.0001	0	0.0000	0
K	0.0031	0	0.0028	0
L	0.0006	0	0.0002	0
F	0.3018	0	0.2035	1
V	0.1455	0	0.0656	0
H	0.8535	1	0.2649	1
L	0.0918	0	0.0126	0
S	0.0089	0	0.0005	0
S	0.0010	0	0.0000	0
A	0.0002	0	0.0000	0
S	0.0001	0	0.0000	0
L	0.0000	0	0.0000	0
Q	0.0001	0	0.0000	0
D	0.0002	0	0.0000	0
P	0.0001	0	0.0000	0
G	0.0002	0	0.0000	0
L	0.0001	0	0.0000	0
L	0.0001	0	0.0000	0
P	0.0000	0	0.0000	0
W	0.0000	0	0.0000	0
L	0.0000	0	0.0000	0
G	0.0000	0	0.0000	0
V	0.0000	0	0.0000	0
A	0.0000	0	0.0000	0
L	0.0000	0	0.0000	0
K	0.0000	0	0.0000	0
A	0.0000	0	0.0000	0
A	0.0000	0	0.0000	0
R	0.0000	0	0.0000	0
L	0.0000	0	0.0000	0
P	0.0000	0	0.0000	0
P	0.0000	0	0.0000	0
E	0.0000	0	0.0000	0
S	0.0000	0	0.0000	0
L	0.0000	0	0.0000	0
V	0.0001	0	0.0000	0
F	0.0001	0	0.0000	0
Q	0.0718	0	0.0365	0
I	0.0015	0	0.0001	0
S	0.1079	0	0.0191	0
E	0.2153	0	0.0348	0
A	0.3751	1	0.1173	0
D	0.0158	0	0.0026	0
A	0.0016	0	0.0003	0
T	0.0041	0	0.0020	0
S	0.0042	0	0.0017	0
Y	0.0027	0	0.0008	0
L	0.0054	0	0.0013	0
K	0.0020	0	0.0006	0
Q	0.0073	0	0.0019	0
A	0.0007	0	0.0001	0
K	0.0017	0	0.0007	0
Q	0.0003	0	0.0001	0
L	0.0001	0	0.0000	0
T	0.0001	0	0.0000	0
Q	0.0003	0	0.0001	0
G	0.0000	0	0.0000	0
L	0.0000	0	0.0000	0
A	0.0036	0	0.0171	0
T	0.0001	0	0.0000	0
L	0.0000	0	0.0000	0
H	0.0003	0	0.0006	0
C	0.0000	0	0.0000	0
Q	0.0014	0	0.0017	0
A	0.0043	0	0.0019	0
A	0.0040	0	0.0009	0
I	0.0762	0	0.0100	0
S	0.2787	0	0.0520	0
Q	0.4480	1	0.1644	1
F	0.0204	0	0.0045	0
G	0.0108	0	0.0014	0
C	0.0452	0	0.0036	0
S	0.0650	0	0.0035	0
L	0.3366	0	0.0320	0
N	0.1639	0	0.0066	0
P	0.0556	0	0.0008	0
F	0.0040	0	0.0001	0
N	0.0013	0	0.0000	0
A	0.0003	0	0.0000	0
L	0.0000	0	0.0000	0
K	0.0012	0	0.0002	0
H	0.0006	0	0.0001	0
L	0.0000	0	0.0000	0
T	0.0001	0	0.0000	0
V	0.0000	0	0.0000	0
Q	0.0001	0	0.0000	0
F	0.0001	0	0.0000	0
I	0.0001	0	0.0000	0
K	0.1690	0	0.0025	0
I	0.0033	0	0.0000	0
D	0.0076	0	0.0001	0
G	0.0010	0	0.0000	0
S	0.0003	0	0.0000	0
F	0.0001	0	0.0000	0
V	0.0001	0	0.0000	0
Q	0.0001	0	0.0000	0
D	0.0001	0	0.0000	0
L	0.0000	0	0.0000	0
N	0.0001	0	0.0000	0
Q	0.0005	0	0.0000	0
V	0.0010	0	0.0000	0
E	0.0011	0	0.0000	0
N	0.0013	0	0.0000	0
Q	0.0002	0	0.0000	0
E	0.0001	0	0.0000	0
I	0.0000	0	0.0000	0
L	0.0000	0	0.0000	0
K	0.0016	0	0.0001	0
G	0.0002	0	0.0000	0
L	0.0000	0	0.0000	0
I	0.0000	0	0.0000	0
A	0.0000	0	0.0000	0
E	0.0000	0	0.0000	0
L	0.0000	0	0.0000	0
H	0.0003	0	0.0000	0
E	0.0001	0	0.0000	0
Q	0.0001	0	0.0000	0
Q	0.0001	0	0.0000	0
K	0.0000	0	0.0000	0
L	0.0000	0	0.0000	0
S	0.0000	0	0.0000	0
I	0.0000	0	0.0000	0
V	0.0000	0	0.0000	0
P	0.0011	0	0.0001	0
F	0.0006	0	0.0001	0
V	0.0014	0	0.0002	0
E	0.0031	0	0.0001	0
S	0.0007	0	0.0000	0
A	0.0002	0	0.0000	0
S	0.0001	0	0.0000	0
V	0.0002	0	0.0000	0
L	0.0000	0	0.0000	0
A	0.0000	0	0.0000	0
T	0.0000	0	0.0000	0
L	0.0000	0	0.0000	0
W	0.0000	0	0.0000	0
Q	0.0000	0	0.0000	0
A	0.0000	0	0.0000	0
G	0.0001	0	0.0000	0
A	0.0001	0	0.0000	0
T	0.0004	0	0.0001	0
Y	0.0003	0	0.0002	0
I	0.0009	0	0.0028	0
Q	0.0330	0	0.4832	1
G	0.0261	0	0.1757	1
Y	0.0211	0	0.1479	0
Y	0.0112	0	0.0255	0
L	0.0145	0	0.0066	0
Q	0.0012	0	0.0003	0
G	0.0018	0	0.0008	0
P	0.0010	0	0.0007	0
S	0.0006	0	0.0008	0
Q	0.0015	0	0.0020	0
A	0.0015	0	0.0013	0
M	0.0018	0	0.0011	0
D	0.0031	0	0.0020	0
Y	0.0007	0	0.0003	0
D	0.0004	0	0.0001	0
F	0.0002	0	0.0000	0
S	0.0007	0	0.0002	0
S	0.0002	0	0.0000	0
G	0.0001	0	0.0000	0
D	0.0003	0	0.0001	0
E	0.0016	0	0.0005	0
</pre></body></html>