<html><head></head><body><pre style="word-wrap: break-word; white-space: pre-wrap;">&gt;Q13325
Amino Acid	probability_DNA	binary_DNA	probability_RNA	binary_RNA
M	0.3950	1	0.0002	0
S	0.2930	0	0.0001	0
E	0.1670	0	0.0000	0
I	0.0935	0	0.0000	0
R	0.0531	0	0.0000	0
K	0.1413	0	0.0000	0
D	0.0198	0	0.0000	0
T	0.0224	0	0.0000	0
L	0.0005	0	0.0000	0
K	0.0054	0	0.0000	0
A	0.0010	0	0.0000	0
I	0.0005	0	0.0000	0
L	0.0004	0	0.0000	0
L	0.0015	0	0.0000	0
E	0.0071	0	0.0000	0
L	0.0015	0	0.0000	0
E	0.1391	0	0.0000	0
C	0.0062	0	0.0000	0
H	0.1497	0	0.0002	0
F	0.0463	0	0.0000	0
T	0.0405	0	0.0000	0
W	0.0056	0	0.0000	0
N	0.0024	0	0.0000	0
L	0.0007	0	0.0000	0
L	0.0029	0	0.0000	0
K	0.0173	0	0.0000	0
E	0.0030	0	0.0000	0
D	0.0016	0	0.0000	0
I	0.0014	0	0.0000	0
D	0.0015	0	0.0000	0
L	0.0075	0	0.0000	0
F	0.0047	0	0.0000	0
E	0.0009	0	0.0000	0
V	0.0003	0	0.0000	0
E	0.0012	0	0.0000	0
D	0.0009	0	0.0000	0
T	0.0010	0	0.0000	0
I	0.0002	0	0.0000	0
G	0.0006	0	0.0000	0
Q	0.0016	0	0.0000	0
Q	0.0010	0	0.0000	0
L	0.0006	0	0.0000	0
E	0.0054	0	0.0000	0
F	0.0019	0	0.0000	0
L	0.0015	0	0.0000	0
T	0.0473	0	0.0000	0
T	0.2874	0	0.0000	0
K	0.2015	0	0.0000	0
S	0.1225	0	0.0000	0
R	0.2557	0	0.0000	0
L	0.0254	0	0.0000	0
A	0.0220	0	0.0000	0
L	0.0041	0	0.0000	0
Y	0.0070	0	0.0000	0
N	0.0090	0	0.0000	0
L	0.0021	0	0.0000	0
L	0.0344	0	0.0003	0
A	0.0189	0	0.0000	0
Y	0.0109	0	0.0000	0
V	0.0014	0	0.0000	0
K	0.0563	0	0.0001	0
H	0.0632	0	0.0001	0
L	0.0195	0	0.0000	0
K	0.2426	0	0.0007	0
G	0.0375	0	0.0000	0
Q	0.0185	0	0.0000	0
N	0.0173	0	0.0000	0
K	0.0057	0	0.0000	0
D	0.0019	0	0.0000	0
A	0.0003	0	0.0000	0
L	0.0001	0	0.0000	0
E	0.0002	0	0.0000	0
C	0.0001	0	0.0000	0
L	0.0001	0	0.0000	0
E	0.0007	0	0.0000	0
Q	0.0085	0	0.0000	0
A	0.0004	0	0.0000	0
E	0.0006	0	0.0000	0
E	0.0007	0	0.0000	0
I	0.0004	0	0.0000	0
I	0.0007	0	0.0000	0
Q	0.0398	0	0.0000	0
Q	0.0258	0	0.0000	0
E	0.0064	0	0.0000	0
H	0.0118	0	0.0000	0
S	0.0047	0	0.0000	0
D	0.0178	0	0.0000	0
K	0.0655	0	0.0000	0
E	0.0083	0	0.0000	0
E	0.0122	0	0.0000	0
V	0.0048	0	0.0000	0
R	0.1110	0	0.0000	0
S	0.0045	0	0.0000	0
L	0.0016	0	0.0000	0
V	0.0010	0	0.0000	0
T	0.0016	0	0.0000	0
W	0.0065	0	0.0000	0
G	0.0014	0	0.0000	0
N	0.0006	0	0.0000	0
Y	0.0029	0	0.0000	0
A	0.0011	0	0.0000	0
W	0.0134	0	0.0000	0
V	0.0018	0	0.0000	0
Y	0.0402	0	0.0000	0
Y	0.0495	0	0.0000	0
H	0.0740	0	0.0000	0
M	0.0333	0	0.0000	0
D	0.0050	0	0.0000	0
Q	0.0051	0	0.0000	0
L	0.0007	0	0.0000	0
E	0.0010	0	0.0000	0
E	0.0022	0	0.0000	0
A	0.0003	0	0.0000	0
Q	0.0015	0	0.0000	0
K	0.0011	0	0.0000	0
Y	0.0007	0	0.0000	0
T	0.0003	0	0.0000	0
G	0.0046	0	0.0000	0
K	0.1006	0	0.0000	0
I	0.0007	0	0.0000	0
G	0.0012	0	0.0000	0
N	0.0054	0	0.0000	0
V	0.0002	0	0.0000	0
C	0.0004	0	0.0000	0
K	0.0021	0	0.0000	0
K	0.0024	0	0.0000	0
L	0.0030	0	0.0000	0
S	0.0063	0	0.0000	0
S	0.0062	0	0.0000	0
P	0.0076	0	0.0000	0
S	0.0113	0	0.0000	0
N	0.0118	0	0.0000	0
Y	0.0132	0	0.0000	0
K	0.0230	0	0.0000	0
L	0.0056	0	0.0000	0
E	0.0288	0	0.0000	0
C	0.0354	0	0.0000	0
P	0.0120	0	0.0000	0
E	0.1073	0	0.0000	0
T	0.0019	0	0.0000	0
D	0.0046	0	0.0000	0
C	0.0019	0	0.0000	0
E	0.0105	0	0.0000	0
K	0.0502	0	0.0000	0
G	0.0033	0	0.0000	0
W	0.0096	0	0.0000	0
A	0.0004	0	0.0000	0
L	0.0066	0	0.0000	0
L	0.0006	0	0.0000	0
K	0.0214	0	0.0000	0
F	0.0029	0	0.0000	0
G	0.3088	0	0.0004	0
G	0.4380	1	0.0005	0
K	0.3390	0	0.0002	0
Y	0.0895	0	0.0000	0
Y	0.1348	0	0.0000	0
Q	0.0066	0	0.0000	0
K	0.1402	0	0.0000	0
A	0.0020	0	0.0000	0
K	0.0008	0	0.0000	0
A	0.0002	0	0.0000	0
A	0.0001	0	0.0000	0
F	0.0002	0	0.0000	0
E	0.0056	0	0.0000	0
K	0.1129	0	0.0000	0
A	0.0005	0	0.0000	0
L	0.0010	0	0.0000	0
E	0.0071	0	0.0000	0
V	0.0097	0	0.0000	0
E	0.0076	0	0.0000	0
P	0.0638	0	0.0002	0
D	0.0908	0	0.0003	0
N	0.0543	0	0.0002	0
P	0.0305	0	0.0001	0
E	0.3284	0	0.0016	0
F	0.0042	0	0.0000	0
N	0.1221	0	0.0004	0
I	0.0024	0	0.0000	0
G	0.0387	0	0.0001	0
Y	0.2105	0	0.0012	0
A	0.0212	0	0.0001	0
I	0.0474	0	0.0001	0
T	0.0010	0	0.0000	0
V	0.0840	0	0.0001	0
Y	0.0031	0	0.0000	0
R	0.0528	0	0.0000	0
L	0.0091	0	0.0000	0
D	0.0028	0	0.0000	0
D	0.0065	0	0.0000	0
S	0.0014	0	0.0000	0
D	0.0012	0	0.0000	0
R	0.0014	0	0.0000	0
E	0.0009	0	0.0000	0
G	0.0008	0	0.0000	0
S	0.0013	0	0.0000	0
V	0.0015	0	0.0000	0
K	0.0011	0	0.0000	0
S	0.0015	0	0.0000	0
F	0.0008	0	0.0000	0
S	0.0001	0	0.0000	0
L	0.0002	0	0.0000	0
G	0.0001	0	0.0000	0
P	0.0001	0	0.0000	0
L	0.0001	0	0.0000	0
R	0.0021	0	0.0000	0
K	0.1218	0	0.0001	0
A	0.0004	0	0.0000	0
V	0.0012	0	0.0000	0
T	0.0023	0	0.0000	0
L	0.0011	0	0.0000	0
N	0.0033	0	0.0000	0
P	0.0512	0	0.0005	0
D	0.0364	0	0.0002	0
N	0.0654	0	0.0009	0
S	0.0156	0	0.0001	0
Y	0.0388	0	0.0000	0
I	0.0024	0	0.0000	0
K	0.0805	0	0.0001	0
V	0.0004	0	0.0000	0
F	0.0008	0	0.0000	0
L	0.0066	0	0.0000	0
A	0.0012	0	0.0000	0
L	0.0013	0	0.0000	0
K	0.0005	0	0.0000	0
L	0.0027	0	0.0000	0
Q	0.0021	0	0.0000	0
D	0.0022	0	0.0000	0
V	0.0068	0	0.0000	0
H	0.0053	0	0.0000	0
A	0.0029	0	0.0000	0
E	0.0025	0	0.0000	0
A	0.0010	0	0.0000	0
E	0.0017	0	0.0000	0
G	0.0001	0	0.0000	0
E	0.0003	0	0.0000	0
K	0.0002	0	0.0000	0
Y	0.0001	0	0.0000	0
I	0.0001	0	0.0000	0
E	0.0011	0	0.0000	0
E	0.0020	0	0.0000	0
I	0.0003	0	0.0000	0
L	0.0028	0	0.0000	0
D	0.0071	0	0.0000	0
Q	0.0206	0	0.0000	0
I	0.0026	0	0.0000	0
S	0.1786	0	0.0002	0
S	0.0579	0	0.0000	0
Q	0.0622	0	0.0000	0
P	0.0142	0	0.0000	0
Y	0.0960	0	0.0000	0
V	0.0039	0	0.0000	0
L	0.0150	0	0.0000	0
R	0.0394	0	0.0000	0
Y	0.0172	0	0.0000	0
A	0.2142	0	0.0002	0
A	0.0166	0	0.0000	0
K	0.2031	0	0.0001	0
F	0.0012	0	0.0000	0
Y	0.0713	0	0.0000	0
R	0.0217	0	0.0000	0
R	0.0374	0	0.0000	0
K	0.0047	0	0.0000	0
N	0.0025	0	0.0000	0
S	0.0022	0	0.0000	0
W	0.0006	0	0.0000	0
N	0.0005	0	0.0000	0
K	0.0025	0	0.0000	0
A	0.0002	0	0.0000	0
L	0.0007	0	0.0000	0
E	0.0003	0	0.0000	0
L	0.0001	0	0.0000	0
L	0.0001	0	0.0000	0
K	0.0011	0	0.0000	0
K	0.0047	0	0.0000	0
A	0.0002	0	0.0000	0
L	0.0008	0	0.0000	0
E	0.0017	0	0.0000	0
V	0.0024	0	0.0000	0
T	0.0058	0	0.0001	0
P	0.0625	0	0.0006	0
T	0.0325	0	0.0003	0
S	0.0556	0	0.0011	0
S	0.0087	0	0.0001	0
F	0.1113	0	0.0003	0
L	0.0048	0	0.0000	0
H	0.0769	0	0.0002	0
H	0.0028	0	0.0000	0
Q	0.0043	0	0.0000	0
M	0.0067	0	0.0000	0
G	0.0016	0	0.0000	0
L	0.0023	0	0.0000	0
C	0.0003	0	0.0000	0
Y	0.0208	0	0.0000	0
R	0.0571	0	0.0000	0
A	0.0011	0	0.0000	0
Q	0.0010	0	0.0000	0
M	0.0005	0	0.0000	0
I	0.0033	0	0.0000	0
Q	0.0011	0	0.0000	0
I	0.0002	0	0.0000	0
K	0.0005	0	0.0000	0
K	0.0046	0	0.0000	0
A	0.0010	0	0.0000	0
T	0.0005	0	0.0000	0
H	0.0019	0	0.0000	0
N	0.0057	0	0.0000	0
R	0.0037	0	0.0000	0
P	0.0010	0	0.0000	0
K	0.0098	0	0.0000	0
G	0.0068	0	0.0000	0
K	0.0075	0	0.0000	0
D	0.0015	0	0.0000	0
K	0.0065	0	0.0000	0
L	0.0015	0	0.0000	0
K	0.0011	0	0.0000	0
V	0.0002	0	0.0000	0
D	0.0004	0	0.0000	0
E	0.0002	0	0.0000	0
L	0.0001	0	0.0000	0
I	0.0001	0	0.0000	0
S	0.0006	0	0.0000	0
S	0.0003	0	0.0000	0
A	0.0001	0	0.0000	0
I	0.0001	0	0.0000	0
F	0.0001	0	0.0000	0
H	0.0000	0	0.0000	0
F	0.0001	0	0.0000	0
K	0.0012	0	0.0000	0
A	0.0076	0	0.0000	0
A	0.0006	0	0.0000	0
M	0.0007	0	0.0000	0
E	0.0018	0	0.0000	0
R	0.0076	0	0.0000	0
D	0.0743	0	0.0004	0
S	0.1135	0	0.0003	0
M	0.0685	0	0.0002	0
F	0.2115	0	0.0022	0
A	0.0139	0	0.0001	0
F	0.1594	0	0.0002	0
A	0.0083	0	0.0000	0
Y	0.0687	0	0.0001	0
T	0.0013	0	0.0000	0
D	0.0013	0	0.0000	0
L	0.0535	0	0.0002	0
A	0.0012	0	0.0000	0
N	0.0086	0	0.0000	0
M	0.0013	0	0.0000	0
Y	0.0691	0	0.0001	0
A	0.0023	0	0.0000	0
E	0.0175	0	0.0000	0
G	0.0014	0	0.0000	0
G	0.0006	0	0.0000	0
Q	0.0018	0	0.0000	0
Y	0.0013	0	0.0000	0
S	0.0002	0	0.0000	0
N	0.0013	0	0.0000	0
A	0.0001	0	0.0000	0
E	0.0002	0	0.0000	0
D	0.0001	0	0.0000	0
I	0.0000	0	0.0000	0
F	0.0001	0	0.0000	0
R	0.0009	0	0.0000	0
K	0.0012	0	0.0000	0
A	0.0002	0	0.0000	0
L	0.0015	0	0.0000	0
R	0.0017	0	0.0000	0
L	0.0026	0	0.0000	0
E	0.0142	0	0.0000	0
N	0.0271	0	0.0000	0
I	0.0067	0	0.0000	0
T	0.0044	0	0.0000	0
D	0.0064	0	0.0000	0
D	0.0106	0	0.0000	0
H	0.0068	0	0.0000	0
K	0.0570	0	0.0001	0
H	0.0040	0	0.0000	0
Q	0.0057	0	0.0000	0
I	0.0005	0	0.0000	0
H	0.0063	0	0.0000	0
Y	0.0028	0	0.0000	0
H	0.0041	0	0.0000	0
Y	0.0756	0	0.0009	0
G	0.0018	0	0.0000	0
R	0.0747	0	0.0009	0
F	0.0011	0	0.0000	0
Q	0.0032	0	0.0000	0
E	0.0030	0	0.0000	0
F	0.0783	0	0.0004	0
H	0.0639	0	0.0003	0
R	0.0362	0	0.0001	0
K	0.0298	0	0.0001	0
S	0.0061	0	0.0000	0
E	0.0132	0	0.0001	0
N	0.0011	0	0.0000	0
T	0.0014	0	0.0000	0
A	0.0002	0	0.0000	0
I	0.0001	0	0.0000	0
H	0.0001	0	0.0000	0
H	0.0001	0	0.0000	0
Y	0.0000	0	0.0000	0
L	0.0001	0	0.0000	0
E	0.0009	0	0.0000	0
A	0.0002	0	0.0000	0
L	0.0002	0	0.0000	0
K	0.0004	0	0.0000	0
V	0.0005	0	0.0000	0
K	0.0007	0	0.0000	0
D	0.0010	0	0.0000	0
R	0.0055	0	0.0000	0
S	0.0018	0	0.0000	0
P	0.0052	0	0.0000	0
L	0.0010	0	0.0000	0
R	0.0056	0	0.0000	0
T	0.0022	0	0.0000	0
K	0.0006	0	0.0000	0
L	0.0001	0	0.0000	0
T	0.0001	0	0.0000	0
S	0.0006	0	0.0000	0
A	0.0001	0	0.0000	0
L	0.0001	0	0.0000	0
K	0.0007	0	0.0000	0
K	0.0009	0	0.0000	0
L	0.0001	0	0.0000	0
S	0.0001	0	0.0000	0
T	0.0011	0	0.0000	0
K	0.0095	0	0.0000	0
R	0.0012	0	0.0000	0
L	0.0004	0	0.0000	0
C	0.0019	0	0.0000	0
H	0.0019	0	0.0000	0
N	0.0045	0	0.0000	0
A	0.0149	0	0.0000	0
L	0.0475	0	0.0000	0
D	0.0225	0	0.0000	0
V	0.1097	0	0.0001	0
Q	0.3357	0	0.0003	0
S	0.0067	0	0.0000	0
L	0.0200	0	0.0000	0
S	0.0009	0	0.0000	0
A	0.0005	0	0.0000	0
L	0.0031	0	0.0000	0
G	0.0009	0	0.0000	0
F	0.0004	0	0.0000	0
V	0.0001	0	0.0000	0
Y	0.0082	0	0.0000	0
K	0.0029	0	0.0000	0
L	0.0030	0	0.0000	0
E	0.0006	0	0.0000	0
G	0.0006	0	0.0000	0
E	0.0021	0	0.0000	0
K	0.0022	0	0.0000	0
R	0.0001	0	0.0000	0
Q	0.0010	0	0.0000	0
A	0.0001	0	0.0000	0
A	0.0001	0	0.0000	0
E	0.0000	0	0.0000	0
Y	0.0000	0	0.0000	0
Y	0.0002	0	0.0000	0
E	0.0009	0	0.0000	0
K	0.0015	0	0.0000	0
A	0.0002	0	0.0000	0
Q	0.0005	0	0.0000	0
K	0.0041	0	0.0000	0
I	0.0149	0	0.0001	0
D	0.0026	0	0.0000	0
P	0.0031	0	0.0000	0
E	0.0178	0	0.0001	0
N	0.0447	0	0.0005	0
A	0.2451	0	0.0033	0
E	0.2711	0	0.0014	0
F	0.0043	0	0.0000	0
L	0.0982	0	0.0003	0
T	0.0295	0	0.0000	0
A	0.0143	0	0.0000	0
L	0.0032	0	0.0000	0
C	0.0006	0	0.0000	0
E	0.0026	0	0.0000	0
L	0.0003	0	0.0000	0
R	0.0294	0	0.0000	0
L	0.0131	0	0.0000	0
S	0.0085	0	0.0000	0
I	0.0540	0	0.0000	0
</pre></body></html>