<html><head></head><body><pre style="word-wrap: break-word; white-space: pre-wrap;">&gt;Q5MXB2
Amino Acid	probability_DNA	binary_DNA	probability_RNA	binary_RNA
M	0.2809	0	0.0397	0
L	0.0979	0	0.0051	0
I	0.2520	0	0.0105	0
L	0.0058	0	0.0000	0
T	0.3475	0	0.0024	0
R	0.2327	0	0.0013	0
K	0.4833	1	0.0056	0
V	0.1387	0	0.0009	0
G	0.2343	0	0.0027	0
E	0.3536	1	0.0031	0
S	0.0441	0	0.0002	0
I	0.0007	0	0.0000	0
N	0.0012	0	0.0000	0
I	0.0004	0	0.0000	0
G	0.0010	0	0.0000	0
D	0.0075	0	0.0001	0
D	0.0276	0	0.0003	0
I	0.0013	0	0.0000	0
T	0.0225	0	0.0003	0
I	0.0004	0	0.0000	0
T	0.0013	0	0.0000	0
I	0.0002	0	0.0000	0
L	0.0007	0	0.0000	0
G	0.0006	0	0.0000	0
V	0.0013	0	0.0000	0
S	0.0064	0	0.0002	0
G	0.0071	0	0.0002	0
Q	0.0084	0	0.0001	0
Q	0.0357	0	0.0004	0
V	0.0009	0	0.0000	0
R	0.4723	1	0.0054	0
I	0.0069	0	0.0000	0
G	0.0187	0	0.0001	0
I	0.0333	0	0.0003	0
N	0.0438	0	0.0006	0
A	0.0385	0	0.0003	0
P	0.0578	0	0.0002	0
K	0.1700	0	0.0019	0
D	0.0457	0	0.0001	0
V	0.1141	0	0.0008	0
A	0.0997	0	0.0003	0
V	0.0009	0	0.0000	0
H	0.0244	0	0.0002	0
R	0.6498	1	0.0041	0
E	0.0442	0	0.0004	0
E	0.0932	0	0.0007	0
I	0.0027	0	0.0000	0
Y	0.0028	0	0.0001	0
Q	0.0014	0	0.0001	0
R	0.0040	0	0.0002	0
I	0.0019	0	0.0001	0
Q	0.0019	0	0.0001	0
A	0.0004	0	0.0000	0
G	0.0003	0	0.0000	0
L	0.0007	0	0.0000	0
T	0.0010	0	0.0000	0
A	0.0007	0	0.0000	0
P	0.0012	0	0.0000	0
D	0.0031	0	0.0001	0
K	0.0030	0	0.0000	0
R	0.0042	0	0.0000	0
E	0.0090	0	0.0002	0
T	0.0011	0	0.0001	0
P	0.0019	0	0.0001	0
</pre></body></html>