<html><head></head><body><pre style="word-wrap: break-word; white-space: pre-wrap;">&gt;F2Z293
Amino Acid	probability_DNA	binary_DNA	probability_RNA	binary_RNA
A	0.0052	0	0.0000	0
Q	0.0013	0	0.0000	0
P	0.0006	0	0.0000	0
K	0.0010	0	0.0000	0
S	0.0012	0	0.0000	0
G	0.0014	0	0.0000	0
F	0.0135	0	0.0000	0
S	0.0339	0	0.0000	0
T	0.0904	0	0.0001	0
D	0.0214	0	0.0000	0
R	0.3097	0	0.0000	0
P	0.0674	0	0.0000	0
L	0.2890	0	0.0001	0
W	0.1561	0	0.0001	0
Y	0.0156	0	0.0000	0
P	0.0020	0	0.0000	0
G	0.0087	0	0.0000	0
A	0.0052	0	0.0000	0
K	0.0011	0	0.0000	0
A	0.0023	0	0.0000	0
P	0.0018	0	0.0000	0
E	0.0116	0	0.0001	0
Y	0.2597	0	0.0026	0
L	0.0027	0	0.0000	0
D	0.0103	0	0.0002	0
G	0.0638	0	0.0007	0
S	0.1467	0	0.0016	0
L	0.0093	0	0.0001	0
V	0.0439	0	0.0017	0
G	0.0325	0	0.0015	0
D	0.0350	0	0.0015	0
Y	0.0115	0	0.0003	0
G	0.0020	0	0.0000	0
F	0.0010	0	0.0000	0
D	0.0005	0	0.0000	0
P	0.0005	0	0.0000	0
F	0.0003	0	0.0000	0
G	0.0005	0	0.0000	0
L	0.0017	0	0.0000	0
G	0.0014	0	0.0000	0
K	0.0032	0	0.0000	0
P	0.0011	0	0.0000	0
A	0.0015	0	0.0000	0
E	0.0006	0	0.0000	0
Y	0.0010	0	0.0000	0
L	0.0003	0	0.0000	0
Q	0.0007	0	0.0000	0
Y	0.0010	0	0.0000	0
D	0.0015	0	0.0000	0
Y	0.0012	0	0.0000	0
D	0.0020	0	0.0000	0
G	0.0062	0	0.0000	0
L	0.0072	0	0.0000	0
D	0.0154	0	0.0000	0
Q	0.0277	0	0.0000	0
N	0.0253	0	0.0000	0
L	0.0100	0	0.0000	0
A	0.0150	0	0.0000	0
K	0.0234	0	0.0000	0
N	0.0626	0	0.0000	0
L	0.0128	0	0.0000	0
A	0.0045	0	0.0000	0
G	0.0053	0	0.0000	0
D	0.0017	0	0.0000	0
I	0.0005	0	0.0000	0
I	0.0004	0	0.0000	0
G	0.0004	0	0.0000	0
T	0.0006	0	0.0000	0
R	0.0031	0	0.0000	0
T	0.0016	0	0.0000	0
E	0.0007	0	0.0000	0
S	0.0006	0	0.0000	0
A	0.0003	0	0.0000	0
D	0.0002	0	0.0000	0
V	0.0002	0	0.0000	0
K	0.0002	0	0.0000	0
S	0.0003	0	0.0000	0
T	0.0002	0	0.0000	0
S	0.0003	0	0.0000	0
L	0.0002	0	0.0000	0
Q	0.0003	0	0.0000	0
P	0.0002	0	0.0000	0
Y	0.0003	0	0.0000	0
S	0.0003	0	0.0000	0
E	0.0002	0	0.0000	0
V	0.0003	0	0.0000	0
F	0.0002	0	0.0000	0
G	0.0025	0	0.0000	0
L	0.0049	0	0.0000	0
Q	0.0077	0	0.0000	0
R	0.4185	1	0.0009	0
F	0.0830	0	0.0001	0
R	0.1089	0	0.0002	0
E	0.0043	0	0.0000	0
C	0.0156	0	0.0001	0
E	0.0532	0	0.0010	0
L	0.0600	0	0.0027	0
I	0.7880	1	0.0142	0
H	0.2693	0	0.0016	0
G	0.0207	0	0.0001	0
R	0.7967	1	0.0019	0
W	0.1402	0	0.0011	0
A	0.0035	0	0.0000	0
M	0.0873	0	0.0006	0
L	0.0030	0	0.0000	0
A	0.0003	0	0.0000	0
T	0.0001	0	0.0000	0
L	0.0002	0	0.0000	0
G	0.0009	0	0.0000	0
A	0.0001	0	0.0000	0
L	0.0000	0	0.0000	0
T	0.0004	0	0.0000	0
V	0.0002	0	0.0000	0
E	0.0002	0	0.0000	0
G	0.0001	0	0.0000	0
L	0.0005	0	0.0000	0
T	0.0008	0	0.0000	0
G	0.0010	0	0.0000	0
I	0.0005	0	0.0000	0
T	0.0003	0	0.0000	0
W	0.0075	0	0.0000	0
Q	0.0046	0	0.0000	0
D	0.0029	0	0.0000	0
A	0.0011	0	0.0000	0
G	0.0024	0	0.0000	0
K	0.0008	0	0.0000	0
V	0.0003	0	0.0000	0
E	0.0007	0	0.0000	0
L	0.0053	0	0.0000	0
I	0.0020	0	0.0000	0
E	0.0005	0	0.0000	0
G	0.0008	0	0.0000	0
S	0.0003	0	0.0000	0
S	0.0005	0	0.0000	0
Y	0.0029	0	0.0000	0
L	0.0004	0	0.0000	0
G	0.0005	0	0.0000	0
Q	0.0018	0	0.0000	0
P	0.0011	0	0.0000	0
L	0.0009	0	0.0000	0
P	0.0013	0	0.0000	0
F	0.0075	0	0.0000	0
S	0.0068	0	0.0000	0
M	0.0090	0	0.0000	0
T	0.0027	0	0.0000	0
T	0.0008	0	0.0000	0
L	0.0003	0	0.0000	0
I	0.0003	0	0.0000	0
W	0.0019	0	0.0000	0
I	0.0009	0	0.0000	0
E	0.0013	0	0.0000	0
V	0.0060	0	0.0000	0
L	0.0006	0	0.0000	0
V	0.0005	0	0.0000	0
I	0.0018	0	0.0000	0
G	0.0011	0	0.0000	0
Y	0.0029	0	0.0000	0
I	0.0028	0	0.0000	0
E	0.0094	0	0.0000	0
F	0.0011	0	0.0000	0
Q	0.0113	0	0.0000	0
R	0.0130	0	0.0000	0
N	0.0028	0	0.0000	0
A	0.0053	0	0.0000	0
E	0.0016	0	0.0000	0
L	0.0023	0	0.0000	0
D	0.0022	0	0.0000	0
T	0.0028	0	0.0000	0
E	0.0017	0	0.0000	0
K	0.0017	0	0.0000	0
R	0.0017	0	0.0000	0
L	0.0015	0	0.0000	0
Y	0.0076	0	0.0000	0
P	0.0013	0	0.0000	0
G	0.0062	0	0.0000	0
G	0.0270	0	0.0000	0
T	0.1005	0	0.0001	0
F	0.4794	1	0.0006	0
D	0.1743	0	0.0001	0
P	0.0849	0	0.0000	0
L	0.1943	0	0.0001	0
G	0.0833	0	0.0000	0
L	0.5191	1	0.0000	0
A	0.1849	0	0.0000	0
S	0.3304	0	0.0000	0
D	0.0058	0	0.0000	0
P	0.0034	0	0.0000	0
E	0.0047	0	0.0000	0
K	0.0153	0	0.0000	0
K	0.0065	0	0.0000	0
P	0.0014	0	0.0000	0
I	0.0023	0	0.0000	0
L	0.0333	0	0.0000	0
Q	0.3572	1	0.0001	0
L	0.0517	0	0.0000	0
A	0.6264	1	0.0013	0
E	0.3346	0	0.0008	0
I	0.0309	0	0.0000	0
K	0.8230	1	0.0016	0
H	0.6471	1	0.0007	0
A	0.0114	0	0.0000	0
R	0.8812	1	0.0005	0
L	0.0145	0	0.0000	0
A	0.0008	0	0.0000	0
M	0.0443	0	0.0001	0
V	0.0004	0	0.0000	0
G	0.0009	0	0.0000	0
F	0.0007	0	0.0000	0
L	0.0005	0	0.0000	0
G	0.0012	0	0.0000	0
F	0.0001	0	0.0000	0
A	0.0001	0	0.0000	0
V	0.0016	0	0.0000	0
Q	0.0190	0	0.0000	0
A	0.0007	0	0.0000	0
A	0.0003	0	0.0000	0
V	0.0005	0	0.0000	0
T	0.0039	0	0.0000	0
G	0.0058	0	0.0000	0
K	0.0113	0	0.0000	0
G	0.0030	0	0.0000	0
P	0.0029	0	0.0000	0
L	0.0413	0	0.0000	0
N	0.0058	0	0.0000	0
N	0.0056	0	0.0000	0
W	0.0011	0	0.0000	0
V	0.0176	0	0.0000	0
T	0.0207	0	0.0001	0
H	0.3011	0	0.0034	0
L	0.1750	0	0.0018	0
S	0.1091	0	0.0013	0
D	0.1903	0	0.0026	0
P	0.0803	0	0.0004	0
L	0.1243	0	0.0003	0
H	0.1458	0	0.0004	0
T	0.1877	0	0.0002	0
T	0.0703	0	0.0000	0
I	0.0257	0	0.0000	0
L	0.0183	0	0.0000	0
D	0.0262	0	0.0000	0
R	0.0138	0	0.0000	0
F	0.0024	0	0.0000	0
L	0.0061	0	0.0000	0
</pre></body></html>