<html><head></head><body><pre style="word-wrap: break-word; white-space: pre-wrap;">&gt;Q9L2B5
Amino Acid	probability_DNA	binary_DNA	probability_RNA	binary_RNA
M	0.1421	0	0.0000	0
E	0.0133	0	0.0000	0
T	0.0134	0	0.0000	0
E	0.0069	0	0.0000	0
T	0.0072	0	0.0000	0
A	0.0135	0	0.0000	0
T	0.0060	0	0.0000	0
R	0.0328	0	0.0000	0
W	0.0516	0	0.0000	0
L	0.0039	0	0.0000	0
T	0.0060	0	0.0000	0
D	0.0039	0	0.0000	0
T	0.0024	0	0.0000	0
E	0.0005	0	0.0000	0
Q	0.0009	0	0.0000	0
C	0.0002	0	0.0000	0
A	0.0001	0	0.0000	0
W	0.0002	0	0.0000	0
R	0.0039	0	0.0000	0
T	0.0002	0	0.0000	0
H	0.0001	0	0.0000	0
L	0.0006	0	0.0000	0
E	0.0067	0	0.0000	0
V	0.0001	0	0.0000	0
N	0.0004	0	0.0000	0
R	0.0063	0	0.0000	0
L	0.0002	0	0.0000	0
L	0.0001	0	0.0000	0
T	0.0013	0	0.0000	0
H	0.0011	0	0.0000	0
Q	0.0001	0	0.0000	0
L	0.0001	0	0.0000	0
E	0.0006	0	0.0000	0
K	0.0001	0	0.0000	0
D	0.0000	0	0.0000	0
L	0.0000	0	0.0000	0
Q	0.0001	0	0.0000	0
P	0.0001	0	0.0000	0
F	0.0001	0	0.0000	0
G	0.0003	0	0.0000	0
L	0.0006	0	0.0000	0
T	0.0162	0	0.0000	0
M	0.0436	0	0.0001	0
N	0.2934	0	0.0006	0
D	0.4492	1	0.0006	0
Y	0.0016	0	0.0000	0
E	0.0003	0	0.0000	0
I	0.0002	0	0.0000	0
L	0.0002	0	0.0000	0
V	0.0001	0	0.0000	0
N	0.0000	0	0.0000	0
L	0.0000	0	0.0000	0
S	0.0001	0	0.0000	0
E	0.0002	0	0.0000	0
S	0.0003	0	0.0000	0
E	0.0003	0	0.0000	0
G	0.0002	0	0.0000	0
D	0.0002	0	0.0000	0
R	0.0004	0	0.0000	0
M	0.0005	0	0.0000	0
R	0.1022	0	0.0000	0
M	0.0652	0	0.0000	0
S	0.0291	0	0.0000	0
D	0.0017	0	0.0000	0
L	0.0001	0	0.0000	0
A	0.0002	0	0.0000	0
T	0.0005	0	0.0000	0
A	0.0004	0	0.0000	0
T	0.0002	0	0.0000	0
M	0.0005	0	0.0000	0
Q	0.0056	0	0.0000	0
S	0.3482	0	0.0000	0
K	0.4814	1	0.0000	0
S	0.5652	1	0.0000	0
R	0.5083	1	0.0000	0
L	0.0051	0	0.0000	0
S	0.7326	1	0.0000	0
H	0.3754	1	0.0000	0
Q	0.0029	0	0.0000	0
I	0.0002	0	0.0000	0
T	0.0089	0	0.0000	0
R	0.1328	0	0.0000	0
M	0.0007	0	0.0000	0
E	0.0018	0	0.0000	0
N	0.0488	0	0.0000	0
A	0.0010	0	0.0000	0
N	0.0007	0	0.0000	0
L	0.0003	0	0.0000	0
V	0.0003	0	0.0000	0
R	0.0024	0	0.0000	0
R	0.0234	0	0.0000	0
E	0.0045	0	0.0000	0
N	0.0841	0	0.0000	0
C	0.0566	0	0.0000	0
E	0.0842	0	0.0000	0
S	0.2209	0	0.0000	0
D	0.4170	1	0.0001	0
R	0.5379	1	0.0002	0
R	0.8811	1	0.0001	0
G	0.4405	1	0.0000	0
L	0.2959	0	0.0000	0
F	0.1066	0	0.0000	0
A	0.0012	0	0.0000	0
V	0.0028	0	0.0000	0
L	0.0018	0	0.0000	0
T	0.0055	0	0.0000	0
E	0.0001	0	0.0000	0
H	0.0001	0	0.0000	0
G	0.0000	0	0.0000	0
L	0.0000	0	0.0000	0
E	0.0000	0	0.0000	0
T	0.0000	0	0.0000	0
M	0.0000	0	0.0000	0
R	0.0000	0	0.0000	0
K	0.0000	0	0.0000	0
V	0.0000	0	0.0000	0
A	0.0000	0	0.0000	0
P	0.0000	0	0.0000	0
H	0.0000	0	0.0000	0
H	0.0000	0	0.0000	0
V	0.0000	0	0.0000	0
A	0.0000	0	0.0000	0
S	0.0000	0	0.0000	0
V	0.0000	0	0.0000	0
R	0.0000	0	0.0000	0
R	0.0000	0	0.0000	0
H	0.0000	0	0.0000	0
F	0.0000	0	0.0000	0
I	0.0000	0	0.0000	0
D	0.0000	0	0.0000	0
L	0.0000	0	0.0000	0
L	0.0000	0	0.0000	0
A	0.0000	0	0.0000	0
P	0.0001	0	0.0000	0
E	0.0000	0	0.0000	0
D	0.0001	0	0.0000	0
L	0.0000	0	0.0000	0
T	0.0000	0	0.0000	0
E	0.0000	0	0.0000	0
L	0.0000	0	0.0000	0
D	0.0000	0	0.0000	0
K	0.0000	0	0.0000	0
A	0.0000	0	0.0000	0
L	0.0000	0	0.0000	0
K	0.0002	0	0.0000	0
P	0.0004	0	0.0000	0
I	0.0000	0	0.0000	0
A	0.0000	0	0.0000	0
E	0.0001	0	0.0000	0
H	0.0001	0	0.0000	0
L	0.0000	0	0.0000	0
R	0.0001	0	0.0000	0
G	0.0001	0	0.0000	0
Q	0.0002	0	0.0000	0
R	0.0004	0	0.0000	0
G	0.0004	0	0.0002	0
R	0.0103	0	0.0030	0
P	0.0090	0	0.0008	0
</pre></body></html>