<html><head></head><body><pre style="word-wrap: break-word; white-space: pre-wrap;">&gt;P0A9J8
Amino Acid	probability_DNA	binary_DNA	probability_RNA	binary_RNA
M	0.1218	0	0.0022	0
T	0.0115	0	0.0001	0
S	0.0044	0	0.0001	0
E	0.0030	0	0.0000	0
N	0.0004	0	0.0000	0
P	0.0002	0	0.0000	0
L	0.0002	0	0.0000	0
L	0.0003	0	0.0000	0
A	0.0001	0	0.0000	0
L	0.0001	0	0.0000	0
R	0.1030	0	0.0124	0
E	0.0034	0	0.0001	0
K	0.0008	0	0.0000	0
I	0.0011	0	0.0000	0
S	0.0007	0	0.0000	0
A	0.0001	0	0.0000	0
L	0.0002	0	0.0000	0
D	0.0005	0	0.0000	0
E	0.0037	0	0.0002	0
K	0.0004	0	0.0000	0
L	0.0000	0	0.0000	0
L	0.0001	0	0.0000	0
A	0.0002	0	0.0000	0
L	0.0004	0	0.0000	0
L	0.0015	0	0.0002	0
A	0.0002	0	0.0000	0
E	0.0101	0	0.0013	0
R	0.0857	0	0.0230	0
R	0.0009	0	0.0000	0
E	0.0002	0	0.0000	0
L	0.0003	0	0.0000	0
A	0.0003	0	0.0000	0
V	0.0024	0	0.0002	0
E	0.0005	0	0.0000	0
V	0.0003	0	0.0000	0
G	0.0003	0	0.0000	0
K	0.0007	0	0.0000	0
A	0.0004	0	0.0000	0
K	0.3336	0	0.0064	0
L	0.0344	0	0.0001	0
L	0.0605	0	0.0005	0
S	0.3197	0	0.0049	0
H	0.0092	0	0.0001	0
R	0.0038	0	0.0000	0
P	0.0151	0	0.0001	0
V	0.0156	0	0.0002	0
R	0.1647	0	0.0085	0
D	0.4269	1	0.0377	0
I	0.5013	1	0.0460	0
D	0.0094	0	0.0002	0
R	0.5245	1	0.0391	0
E	0.0266	0	0.0005	0
R	0.0100	0	0.0002	0
D	0.0019	0	0.0001	0
L	0.0003	0	0.0000	0
L	0.0005	0	0.0000	0
E	0.0020	0	0.0000	0
R	0.0053	0	0.0001	0
L	0.0002	0	0.0000	0
I	0.0027	0	0.0001	0
T	0.0034	0	0.0004	0
L	0.0002	0	0.0000	0
G	0.0001	0	0.0000	0
K	0.0002	0	0.0000	0
A	0.0001	0	0.0000	0
H	0.0001	0	0.0000	0
H	0.0001	0	0.0000	0
L	0.0000	0	0.0000	0
D	0.0002	0	0.0000	0
A	0.0002	0	0.0000	0
H	0.0003	0	0.0000	0
Y	0.0002	0	0.0000	0
I	0.0001	0	0.0000	0
T	0.0005	0	0.0002	0
R	0.0003	0	0.0001	0
L	0.0001	0	0.0000	0
F	0.0004	0	0.0001	0
Q	0.0084	0	0.0029	0
L	0.0001	0	0.0000	0
I	0.0001	0	0.0000	0
I	0.0007	0	0.0003	0
E	0.0096	0	0.0036	0
D	0.0002	0	0.0000	0
S	0.0010	0	0.0002	0
V	0.0008	0	0.0002	0
L	0.0023	0	0.0018	0
T	0.0008	0	0.0005	0
Q	0.0015	0	0.0021	0
Q	0.0073	0	0.0111	0
A	0.0045	0	0.0052	0
L	0.0017	0	0.0012	0
L	0.0006	0	0.0003	0
Q	0.0066	0	0.0068	0
Q	0.0037	0	0.0017	0
H	0.0013	0	0.0004	0
L	0.0012	0	0.0007	0
N	0.0350	0	0.0234	0
K	0.0787	0	0.0429	0
I	0.0175	0	0.0064	0
N	0.0053	0	0.0012	0
P	0.0020	0	0.0005	0
H	0.0017	0	0.0003	0
S	0.0019	0	0.0005	0
A	0.0011	0	0.0002	0
R	0.0018	0	0.0004	0
I	0.0002	0	0.0000	0
A	0.0004	0	0.0002	0
F	0.0016	0	0.0009	0
L	0.0009	0	0.0008	0
G	0.0012	0	0.0015	0
P	0.0019	0	0.0015	0
K	0.0097	0	0.0115	0
G	0.0626	0	0.0520	0
S	0.0317	0	0.0114	0
Y	0.1472	0	0.0322	0
S	0.1578	0	0.0245	0
H	0.0021	0	0.0002	0
L	0.0002	0	0.0000	0
A	0.0001	0	0.0000	0
A	0.0000	0	0.0000	0
R	0.0002	0	0.0002	0
Q	0.0001	0	0.0000	0
Y	0.0001	0	0.0000	0
A	0.0001	0	0.0000	0
A	0.0001	0	0.0000	0
R	0.0003	0	0.0000	0
H	0.0002	0	0.0000	0
F	0.0002	0	0.0000	0
E	0.0002	0	0.0000	0
Q	0.0002	0	0.0000	0
F	0.0001	0	0.0000	0
I	0.0001	0	0.0000	0
E	0.0001	0	0.0000	0
S	0.0001	0	0.0000	0
G	0.0004	0	0.0000	0
C	0.0004	0	0.0000	0
A	0.0003	0	0.0000	0
K	0.0016	0	0.0001	0
F	0.0001	0	0.0000	0
A	0.0001	0	0.0000	0
D	0.0000	0	0.0000	0
I	0.0000	0	0.0000	0
F	0.0000	0	0.0000	0
N	0.0001	0	0.0000	0
Q	0.0000	0	0.0000	0
V	0.0000	0	0.0000	0
E	0.0000	0	0.0000	0
T	0.0000	0	0.0000	0
G	0.0000	0	0.0000	0
Q	0.0000	0	0.0000	0
A	0.0000	0	0.0000	0
D	0.0012	0	0.0008	0
Y	0.0002	0	0.0000	0
A	0.0001	0	0.0000	0
V	0.0002	0	0.0000	0
V	0.0002	0	0.0001	0
P	0.0010	0	0.0006	0
I	0.0007	0	0.0023	0
E	0.0493	0	0.1985	1
N	0.1293	0	0.2993	1
T	0.0334	0	0.0835	0
S	0.0020	0	0.0037	0
S	0.0236	0	0.0438	0
G	0.0252	0	0.0338	0
A	0.0340	0	0.0285	0
I	0.0482	0	0.0253	0
N	0.1451	0	0.0632	0
D	0.1006	0	0.0221	0
V	0.0042	0	0.0008	0
Y	0.0072	0	0.0022	0
D	0.0095	0	0.0021	0
L	0.0001	0	0.0000	0
L	0.0001	0	0.0000	0
Q	0.0001	0	0.0000	0
H	0.0001	0	0.0000	0
T	0.0001	0	0.0000	0
S	0.0001	0	0.0000	0
L	0.0000	0	0.0000	0
S	0.0002	0	0.0000	0
I	0.0001	0	0.0000	0
V	0.0000	0	0.0000	0
G	0.0000	0	0.0000	0
E	0.0001	0	0.0000	0
M	0.0000	0	0.0000	0
T	0.0001	0	0.0000	0
L	0.0001	0	0.0000	0
T	0.0007	0	0.0001	0
I	0.0002	0	0.0000	0
D	0.0006	0	0.0001	0
H	0.0007	0	0.0001	0
C	0.0002	0	0.0000	0
L	0.0001	0	0.0000	0
L	0.0001	0	0.0000	0
V	0.0000	0	0.0000	0
S	0.0001	0	0.0000	0
G	0.0001	0	0.0000	0
T	0.0002	0	0.0000	0
T	0.0001	0	0.0000	0
D	0.0001	0	0.0000	0
L	0.0001	0	0.0000	0
S	0.0000	0	0.0000	0
T	0.0001	0	0.0000	0
I	0.0000	0	0.0000	0
N	0.0002	0	0.0000	0
T	0.0001	0	0.0000	0
V	0.0001	0	0.0000	0
Y	0.0013	0	0.0039	0
S	0.0049	0	0.0296	0
H	0.1019	0	0.3544	1
P	0.0042	0	0.0109	0
Q	0.0280	0	0.0390	0
P	0.0005	0	0.0002	0
F	0.0001	0	0.0000	0
Q	0.0003	0	0.0003	0
Q	0.0231	0	0.0427	0
C	0.0001	0	0.0001	0
S	0.0044	0	0.0085	0
K	0.0265	0	0.0335	0
F	0.0022	0	0.0012	0
L	0.0024	0	0.0020	0
N	0.0028	0	0.0018	0
R	0.0035	0	0.0022	0
Y	0.0003	0	0.0001	0
P	0.0002	0	0.0000	0
H	0.0002	0	0.0000	0
W	0.0002	0	0.0000	0
K	0.0002	0	0.0000	0
I	0.0001	0	0.0000	0
E	0.0003	0	0.0000	0
Y	0.0010	0	0.0001	0
T	0.0011	0	0.0001	0
E	0.0345	0	0.0106	0
S	0.2578	0	0.1738	1
T	0.1657	0	0.0897	0
S	0.0023	0	0.0005	0
A	0.0006	0	0.0001	0
A	0.0002	0	0.0000	0
M	0.0001	0	0.0000	0
E	0.0005	0	0.0002	0
K	0.0001	0	0.0000	0
V	0.0001	0	0.0000	0
A	0.0003	0	0.0005	0
Q	0.0001	0	0.0001	0
A	0.0002	0	0.0002	0
K	0.0003	0	0.0008	0
S	0.0002	0	0.0003	0
P	0.0002	0	0.0002	0
H	0.0002	0	0.0001	0
V	0.0001	0	0.0000	0
A	0.0001	0	0.0000	0
A	0.0001	0	0.0000	0
L	0.0001	0	0.0000	0
G	0.0001	0	0.0000	0
S	0.0036	0	0.0007	0
E	0.0111	0	0.0017	0
A	0.0059	0	0.0007	0
G	0.0027	0	0.0003	0
G	0.0006	0	0.0001	0
T	0.0002	0	0.0000	0
L	0.0004	0	0.0000	0
Y	0.0046	0	0.0006	0
G	0.0007	0	0.0001	0
L	0.0001	0	0.0000	0
Q	0.0001	0	0.0000	0
V	0.0001	0	0.0000	0
L	0.0000	0	0.0000	0
E	0.0000	0	0.0000	0
R	0.0005	0	0.0003	0
I	0.0009	0	0.0007	0
E	0.0002	0	0.0002	0
A	0.0004	0	0.0009	0
N	0.0006	0	0.0016	0
Q	0.0024	0	0.0052	0
R	0.0017	0	0.0051	0
Q	0.0014	0	0.0044	0
N	0.0248	0	0.0375	0
F	0.0673	0	0.0530	0
T	0.0520	0	0.0276	0
R	0.2619	0	0.1981	1
F	0.0092	0	0.0030	0
V	0.0005	0	0.0001	0
V	0.0008	0	0.0001	0
L	0.0067	0	0.0009	0
A	0.0048	0	0.0006	0
R	0.3169	0	0.0939	0
K	0.0564	0	0.0073	0
A	0.0138	0	0.0012	0
I	0.0077	0	0.0007	0
N	0.0017	0	0.0001	0
V	0.0019	0	0.0002	0
S	0.0039	0	0.0006	0
D	0.0073	0	0.0009	0
Q	0.0136	0	0.0019	0
V	0.0230	0	0.0033	0
P	0.0364	0	0.0068	0
A	0.0087	0	0.0016	0
K	0.2377	0	0.0888	0
T	0.0094	0	0.0016	0
T	0.0029	0	0.0008	0
L	0.0003	0	0.0001	0
L	0.0002	0	0.0001	0
M	0.0002	0	0.0001	0
A	0.0008	0	0.0008	0
T	0.0018	0	0.0019	0
G	0.0076	0	0.0095	0
Q	0.0592	0	0.0666	0
Q	0.0492	0	0.0470	0
A	0.0051	0	0.0024	0
G	0.0209	0	0.0187	0
A	0.0008	0	0.0007	0
L	0.0002	0	0.0001	0
V	0.0004	0	0.0002	0
E	0.0003	0	0.0002	0
A	0.0001	0	0.0000	0
L	0.0001	0	0.0000	0
L	0.0002	0	0.0000	0
V	0.0000	0	0.0000	0
L	0.0001	0	0.0000	0
R	0.0008	0	0.0002	0
N	0.0005	0	0.0001	0
H	0.1007	0	0.1021	0
N	0.0037	0	0.0021	0
L	0.0003	0	0.0001	0
I	0.0024	0	0.0027	0
M	0.0084	0	0.0043	0
T	0.0273	0	0.0101	0
R	0.2433	0	0.1983	1
L	0.0055	0	0.0034	0
E	0.0324	0	0.0626	0
S	0.1417	0	0.2841	1
R	0.2019	0	0.2792	1
P	0.0160	0	0.0132	0
I	0.0026	0	0.0013	0
H	0.0156	0	0.0252	0
G	0.0032	0	0.0031	0
N	0.0015	0	0.0009	0
P	0.0014	0	0.0013	0
W	0.0005	0	0.0008	0
E	0.0015	0	0.0021	0
E	0.0009	0	0.0009	0
M	0.0001	0	0.0002	0
F	0.0008	0	0.0008	0
Y	0.0035	0	0.0038	0
L	0.0000	0	0.0000	0
D	0.0003	0	0.0003	0
I	0.0001	0	0.0001	0
Q	0.0005	0	0.0010	0
A	0.0001	0	0.0001	0
N	0.0001	0	0.0000	0
L	0.0001	0	0.0000	0
E	0.0001	0	0.0000	0
S	0.0001	0	0.0000	0
A	0.0001	0	0.0000	0
E	0.0001	0	0.0000	0
M	0.0000	0	0.0000	0
Q	0.0001	0	0.0000	0
K	0.0001	0	0.0000	0
A	0.0000	0	0.0000	0
L	0.0000	0	0.0000	0
K	0.0000	0	0.0000	0
E	0.0000	0	0.0000	0
L	0.0000	0	0.0000	0
G	0.0016	0	0.0006	0
E	0.0001	0	0.0000	0
I	0.0001	0	0.0000	0
T	0.0001	0	0.0000	0
R	0.0001	0	0.0001	0
S	0.0002	0	0.0003	0
M	0.0000	0	0.0001	0
K	0.0019	0	0.0030	0
V	0.0001	0	0.0003	0
L	0.0001	0	0.0003	0
G	0.0002	0	0.0005	0
C	0.0144	0	0.0271	0
Y	0.0739	0	0.0944	0
P	0.0021	0	0.0037	0
S	0.0006	0	0.0011	0
E	0.0001	0	0.0002	0
N	0.0000	0	0.0001	0
V	0.0000	0	0.0001	0
V	0.0000	0	0.0002	0
P	0.0000	0	0.0001	0
V	0.0000	0	0.0003	0
D	0.0001	0	0.0009	0
P	0.0003	0	0.0018	0
T	0.0015	0	0.0043	0
</pre></body></html>