<html><head></head><body><pre style="word-wrap: break-word; white-space: pre-wrap;">&gt;P38792
Amino Acid	probability_DNA	binary_DNA	probability_RNA	binary_RNA
M	0.0036	0	0.0340	0
S	0.0008	0	0.0064	0
E	0.0002	0	0.0025	0
V	0.0000	0	0.0002	0
I	0.0000	0	0.0002	0
T	0.0001	0	0.0014	0
I	0.0000	0	0.0001	0
T	0.0003	0	0.0012	0
K	0.0019	0	0.0059	0
R	0.0145	0	0.0405	0
N	0.0011	0	0.0016	0
G	0.0011	0	0.0018	0
A	0.0003	0	0.0010	0
F	0.0013	0	0.0035	0
Q	0.0034	0	0.0030	0
N	0.0082	0	0.0025	0
S	0.0042	0	0.0004	0
S	0.0008	0	0.0000	0
N	0.0026	0	0.0001	0
L	0.0002	0	0.0000	0
S	0.0004	0	0.0000	0
Y	0.0004	0	0.0000	0
N	0.0001	0	0.0000	0
N	0.0002	0	0.0000	0
T	0.0000	0	0.0000	0
G	0.0001	0	0.0000	0
I	0.0000	0	0.0000	0
S	0.0001	0	0.0000	0
D	0.0002	0	0.0000	0
D	0.0001	0	0.0000	0
E	0.0001	0	0.0000	0
N	0.0001	0	0.0000	0
D	0.0001	0	0.0000	0
E	0.0000	0	0.0000	0
E	0.0000	0	0.0000	0
D	0.0001	0	0.0000	0
I	0.0000	0	0.0000	0
Y	0.0001	0	0.0000	0
M	0.0001	0	0.0000	0
H	0.0000	0	0.0000	0
D	0.0000	0	0.0000	0
V	0.0000	0	0.0000	0
N	0.0000	0	0.0000	0
S	0.0000	0	0.0000	0
A	0.0001	0	0.0000	0
S	0.0001	0	0.0000	0
K	0.0001	0	0.0000	0
S	0.0002	0	0.0001	0
E	0.0002	0	0.0001	0
S	0.0002	0	0.0004	0
D	0.0018	0	0.0036	0
S	0.0032	0	0.0097	0
Q	0.0146	0	0.0327	0
I	0.0013	0	0.0017	0
V	0.0016	0	0.0013	0
T	0.0145	0	0.0054	0
P	0.0039	0	0.0060	0
G	0.0008	0	0.0008	0
E	0.0016	0	0.0023	0
L	0.0003	0	0.0003	0
V	0.0002	0	0.0001	0
T	0.0001	0	0.0001	0
D	0.0006	0	0.0017	0
D	0.0012	0	0.0072	0
P	0.0003	0	0.0012	0
I	0.0002	0	0.0006	0
W	0.0001	0	0.0003	0
M	0.0001	0	0.0002	0
R	0.0013	0	0.0024	0
G	0.0053	0	0.0157	0
H	0.0019	0	0.0028	0
G	0.0019	0	0.0050	0
T	0.0003	0	0.0020	0
Y	0.0009	0	0.0065	0
F	0.0002	0	0.0016	0
L	0.0009	0	0.0087	0
D	0.0004	0	0.0041	0
N	0.0008	0	0.0113	0
M	0.0015	0	0.0256	0
T	0.0002	0	0.0011	0
Y	0.0015	0	0.0092	0
S	0.0001	0	0.0004	0
S	0.0001	0	0.0002	0
V	0.0001	0	0.0003	0
A	0.0001	0	0.0005	0
G	0.0001	0	0.0010	0
T	0.0003	0	0.0027	0
V	0.0002	0	0.0014	0
S	0.0366	0	0.1561	1
R	0.0177	0	0.0629	0
V	0.0127	0	0.0463	0
N	0.0026	0	0.0038	0
R	0.0062	0	0.0053	0
L	0.0003	0	0.0003	0
L	0.0001	0	0.0001	0
S	0.0001	0	0.0000	0
V	0.0000	0	0.0000	0
I	0.0002	0	0.0001	0
P	0.0001	0	0.0000	0
L	0.0005	0	0.0002	0
K	0.0027	0	0.0028	0
G	0.0032	0	0.0039	0
R	0.0291	0	0.0203	0
Y	0.0124	0	0.0265	0
A	0.0077	0	0.0590	0
P	0.0004	0	0.0093	0
E	0.0061	0	0.1266	0
T	0.0083	0	0.1700	1
G	0.0033	0	0.0857	0
D	0.0015	0	0.0605	0
H	0.0000	0	0.0004	0
V	0.0000	0	0.0003	0
V	0.0000	0	0.0003	0
G	0.0000	0	0.0002	0
R	0.0000	0	0.0015	0
I	0.0000	0	0.0003	0
A	0.0000	0	0.0014	0
E	0.0004	0	0.0132	0
V	0.0006	0	0.0064	0
G	0.0173	0	0.1424	0
N	0.0072	0	0.0431	0
K	0.0454	0	0.1649	1
R	0.1103	0	0.2671	1
W	0.0505	0	0.1183	0
K	0.1082	0	0.2706	1
V	0.0013	0	0.0050	0
D	0.0854	0	0.3394	1
I	0.0007	0	0.0022	0
G	0.0003	0	0.0009	0
G	0.0002	0	0.0004	0
K	0.0006	0	0.0018	0
Q	0.0004	0	0.0011	0
H	0.0003	0	0.0010	0
A	0.0001	0	0.0004	0
V	0.0003	0	0.0019	0
L	0.0002	0	0.0005	0
M	0.0003	0	0.0016	0
L	0.0002	0	0.0007	0
G	0.0004	0	0.0015	0
S	0.0007	0	0.0028	0
V	0.0020	0	0.0082	0
N	0.0069	0	0.0268	0
L	0.0006	0	0.0034	0
P	0.0012	0	0.0084	0
G	0.0161	0	0.1046	0
G	0.0037	0	0.0187	0
I	0.0052	0	0.0187	0
L	0.0049	0	0.0119	0
R	0.1333	0	0.2416	1
R	0.0806	0	0.1475	0
K	0.0266	0	0.0328	0
S	0.0131	0	0.0227	0
E	0.0067	0	0.0070	0
S	0.0054	0	0.0082	0
D	0.0024	0	0.0038	0
E	0.0022	0	0.0052	0
L	0.0012	0	0.0033	0
Q	0.0006	0	0.0021	0
M	0.0001	0	0.0007	0
R	0.0830	0	0.3013	1
S	0.0007	0	0.0068	0
F	0.0000	0	0.0003	0
L	0.0000	0	0.0005	0
K	0.0013	0	0.0398	0
E	0.0024	0	0.0357	0
G	0.0005	0	0.0178	0
D	0.0031	0	0.0857	0
L	0.0006	0	0.0238	0
L	0.0004	0	0.0068	0
N	0.0031	0	0.0205	0
A	0.0002	0	0.0006	0
E	0.0229	0	0.0858	0
V	0.0009	0	0.0014	0
Q	0.0084	0	0.0195	0
S	0.0932	0	0.2117	1
L	0.0071	0	0.0276	0
F	0.0098	0	0.0415	0
Q	0.0139	0	0.0356	0
D	0.0286	0	0.0810	0
G	0.0724	0	0.1640	1
S	0.0961	0	0.1946	1
A	0.0020	0	0.0018	0
S	0.0024	0	0.0043	0
L	0.0004	0	0.0004	0
H	0.0052	0	0.0069	0
T	0.0009	0	0.0008	0
R	0.0384	0	0.0688	0
S	0.0080	0	0.0182	0
L	0.0152	0	0.0515	0
K	0.0252	0	0.1644	1
Y	0.0008	0	0.0087	0
G	0.0010	0	0.0177	0
K	0.0016	0	0.0362	0
L	0.0001	0	0.0017	0
R	0.0036	0	0.1298	0
N	0.0099	0	0.1659	1
G	0.0017	0	0.0320	0
M	0.0015	0	0.0152	0
F	0.0006	0	0.0036	0
C	0.0005	0	0.0027	0
Q	0.0280	0	0.2222	1
V	0.0094	0	0.0428	0
P	0.1164	0	0.2222	1
S	0.0866	0	0.1761	1
S	0.3102	0	0.4028	1
L	0.1333	0	0.2873	1
I	0.0030	0	0.0156	0
V	0.0582	0	0.2777	1
R	0.1084	0	0.4504	1
A	0.0026	0	0.0196	0
K	0.0661	0	0.4425	1
N	0.0163	0	0.2553	1
H	0.0045	0	0.1104	0
T	0.0021	0	0.0466	0
H	0.0006	0	0.0132	0
N	0.0003	0	0.0074	0
L	0.0001	0	0.0025	0
P	0.0001	0	0.0024	0
G	0.0000	0	0.0014	0
N	0.0000	0	0.0013	0
I	0.0000	0	0.0002	0
T	0.0000	0	0.0010	0
V	0.0000	0	0.0001	0
V	0.0000	0	0.0006	0
L	0.0000	0	0.0019	0
G	0.0001	0	0.0041	0
V	0.0038	0	0.1453	0
N	0.1229	0	0.5703	1
G	0.2394	0	0.4462	1
Y	0.1845	0	0.4141	1
I	0.0113	0	0.0292	0
W	0.6110	1	0.2893	1
L	0.0033	0	0.0028	0
R	0.0234	0	0.0182	0
K	0.0117	0	0.0028	0
T	0.0021	0	0.0006	0
S	0.0023	0	0.0007	0
Q	0.0006	0	0.0001	0
M	0.0007	0	0.0001	0
D	0.0005	0	0.0001	0
L	0.0004	0	0.0001	0
A	0.0001	0	0.0000	0
R	0.0001	0	0.0000	0
D	0.0001	0	0.0000	0
T	0.0001	0	0.0000	0
P	0.0001	0	0.0000	0
S	0.0001	0	0.0000	0
A	0.0001	0	0.0000	0
N	0.0001	0	0.0000	0
N	0.0007	0	0.0000	0
S	0.0004	0	0.0000	0
S	0.0006	0	0.0000	0
S	0.0008	0	0.0000	0
I	0.0005	0	0.0000	0
K	0.0008	0	0.0000	0
S	0.0013	0	0.0000	0
T	0.0008	0	0.0000	0
G	0.0009	0	0.0000	0
P	0.0009	0	0.0000	0
T	0.0015	0	0.0001	0
G	0.0014	0	0.0000	0
A	0.0016	0	0.0000	0
V	0.0012	0	0.0000	0
S	0.0056	0	0.0001	0
L	0.0073	0	0.0001	0
N	0.0087	0	0.0002	0
P	0.0018	0	0.0000	0
S	0.0037	0	0.0001	0
I	0.0004	0	0.0000	0
T	0.0003	0	0.0000	0
R	0.0008	0	0.0000	0
L	0.0002	0	0.0000	0
E	0.0003	0	0.0000	0
E	0.0003	0	0.0000	0
E	0.0007	0	0.0000	0
S	0.0005	0	0.0000	0
S	0.0008	0	0.0000	0
W	0.0024	0	0.0000	0
Q	0.0034	0	0.0000	0
I	0.0022	0	0.0000	0
Y	0.0064	0	0.0001	0
S	0.0123	0	0.0001	0
D	0.0039	0	0.0000	0
E	0.0058	0	0.0000	0
N	0.0065	0	0.0000	0
D	0.0026	0	0.0000	0
P	0.0021	0	0.0000	0
S	0.0028	0	0.0000	0
I	0.0022	0	0.0000	0
S	0.0115	0	0.0003	0
N	0.0370	0	0.0025	0
N	0.0149	0	0.0015	0
I	0.0049	0	0.0004	0
R	0.3115	0	0.1274	0
Q	0.0365	0	0.0031	0
A	0.0045	0	0.0005	0
I	0.0008	0	0.0003	0
C	0.0008	0	0.0007	0
R	0.1353	0	0.1819	1
Y	0.0026	0	0.0016	0
A	0.0191	0	0.0143	0
N	0.1217	0	0.1344	0
V	0.0011	0	0.0005	0
I	0.0027	0	0.0016	0
K	0.1525	0	0.0606	0
A	0.0008	0	0.0001	0
L	0.0004	0	0.0001	0
A	0.0004	0	0.0001	0
F	0.0004	0	0.0001	0
C	0.0001	0	0.0000	0
E	0.0006	0	0.0001	0
I	0.0002	0	0.0000	0
G	0.0003	0	0.0000	0
I	0.0003	0	0.0000	0
T	0.0061	0	0.0003	0
Q	0.0050	0	0.0004	0
Q	0.0056	0	0.0006	0
R	0.0075	0	0.0016	0
I	0.0002	0	0.0000	0
V	0.0004	0	0.0000	0
S	0.0003	0	0.0001	0
A	0.0002	0	0.0000	0
Y	0.0015	0	0.0001	0
E	0.0029	0	0.0002	0
A	0.0001	0	0.0000	0
S	0.0001	0	0.0000	0
M	0.0000	0	0.0000	0
V	0.0001	0	0.0000	0
Y	0.0002	0	0.0000	0
S	0.0002	0	0.0000	0
N	0.0002	0	0.0000	0
V	0.0002	0	0.0000	0
G	0.0007	0	0.0002	0
E	0.0003	0	0.0001	0
L	0.0001	0	0.0000	0
I	0.0001	0	0.0000	0
E	0.0001	0	0.0000	0
K	0.0003	0	0.0000	0
N	0.0002	0	0.0000	0
V	0.0001	0	0.0000	0
M	0.0001	0	0.0000	0
E	0.0005	0	0.0004	0
S	0.0002	0	0.0002	0
I	0.0000	0	0.0000	0
G	0.0001	0	0.0000	0
S	0.0001	0	0.0000	0
D	0.0007	0	0.0001	0
I	0.0001	0	0.0000	0
L	0.0005	0	0.0002	0
T	0.0009	0	0.0003	0
A	0.0002	0	0.0000	0
E	0.0003	0	0.0001	0
K	0.0191	0	0.0113	0
M	0.0027	0	0.0035	0
R	0.0491	0	0.1327	0
G	0.0242	0	0.0779	0
N	0.0361	0	0.0878	0
G	0.0165	0	0.0349	0
N	0.0755	0	0.2230	1
</pre></body></html>