<html><head></head><body><pre style="word-wrap: break-word; white-space: pre-wrap;">&gt;Q16254
Amino Acid	probability_DNA	binary_DNA	probability_RNA	binary_RNA
M	0.0158	0	0.0012	0
A	0.0024	0	0.0001	0
E	0.0006	0	0.0000	0
A	0.0004	0	0.0000	0
G	0.0003	0	0.0000	0
P	0.0003	0	0.0000	0
Q	0.0015	0	0.0001	0
A	0.0030	0	0.0003	0
P	0.0071	0	0.0009	0
P	0.0230	0	0.0049	0
P	0.0759	0	0.0337	0
P	0.0794	0	0.0324	0
G	0.0894	0	0.0203	0
T	0.1165	0	0.0194	0
P	0.1639	0	0.0274	0
S	0.2625	0	0.0606	0
R	0.4661	1	0.0643	0
H	0.1013	0	0.0103	0
E	0.0365	0	0.0119	0
K	0.1247	0	0.1937	1
S	0.2168	0	0.2495	1
L	0.0113	0	0.0053	0
G	0.0787	0	0.0272	0
L	0.0572	0	0.0442	0
L	0.0001	0	0.0001	0
T	0.0012	0	0.0009	0
T	0.0364	0	0.0383	0
K	0.0775	0	0.1092	0
F	0.0002	0	0.0001	0
V	0.0002	0	0.0001	0
S	0.0003	0	0.0002	0
L	0.0000	0	0.0000	0
L	0.0000	0	0.0000	0
Q	0.0001	0	0.0000	0
E	0.0000	0	0.0000	0
A	0.0000	0	0.0000	0
K	0.0000	0	0.0000	0
D	0.0000	0	0.0000	0
G	0.0000	0	0.0000	0
V	0.0000	0	0.0000	0
L	0.0000	0	0.0000	0
D	0.0001	0	0.0001	0
L	0.0003	0	0.0003	0
K	0.0030	0	0.0015	0
L	0.0001	0	0.0000	0
A	0.0000	0	0.0000	0
A	0.0000	0	0.0000	0
D	0.0000	0	0.0000	0
T	0.0000	0	0.0000	0
L	0.0000	0	0.0000	0
A	0.0000	0	0.0000	0
V	0.0001	0	0.0000	0
R	0.0003	0	0.0000	0
Q	0.0004	0	0.0000	0
K	0.0436	0	0.0042	0
R	0.1365	0	0.0412	0
R	0.2659	0	0.1723	1
I	0.0017	0	0.0008	0
Y	0.3513	1	0.5654	1
D	0.0009	0	0.0009	0
I	0.0001	0	0.0000	0
T	0.0003	0	0.0003	0
N	0.1780	0	0.2342	1
V	0.0002	0	0.0001	0
L	0.0023	0	0.0010	0
E	0.0747	0	0.0367	0
G	0.0018	0	0.0003	0
I	0.0004	0	0.0001	0
G	0.0008	0	0.0002	0
L	0.0001	0	0.0000	0
I	0.0002	0	0.0000	0
E	0.0152	0	0.0009	0
K	0.5692	1	0.0481	0
K	0.0098	0	0.0002	0
S	0.2411	0	0.0198	0
K	0.8477	1	0.0680	0
N	0.1629	0	0.0155	0
S	0.4592	1	0.0399	0
I	0.0110	0	0.0006	0
Q	0.5766	1	0.0993	0
W	0.6051	1	0.0665	0
K	0.2229	0	0.0161	0
G	0.4430	1	0.0141	0
V	0.3302	0	0.0202	0
G	0.0288	0	0.0023	0
P	0.0189	0	0.0014	0
G	0.0080	0	0.0004	0
C	0.0202	0	0.0007	0
N	0.0327	0	0.0007	0
T	0.0301	0	0.0008	0
R	0.0037	0	0.0001	0
E	0.0005	0	0.0000	0
I	0.0003	0	0.0000	0
A	0.0002	0	0.0000	0
D	0.0003	0	0.0000	0
K	0.0017	0	0.0000	0
L	0.0002	0	0.0000	0
I	0.0002	0	0.0000	0
E	0.0004	0	0.0000	0
L	0.0000	0	0.0000	0
K	0.0011	0	0.0000	0
A	0.0001	0	0.0000	0
E	0.0000	0	0.0000	0
I	0.0000	0	0.0000	0
E	0.0000	0	0.0000	0
E	0.0001	0	0.0000	0
L	0.0000	0	0.0000	0
Q	0.0001	0	0.0000	0
Q	0.0000	0	0.0000	0
R	0.0000	0	0.0000	0
E	0.0001	0	0.0000	0
Q	0.0001	0	0.0000	0
E	0.0001	0	0.0000	0
L	0.0000	0	0.0000	0
D	0.0001	0	0.0000	0
Q	0.0001	0	0.0000	0
H	0.0001	0	0.0000	0
K	0.0000	0	0.0000	0
V	0.0000	0	0.0000	0
W	0.0000	0	0.0000	0
V	0.0000	0	0.0000	0
Q	0.0001	0	0.0000	0
Q	0.0001	0	0.0000	0
S	0.0001	0	0.0000	0
I	0.0000	0	0.0000	0
R	0.0009	0	0.0003	0
N	0.0001	0	0.0000	0
V	0.0001	0	0.0000	0
T	0.0001	0	0.0000	0
E	0.0002	0	0.0001	0
D	0.0003	0	0.0001	0
V	0.0002	0	0.0001	0
Q	0.0002	0	0.0001	0
N	0.0001	0	0.0000	0
S	0.0012	0	0.0003	0
C	0.0052	0	0.0004	0
L	0.0066	0	0.0009	0
A	0.0002	0	0.0000	0
Y	0.0405	0	0.0030	0
V	0.0001	0	0.0000	0
T	0.0021	0	0.0002	0
H	0.0127	0	0.0016	0
E	0.0002	0	0.0000	0
D	0.0000	0	0.0000	0
I	0.0000	0	0.0000	0
C	0.0001	0	0.0000	0
R	0.0001	0	0.0000	0
C	0.0000	0	0.0000	0
F	0.0001	0	0.0000	0
A	0.0009	0	0.0001	0
G	0.0004	0	0.0000	0
D	0.0006	0	0.0000	0
T	0.0001	0	0.0000	0
L	0.0000	0	0.0000	0
L	0.0000	0	0.0000	0
A	0.0000	0	0.0000	0
I	0.0000	0	0.0000	0
R	0.0007	0	0.0002	0
A	0.0002	0	0.0000	0
P	0.0004	0	0.0000	0
S	0.0006	0	0.0001	0
G	0.0002	0	0.0000	0
T	0.0001	0	0.0000	0
S	0.0006	0	0.0001	0
L	0.0001	0	0.0000	0
E	0.0002	0	0.0000	0
V	0.0001	0	0.0000	0
P	0.0002	0	0.0000	0
I	0.0001	0	0.0000	0
P	0.0003	0	0.0001	0
E	0.0006	0	0.0001	0
G	0.0005	0	0.0000	0
L	0.0005	0	0.0001	0
N	0.0009	0	0.0001	0
G	0.0021	0	0.0002	0
Q	0.0096	0	0.0008	0
K	0.0052	0	0.0002	0
K	0.0546	0	0.0018	0
Y	0.0168	0	0.0005	0
Q	0.0336	0	0.0036	0
I	0.0008	0	0.0002	0
H	0.0369	0	0.0272	0
L	0.0012	0	0.0005	0
K	0.2611	0	0.1185	0
S	0.1787	0	0.0456	0
V	0.3153	0	0.2084	1
S	0.3253	0	0.3493	1
G	0.0300	0	0.0333	0
P	0.1090	0	0.1605	1
I	0.0211	0	0.0233	0
E	0.1405	0	0.1174	0
V	0.0014	0	0.0009	0
L	0.0066	0	0.0052	0
L	0.0002	0	0.0001	0
V	0.0002	0	0.0000	0
N	0.0026	0	0.0009	0
K	0.0031	0	0.0010	0
E	0.0086	0	0.0022	0
A	0.0216	0	0.0044	0
W	0.0252	0	0.0043	0
S	0.0330	0	0.0064	0
S	0.0463	0	0.0082	0
P	0.0067	0	0.0014	0
P	0.0012	0	0.0002	0
V	0.0005	0	0.0001	0
A	0.0004	0	0.0000	0
V	0.0002	0	0.0000	0
P	0.0004	0	0.0001	0
V	0.0002	0	0.0000	0
P	0.0001	0	0.0000	0
P	0.0001	0	0.0000	0
P	0.0004	0	0.0001	0
E	0.0002	0	0.0000	0
D	0.0001	0	0.0000	0
L	0.0000	0	0.0000	0
L	0.0000	0	0.0000	0
Q	0.0000	0	0.0000	0
S	0.0001	0	0.0000	0
P	0.0000	0	0.0000	0
S	0.0000	0	0.0000	0
A	0.0000	0	0.0000	0
V	0.0000	0	0.0000	0
S	0.0000	0	0.0000	0
T	0.0001	0	0.0000	0
P	0.0001	0	0.0000	0
P	0.0001	0	0.0000	0
P	0.0001	0	0.0000	0
L	0.0001	0	0.0000	0
P	0.0000	0	0.0000	0
K	0.0000	0	0.0000	0
P	0.0000	0	0.0000	0
A	0.0000	0	0.0000	0
L	0.0000	0	0.0000	0
A	0.0000	0	0.0000	0
Q	0.0000	0	0.0000	0
S	0.0000	0	0.0000	0
Q	0.0000	0	0.0000	0
E	0.0000	0	0.0000	0
A	0.0000	0	0.0000	0
S	0.0001	0	0.0000	0
R	0.0001	0	0.0000	0
P	0.0001	0	0.0000	0
N	0.0003	0	0.0000	0
S	0.0009	0	0.0001	0
P	0.0004	0	0.0000	0
Q	0.0003	0	0.0000	0
L	0.0001	0	0.0000	0
T	0.0001	0	0.0000	0
P	0.0001	0	0.0000	0
T	0.0001	0	0.0000	0
A	0.0001	0	0.0000	0
V	0.0001	0	0.0000	0
P	0.0001	0	0.0000	0
G	0.0001	0	0.0000	0
S	0.0001	0	0.0001	0
A	0.0001	0	0.0001	0
E	0.0002	0	0.0001	0
V	0.0001	0	0.0001	0
Q	0.0006	0	0.0005	0
G	0.0012	0	0.0006	0
M	0.0008	0	0.0004	0
A	0.0008	0	0.0004	0
G	0.0005	0	0.0003	0
P	0.0002	0	0.0001	0
A	0.0001	0	0.0000	0
A	0.0000	0	0.0000	0
E	0.0000	0	0.0000	0
I	0.0000	0	0.0000	0
T	0.0002	0	0.0002	0
V	0.0001	0	0.0000	0
S	0.0001	0	0.0001	0
G	0.0001	0	0.0002	0
G	0.0001	0	0.0002	0
P	0.0001	0	0.0001	0
G	0.0001	0	0.0001	0
T	0.0001	0	0.0001	0
D	0.0001	0	0.0001	0
S	0.0001	0	0.0000	0
K	0.0001	0	0.0000	0
D	0.0001	0	0.0000	0
S	0.0000	0	0.0000	0
G	0.0000	0	0.0000	0
E	0.0000	0	0.0000	0
L	0.0000	0	0.0000	0
S	0.0000	0	0.0000	0
S	0.0000	0	0.0000	0
L	0.0000	0	0.0000	0
P	0.0000	0	0.0000	0
L	0.0000	0	0.0000	0
G	0.0000	0	0.0000	0
P	0.0000	0	0.0000	0
T	0.0000	0	0.0000	0
T	0.0000	0	0.0000	0
L	0.0000	0	0.0000	0
D	0.0000	0	0.0000	0
T	0.0000	0	0.0000	0
R	0.0000	0	0.0000	0
P	0.0000	0	0.0000	0
L	0.0000	0	0.0000	0
Q	0.0000	0	0.0000	0
S	0.0000	0	0.0000	0
S	0.0000	0	0.0000	0
A	0.0000	0	0.0000	0
L	0.0000	0	0.0000	0
L	0.0000	0	0.0000	0
D	0.0000	0	0.0000	0
S	0.0001	0	0.0000	0
S	0.0001	0	0.0000	0
S	0.0001	0	0.0000	0
S	0.0004	0	0.0000	0
S	0.0007	0	0.0000	0
S	0.0009	0	0.0000	0
S	0.0009	0	0.0000	0
S	0.0021	0	0.0000	0
S	0.0022	0	0.0000	0
S	0.0047	0	0.0000	0
S	0.0069	0	0.0001	0
S	0.0035	0	0.0000	0
S	0.0016	0	0.0000	0
N	0.0011	0	0.0000	0
S	0.0019	0	0.0000	0
N	0.0019	0	0.0000	0
S	0.0026	0	0.0000	0
S	0.0019	0	0.0000	0
S	0.0010	0	0.0000	0
S	0.0010	0	0.0000	0
S	0.0007	0	0.0000	0
G	0.0002	0	0.0000	0
P	0.0002	0	0.0000	0
N	0.0004	0	0.0000	0
P	0.0002	0	0.0000	0
S	0.0005	0	0.0000	0
T	0.0002	0	0.0000	0
S	0.0003	0	0.0000	0
F	0.0003	0	0.0000	0
E	0.0000	0	0.0000	0
P	0.0000	0	0.0000	0
I	0.0000	0	0.0000	0
K	0.0001	0	0.0000	0
A	0.0000	0	0.0000	0
D	0.0001	0	0.0000	0
P	0.0001	0	0.0000	0
T	0.0001	0	0.0000	0
G	0.0000	0	0.0000	0
V	0.0000	0	0.0000	0
L	0.0000	0	0.0000	0
E	0.0000	0	0.0000	0
L	0.0000	0	0.0000	0
P	0.0000	0	0.0000	0
K	0.0001	0	0.0000	0
E	0.0000	0	0.0000	0
L	0.0000	0	0.0000	0
S	0.0000	0	0.0000	0
E	0.0000	0	0.0000	0
I	0.0000	0	0.0000	0
F	0.0000	0	0.0000	0
D	0.0000	0	0.0000	0
P	0.0000	0	0.0000	0
T	0.0001	0	0.0000	0
R	0.0001	0	0.0000	0
E	0.0001	0	0.0000	0
C	0.0001	0	0.0000	0
M	0.0014	0	0.0001	0
S	0.0026	0	0.0002	0
S	0.0011	0	0.0000	0
E	0.0007	0	0.0000	0
L	0.0000	0	0.0000	0
L	0.0001	0	0.0000	0
E	0.0001	0	0.0000	0
E	0.0001	0	0.0000	0
L	0.0000	0	0.0000	0
M	0.0000	0	0.0000	0
S	0.0001	0	0.0000	0
S	0.0001	0	0.0000	0
E	0.0001	0	0.0000	0
V	0.0000	0	0.0000	0
F	0.0000	0	0.0000	0
A	0.0000	0	0.0000	0
P	0.0000	0	0.0000	0
L	0.0000	0	0.0000	0
L	0.0000	0	0.0000	0
R	0.0001	0	0.0001	0
L	0.0000	0	0.0000	0
S	0.0001	0	0.0004	0
P	0.0001	0	0.0003	0
P	0.0001	0	0.0003	0
P	0.0001	0	0.0003	0
G	0.0001	0	0.0003	0
D	0.0002	0	0.0006	0
H	0.0002	0	0.0004	0
D	0.0006	0	0.0005	0
Y	0.0001	0	0.0000	0
I	0.0001	0	0.0000	0
Y	0.0001	0	0.0000	0
N	0.0001	0	0.0000	0
L	0.0000	0	0.0000	0
D	0.0001	0	0.0000	0
E	0.0002	0	0.0001	0
S	0.0004	0	0.0001	0
E	0.0002	0	0.0000	0
G	0.0001	0	0.0000	0
V	0.0001	0	0.0000	0
C	0.0000	0	0.0000	0
D	0.0000	0	0.0000	0
L	0.0000	0	0.0000	0
F	0.0000	0	0.0000	0
D	0.0000	0	0.0000	0
V	0.0000	0	0.0000	0
P	0.0000	0	0.0000	0
V	0.0000	0	0.0000	0
L	0.0001	0	0.0000	0
N	0.0003	0	0.0001	0
L	0.0008	0	0.0002	0
</pre></body></html>