<html><head></head><body><pre style="word-wrap: break-word; white-space: pre-wrap;">&gt;Q9KVD2
Amino Acid	probability_DNA	binary_DNA	probability_RNA	binary_RNA
M	0.6343	1	0.0000	0
A	0.1146	0	0.0000	0
G	0.1834	0	0.0000	0
N	0.0532	0	0.0000	0
K	0.2279	0	0.0000	0
K	0.1472	0	0.0000	0
I	0.0469	0	0.0000	0
N	0.0340	0	0.0000	0
R	0.5007	1	0.0000	0
R	0.5610	1	0.0000	0
E	0.0038	0	0.0000	0
E	0.0011	0	0.0000	0
I	0.0003	0	0.0000	0
L	0.0001	0	0.0000	0
Q	0.0001	0	0.0000	0
A	0.0000	0	0.0000	0
L	0.0000	0	0.0000	0
A	0.0000	0	0.0000	0
E	0.0001	0	0.0000	0
M	0.0000	0	0.0000	0
L	0.0000	0	0.0000	0
E	0.0004	0	0.0000	0
S	0.0002	0	0.0000	0
N	0.0021	0	0.0000	0
E	0.0012	0	0.0000	0
G	0.0004	0	0.0000	0
A	0.0008	0	0.0000	0
S	0.0019	0	0.0000	0
R	0.0236	0	0.0000	0
I	0.0054	0	0.0000	0
T	0.4019	1	0.0000	0
T	0.6377	1	0.0000	0
A	0.0509	0	0.0000	0
K	0.0155	0	0.0000	0
L	0.0002	0	0.0000	0
A	0.0007	0	0.0000	0
K	0.0008	0	0.0000	0
Q	0.0007	0	0.0000	0
V	0.0005	0	0.0000	0
G	0.0054	0	0.0000	0
V	0.1009	0	0.0000	0
S	0.8912	1	0.0000	0
E	0.8103	1	0.0000	0
A	0.9424	1	0.0000	0
A	0.9020	1	0.0000	0
L	0.0441	0	0.0000	0
Y	0.8737	1	0.0000	0
R	0.9295	1	0.0000	0
H	0.9732	1	0.0000	0
F	0.1803	0	0.0000	0
P	0.7508	1	0.0000	0
S	0.7613	1	0.0000	0
K	0.5417	1	0.0000	0
T	0.0017	0	0.0000	0
R	0.0005	0	0.0000	0
M	0.0001	0	0.0000	0
F	0.0000	0	0.0000	0
E	0.0000	0	0.0000	0
G	0.0000	0	0.0000	0
L	0.0000	0	0.0000	0
I	0.0000	0	0.0000	0
E	0.0001	0	0.0000	0
F	0.0001	0	0.0000	0
I	0.0000	0	0.0000	0
E	0.0000	0	0.0000	0
E	0.0001	0	0.0000	0
S	0.0000	0	0.0000	0
L	0.0000	0	0.0000	0
M	0.0000	0	0.0000	0
S	0.0001	0	0.0000	0
R	0.0001	0	0.0000	0
I	0.0000	0	0.0000	0
N	0.0001	0	0.0000	0
R	0.0001	0	0.0000	0
I	0.0000	0	0.0000	0
F	0.0000	0	0.0000	0
D	0.0001	0	0.0000	0
E	0.0003	0	0.0000	0
E	0.0002	0	0.0000	0
K	0.0004	0	0.0000	0
D	0.0002	0	0.0000	0
T	0.0001	0	0.0000	0
L	0.0002	0	0.0000	0
N	0.0001	0	0.0000	0
R	0.0000	0	0.0000	0
I	0.0000	0	0.0000	0
R	0.0002	0	0.0000	0
L	0.0000	0	0.0000	0
V	0.0000	0	0.0000	0
M	0.0000	0	0.0000	0
Q	0.0003	0	0.0000	0
L	0.0000	0	0.0000	0
L	0.0000	0	0.0000	0
L	0.0000	0	0.0000	0
A	0.0001	0	0.0000	0
F	0.0001	0	0.0000	0
A	0.0000	0	0.0000	0
E	0.0001	0	0.0000	0
R	0.0009	0	0.0000	0
N	0.0007	0	0.0000	0
P	0.0002	0	0.0000	0
G	0.0001	0	0.0000	0
L	0.0001	0	0.0000	0
T	0.0001	0	0.0000	0
R	0.0003	0	0.0000	0
I	0.0000	0	0.0000	0
L	0.0001	0	0.0000	0
S	0.0002	0	0.0000	0
G	0.0002	0	0.0000	0
H	0.0002	0	0.0000	0
A	0.0001	0	0.0000	0
L	0.0002	0	0.0000	0
M	0.0002	0	0.0000	0
F	0.0006	0	0.0000	0
E	0.0011	0	0.0000	0
N	0.0055	0	0.0000	0
E	0.0022	0	0.0000	0
R	0.0047	0	0.0000	0
L	0.0004	0	0.0000	0
R	0.0098	0	0.0000	0
D	0.0006	0	0.0000	0
R	0.0002	0	0.0000	0
I	0.0001	0	0.0000	0
N	0.0002	0	0.0000	0
Q	0.0006	0	0.0000	0
L	0.0001	0	0.0000	0
F	0.0001	0	0.0000	0
E	0.0004	0	0.0000	0
R	0.0004	0	0.0000	0
I	0.0001	0	0.0000	0
E	0.0001	0	0.0000	0
T	0.0001	0	0.0000	0
S	0.0000	0	0.0000	0
L	0.0000	0	0.0000	0
R	0.0001	0	0.0000	0
Q	0.0004	0	0.0000	0
I	0.0000	0	0.0000	0
L	0.0001	0	0.0000	0
R	0.0001	0	0.0000	0
E	0.0002	0	0.0000	0
R	0.0002	0	0.0000	0
K	0.0004	0	0.0000	0
L	0.0002	0	0.0000	0
R	0.0008	0	0.0000	0
E	0.0002	0	0.0000	0
G	0.0006	0	0.0000	0
K	0.0003	0	0.0000	0
S	0.0007	0	0.0000	0
F	0.0014	0	0.0000	0
P	0.0020	0	0.0000	0
V	0.0016	0	0.0000	0
D	0.0048	0	0.0000	0
E	0.0018	0	0.0000	0
N	0.0086	0	0.0000	0
I	0.0002	0	0.0000	0
L	0.0002	0	0.0000	0
A	0.0003	0	0.0000	0
A	0.0012	0	0.0000	0
Q	0.0003	0	0.0000	0
L	0.0003	0	0.0000	0
L	0.0027	0	0.0000	0
G	0.0057	0	0.0000	0
Q	0.0029	0	0.0000	0
V	0.0007	0	0.0000	0
E	0.0294	0	0.0000	0
G	0.2049	0	0.0000	0
S	0.0051	0	0.0000	0
L	0.0016	0	0.0000	0
N	0.0051	0	0.0000	0
R	0.2438	0	0.0000	0
F	0.0111	0	0.0000	0
V	0.0055	0	0.0000	0
R	0.0016	0	0.0000	0
S	0.0007	0	0.0000	0
D	0.0031	0	0.0000	0
F	0.0012	0	0.0000	0
K	0.0113	0	0.0000	0
Y	0.0051	0	0.0000	0
L	0.0012	0	0.0000	0
P	0.0011	0	0.0000	0
T	0.0008	0	0.0000	0
A	0.0009	0	0.0000	0
N	0.0005	0	0.0000	0
F	0.0004	0	0.0000	0
D	0.0021	0	0.0000	0
E	0.0008	0	0.0000	0
Y	0.0009	0	0.0000	0
W	0.0001	0	0.0000	0
A	0.0001	0	0.0000	0
L	0.0000	0	0.0000	0
L	0.0000	0	0.0000	0
S	0.0001	0	0.0000	0
A	0.0001	0	0.0000	0
Q	0.0003	0	0.0000	0
I	0.0005	0	0.0000	0
K	0.0296	0	0.0000	0
</pre></body></html>