<html><head></head><body><pre style="word-wrap: break-word; white-space: pre-wrap;">&gt;P04995
Amino Acid	probability_DNA	binary_DNA	probability_RNA	binary_RNA
M	0.1613	0	0.0487	0
M	0.0662	0	0.0670	0
N	0.0336	0	0.0870	0
D	0.0068	0	0.0100	0
G	0.0177	0	0.0431	0
K	0.0037	0	0.0100	0
Q	0.0160	0	0.0234	0
Q	0.0476	0	0.0496	0
S	0.0382	0	0.0447	0
T	0.1622	0	0.1967	1
F	0.0076	0	0.0038	0
L	0.0015	0	0.0004	0
F	0.0213	0	0.0044	0
H	0.0060	0	0.0009	0
D	0.4017	1	0.1903	1
Y	0.1814	0	0.0373	0
E	0.6449	1	0.1173	0
T	0.4552	1	0.0557	0
F	0.1625	0	0.0152	0
G	0.0598	0	0.0064	0
T	0.3806	1	0.0959	0
H	0.2678	0	0.0594	0
P	0.0322	0	0.0031	0
A	0.0094	0	0.0006	0
L	0.0341	0	0.0046	0
D	0.0036	0	0.0010	0
R	0.0387	0	0.0077	0
P	0.0004	0	0.0001	0
A	0.0001	0	0.0000	0
Q	0.0005	0	0.0001	0
F	0.0001	0	0.0000	0
A	0.0002	0	0.0000	0
A	0.0002	0	0.0000	0
I	0.0002	0	0.0000	0
R	0.0017	0	0.0001	0
T	0.0005	0	0.0000	0
D	0.0012	0	0.0001	0
S	0.0012	0	0.0001	0
E	0.0005	0	0.0000	0
F	0.0002	0	0.0000	0
N	0.0004	0	0.0000	0
V	0.0006	0	0.0001	0
I	0.0005	0	0.0001	0
G	0.0003	0	0.0001	0
E	0.0025	0	0.0003	0
P	0.0052	0	0.0007	0
E	0.0065	0	0.0008	0
V	0.0111	0	0.0020	0
F	0.0024	0	0.0005	0
Y	0.0063	0	0.0021	0
C	0.0005	0	0.0001	0
K	0.0323	0	0.0043	0
P	0.0024	0	0.0001	0
A	0.0050	0	0.0002	0
D	0.0278	0	0.0014	0
D	0.0136	0	0.0005	0
Y	0.0080	0	0.0002	0
L	0.0025	0	0.0001	0
P	0.0146	0	0.0008	0
Q	0.0312	0	0.0014	0
P	0.0041	0	0.0003	0
G	0.0037	0	0.0002	0
A	0.0005	0	0.0000	0
V	0.0002	0	0.0000	0
L	0.0009	0	0.0000	0
I	0.0045	0	0.0001	0
T	0.0013	0	0.0000	0
G	0.0026	0	0.0000	0
I	0.0012	0	0.0000	0
T	0.0039	0	0.0000	0
P	0.0047	0	0.0000	0
Q	0.0029	0	0.0000	0
E	0.0020	0	0.0000	0
A	0.0002	0	0.0000	0
R	0.0003	0	0.0000	0
A	0.0002	0	0.0000	0
K	0.0001	0	0.0000	0
G	0.0001	0	0.0000	0
E	0.0006	0	0.0000	0
N	0.0004	0	0.0000	0
E	0.0039	0	0.0001	0
A	0.0002	0	0.0000	0
A	0.0001	0	0.0000	0
F	0.0000	0	0.0000	0
A	0.0001	0	0.0000	0
A	0.0001	0	0.0000	0
R	0.0004	0	0.0000	0
I	0.0000	0	0.0000	0
H	0.0001	0	0.0000	0
S	0.0002	0	0.0000	0
L	0.0001	0	0.0000	0
F	0.0001	0	0.0000	0
T	0.0007	0	0.0000	0
V	0.0097	0	0.0002	0
P	0.0099	0	0.0002	0
K	0.0040	0	0.0001	0
T	0.0016	0	0.0001	0
C	0.0003	0	0.0000	0
I	0.0019	0	0.0000	0
L	0.0017	0	0.0000	0
G	0.0061	0	0.0000	0
Y	0.2148	0	0.0045	0
N	0.3684	1	0.0075	0
N	0.0926	0	0.0013	0
V	0.0186	0	0.0002	0
R	0.4135	1	0.0105	0
F	0.6177	1	0.0088	0
D	0.0179	0	0.0003	0
D	0.0026	0	0.0000	0
E	0.0242	0	0.0004	0
V	0.0016	0	0.0000	0
T	0.0011	0	0.0000	0
R	0.0464	0	0.0002	0
N	0.0179	0	0.0000	0
I	0.0012	0	0.0000	0
F	0.0004	0	0.0000	0
Y	0.0045	0	0.0001	0
R	0.0286	0	0.0003	0
N	0.0018	0	0.0000	0
F	0.0005	0	0.0000	0
Y	0.0006	0	0.0000	0
D	0.0005	0	0.0000	0
P	0.0004	0	0.0000	0
Y	0.0004	0	0.0000	0
A	0.0003	0	0.0000	0
W	0.0017	0	0.0002	0
S	0.0010	0	0.0001	0
W	0.0560	0	0.0086	0
Q	0.0062	0	0.0007	0
H	0.0051	0	0.0004	0
D	0.0094	0	0.0014	0
N	0.0086	0	0.0010	0
S	0.0036	0	0.0003	0
R	0.0191	0	0.0022	0
W	0.0032	0	0.0002	0
D	0.0011	0	0.0001	0
L	0.0011	0	0.0001	0
L	0.0003	0	0.0001	0
D	0.0009	0	0.0002	0
V	0.0003	0	0.0000	0
M	0.0013	0	0.0001	0
R	0.0244	0	0.0025	0
A	0.0002	0	0.0000	0
C	0.0003	0	0.0000	0
Y	0.0659	0	0.0107	0
A	0.0003	0	0.0000	0
L	0.0001	0	0.0000	0
R	0.0021	0	0.0003	0
P	0.0002	0	0.0000	0
E	0.0002	0	0.0001	0
G	0.0006	0	0.0001	0
I	0.0002	0	0.0000	0
N	0.0003	0	0.0000	0
W	0.0023	0	0.0002	0
P	0.0007	0	0.0001	0
E	0.0015	0	0.0001	0
N	0.0006	0	0.0000	0
D	0.0016	0	0.0001	0
D	0.0023	0	0.0001	0
G	0.0063	0	0.0003	0
L	0.0444	0	0.0021	0
P	0.0263	0	0.0008	0
S	0.0591	0	0.0021	0
F	0.1357	0	0.0052	0
R	0.5018	1	0.0194	0
L	0.0384	0	0.0002	0
E	0.0644	0	0.0004	0
H	0.0653	0	0.0006	0
L	0.0001	0	0.0000	0
T	0.0008	0	0.0000	0
K	0.0011	0	0.0001	0
A	0.0003	0	0.0000	0
N	0.0003	0	0.0000	0
G	0.0004	0	0.0001	0
I	0.0010	0	0.0004	0
E	0.0012	0	0.0002	0
H	0.0085	0	0.0023	0
S	0.2388	0	0.0843	0
N	0.3299	0	0.0479	0
A	0.5467	1	0.0569	0
H	0.8476	1	0.1688	1
D	0.4150	1	0.0607	0
A	0.0149	0	0.0003	0
M	0.0063	0	0.0008	0
A	0.0177	0	0.0061	0
D	0.0262	0	0.0169	0
V	0.0002	0	0.0001	0
Y	0.0291	0	0.0259	0
A	0.0015	0	0.0006	0
T	0.0076	0	0.0048	0
I	0.0004	0	0.0001	0
A	0.0008	0	0.0004	0
M	0.0002	0	0.0000	0
A	0.0002	0	0.0000	0
K	0.0005	0	0.0001	0
L	0.0004	0	0.0000	0
V	0.0003	0	0.0000	0
K	0.1936	0	0.0184	0
T	0.0125	0	0.0005	0
R	0.0231	0	0.0008	0
Q	0.0085	0	0.0002	0
P	0.0020	0	0.0001	0
R	0.1163	0	0.0071	0
L	0.0021	0	0.0001	0
F	0.0074	0	0.0012	0
D	0.0310	0	0.0040	0
Y	0.3191	0	0.0627	0
L	0.0009	0	0.0001	0
F	0.0257	0	0.0030	0
T	0.0106	0	0.0012	0
H	0.0006	0	0.0000	0
R	0.0224	0	0.0030	0
N	0.0031	0	0.0002	0
K	0.0762	0	0.0069	0
H	0.0037	0	0.0001	0
K	0.0003	0	0.0000	0
L	0.0000	0	0.0000	0
M	0.0000	0	0.0000	0
A	0.0000	0	0.0000	0
L	0.0000	0	0.0000	0
I	0.0000	0	0.0000	0
D	0.0001	0	0.0000	0
V	0.0001	0	0.0000	0
P	0.0002	0	0.0000	0
Q	0.0001	0	0.0000	0
M	0.0001	0	0.0000	0
K	0.0003	0	0.0000	0
P	0.0003	0	0.0000	0
L	0.0004	0	0.0001	0
V	0.0001	0	0.0000	0
H	0.0013	0	0.0004	0
V	0.0004	0	0.0001	0
S	0.0046	0	0.0011	0
G	0.0124	0	0.0050	0
M	0.1966	0	0.1290	0
F	0.0098	0	0.0051	0
G	0.1044	0	0.0688	0
A	0.2282	0	0.2054	1
W	0.2327	0	0.1644	1
R	0.4721	1	0.2405	1
G	0.0340	0	0.0048	0
N	0.0045	0	0.0005	0
T	0.0007	0	0.0001	0
S	0.0067	0	0.0008	0
W	0.0009	0	0.0001	0
V	0.0014	0	0.0001	0
A	0.0005	0	0.0000	0
P	0.0003	0	0.0000	0
L	0.0003	0	0.0000	0
A	0.0011	0	0.0000	0
W	0.0460	0	0.0002	0
H	0.1968	0	0.0008	0
P	0.0076	0	0.0000	0
E	0.0121	0	0.0000	0
N	0.1614	0	0.0012	0
R	0.0393	0	0.0004	0
N	0.0136	0	0.0002	0
A	0.0006	0	0.0000	0
V	0.0006	0	0.0000	0
I	0.0003	0	0.0000	0
M	0.0002	0	0.0000	0
V	0.0005	0	0.0000	0
D	0.0034	0	0.0001	0
L	0.0006	0	0.0000	0
A	0.0091	0	0.0004	0
G	0.0021	0	0.0001	0
D	0.0027	0	0.0001	0
I	0.0009	0	0.0000	0
S	0.0014	0	0.0001	0
P	0.0005	0	0.0000	0
L	0.0003	0	0.0000	0
L	0.0011	0	0.0001	0
E	0.0006	0	0.0000	0
L	0.0004	0	0.0000	0
D	0.0002	0	0.0000	0
S	0.0002	0	0.0000	0
D	0.0003	0	0.0000	0
T	0.0001	0	0.0000	0
L	0.0001	0	0.0000	0
R	0.0002	0	0.0000	0
E	0.0006	0	0.0000	0
R	0.0011	0	0.0000	0
L	0.0004	0	0.0000	0
Y	0.0413	0	0.0005	0
T	0.0316	0	0.0002	0
A	0.0479	0	0.0002	0
K	0.0651	0	0.0003	0
T	0.0025	0	0.0000	0
D	0.0012	0	0.0000	0
L	0.0003	0	0.0000	0
G	0.0005	0	0.0000	0
D	0.0008	0	0.0000	0
N	0.0014	0	0.0000	0
A	0.0020	0	0.0000	0
A	0.0025	0	0.0000	0
V	0.0023	0	0.0000	0
P	0.0026	0	0.0000	0
V	0.0024	0	0.0000	0
K	0.1065	0	0.0001	0
L	0.5300	1	0.0004	0
V	0.0354	0	0.0000	0
H	0.5677	1	0.0004	0
I	0.0243	0	0.0000	0
N	0.1436	0	0.0002	0
K	0.3473	0	0.0004	0
C	0.0087	0	0.0000	0
P	0.0116	0	0.0000	0
V	0.0026	0	0.0000	0
L	0.0090	0	0.0000	0
A	0.0088	0	0.0000	0
Q	0.0068	0	0.0000	0
A	0.0027	0	0.0000	0
N	0.0050	0	0.0000	0
T	0.0011	0	0.0000	0
L	0.0004	0	0.0000	0
R	0.0112	0	0.0000	0
P	0.0007	0	0.0000	0
E	0.0003	0	0.0000	0
D	0.0002	0	0.0000	0
A	0.0003	0	0.0000	0
D	0.0003	0	0.0000	0
R	0.0043	0	0.0000	0
L	0.0002	0	0.0000	0
G	0.0004	0	0.0000	0
I	0.0008	0	0.0000	0
N	0.0010	0	0.0000	0
R	0.0120	0	0.0000	0
Q	0.0021	0	0.0000	0
H	0.0017	0	0.0000	0
C	0.0004	0	0.0000	0
L	0.0028	0	0.0000	0
D	0.0153	0	0.0000	0
N	0.0275	0	0.0000	0
L	0.0004	0	0.0000	0
K	0.0007	0	0.0000	0
I	0.0114	0	0.0000	0
L	0.0004	0	0.0000	0
R	0.1334	0	0.0002	0
E	0.0089	0	0.0000	0
N	0.0039	0	0.0000	0
P	0.0012	0	0.0000	0
Q	0.0012	0	0.0000	0
V	0.0002	0	0.0000	0
R	0.0011	0	0.0000	0
E	0.0011	0	0.0000	0
K	0.0007	0	0.0000	0
V	0.0002	0	0.0000	0
V	0.0002	0	0.0000	0
A	0.0001	0	0.0000	0
I	0.0000	0	0.0000	0
F	0.0001	0	0.0000	0
A	0.0002	0	0.0000	0
E	0.0008	0	0.0000	0
A	0.0011	0	0.0000	0
E	0.0016	0	0.0000	0
P	0.0011	0	0.0000	0
F	0.0049	0	0.0000	0
T	0.0016	0	0.0000	0
P	0.0021	0	0.0000	0
S	0.0037	0	0.0000	0
D	0.0029	0	0.0000	0
N	0.0040	0	0.0000	0
V	0.0008	0	0.0000	0
D	0.0036	0	0.0000	0
A	0.0028	0	0.0000	0
Q	0.0015	0	0.0000	0
L	0.0003	0	0.0000	0
Y	0.0219	0	0.0002	0
N	0.0026	0	0.0000	0
G	0.0041	0	0.0000	0
F	0.0075	0	0.0001	0
F	0.0010	0	0.0000	0
S	0.0147	0	0.0000	0
D	0.0423	0	0.0000	0
A	0.0395	0	0.0000	0
D	0.0038	0	0.0000	0
R	0.0474	0	0.0000	0
A	0.0802	0	0.0000	0
A	0.0012	0	0.0000	0
M	0.0003	0	0.0000	0
K	0.0005	0	0.0000	0
I	0.0009	0	0.0000	0
V	0.0002	0	0.0000	0
L	0.0141	0	0.0000	0
E	0.0010	0	0.0000	0
T	0.0005	0	0.0000	0
E	0.0037	0	0.0000	0
P	0.0017	0	0.0000	0
R	0.0018	0	0.0000	0
N	0.0014	0	0.0000	0
L	0.0004	0	0.0000	0
P	0.0018	0	0.0000	0
A	0.0031	0	0.0000	0
L	0.0029	0	0.0000	0
D	0.0029	0	0.0000	0
I	0.0006	0	0.0000	0
T	0.0013	0	0.0000	0
F	0.0028	0	0.0000	0
V	0.0050	0	0.0000	0
D	0.0034	0	0.0000	0
K	0.0044	0	0.0000	0
R	0.1553	0	0.0000	0
I	0.0046	0	0.0000	0
E	0.0082	0	0.0000	0
K	0.0058	0	0.0000	0
L	0.0015	0	0.0000	0
L	0.0057	0	0.0000	0
F	0.0096	0	0.0000	0
N	0.8314	1	0.0001	0
Y	0.0882	0	0.0000	0
R	0.7110	1	0.0001	0
A	0.0208	0	0.0000	0
R	0.3661	1	0.0000	0
N	0.0657	0	0.0000	0
F	0.0514	0	0.0000	0
P	0.0053	0	0.0000	0
G	0.0063	0	0.0000	0
T	0.0047	0	0.0000	0
L	0.0005	0	0.0000	0
D	0.0016	0	0.0000	0
Y	0.0022	0	0.0000	0
A	0.0010	0	0.0000	0
E	0.0007	0	0.0000	0
Q	0.0135	0	0.0000	0
Q	0.0005	0	0.0000	0
R	0.0078	0	0.0000	0
W	0.0040	0	0.0000	0
L	0.0075	0	0.0000	0
E	0.0058	0	0.0000	0
H	0.0178	0	0.0000	0
R	0.0040	0	0.0000	0
R	0.0169	0	0.0000	0
Q	0.0131	0	0.0000	0
V	0.0036	0	0.0000	0
F	0.0002	0	0.0000	0
T	0.0003	0	0.0000	0
P	0.0004	0	0.0000	0
E	0.0003	0	0.0000	0
F	0.0004	0	0.0000	0
L	0.0005	0	0.0000	0
Q	0.0007	0	0.0000	0
G	0.0002	0	0.0000	0
Y	0.0002	0	0.0000	0
A	0.0001	0	0.0000	0
D	0.0001	0	0.0000	0
E	0.0002	0	0.0000	0
L	0.0001	0	0.0000	0
Q	0.0001	0	0.0000	0
M	0.0001	0	0.0000	0
L	0.0000	0	0.0000	0
V	0.0002	0	0.0000	0
Q	0.0002	0	0.0000	0
Q	0.0002	0	0.0000	0
Y	0.0007	0	0.0000	0
A	0.0004	0	0.0000	0
D	0.0010	0	0.0000	0
D	0.0018	0	0.0000	0
K	0.0013	0	0.0000	0
E	0.0014	0	0.0000	0
K	0.0010	0	0.0000	0
V	0.0011	0	0.0000	0
A	0.0005	0	0.0000	0
L	0.0001	0	0.0000	0
L	0.0001	0	0.0000	0
K	0.0014	0	0.0000	0
A	0.0002	0	0.0000	0
L	0.0002	0	0.0000	0
W	0.0297	0	0.0001	0
Q	0.0011	0	0.0000	0
Y	0.0138	0	0.0000	0
A	0.0008	0	0.0000	0
E	0.0033	0	0.0000	0
E	0.0062	0	0.0000	0
I	0.0014	0	0.0000	0
V	0.0230	0	0.0001	0
</pre></body></html>