<html><head></head><body><pre style="word-wrap: break-word; white-space: pre-wrap;">&gt;P07272
Amino Acid	probability_DNA	binary_DNA	probability_RNA	binary_RNA
M	0.3324	0	0.0000	0
K	0.1649	0	0.0000	0
Q	0.1064	0	0.0000	0
K	0.3729	1	0.0000	0
K	0.2961	0	0.0000	0
F	0.6056	1	0.0000	0
N	0.2655	0	0.0000	0
S	0.5602	1	0.0000	0
K	0.2187	0	0.0000	0
K	0.5120	1	0.0000	0
S	0.8101	1	0.0000	0
N	0.4769	1	0.0000	0
R	0.5173	1	0.0000	0
T	0.1985	0	0.0000	0
D	0.2741	0	0.0000	0
L	0.4000	1	0.0000	0
S	0.4983	1	0.0000	0
K	0.4144	1	0.0000	0
R	0.4510	1	0.0000	0
G	0.1139	0	0.0000	0
D	0.1018	0	0.0000	0
S	0.3020	0	0.0000	0
P	0.4194	1	0.0000	0
N	0.4335	1	0.0000	0
I	0.5313	1	0.0000	0
G	0.7691	1	0.0000	0
I	0.6046	1	0.0000	0
S	0.1722	0	0.0000	0
K	0.9422	1	0.0000	0
S	0.5428	1	0.0000	0
R	0.9599	1	0.0000	0
T	0.8149	1	0.0000	0
A	0.3229	0	0.0000	0
C	0.0157	0	0.0000	0
K	0.2094	0	0.0000	0
R	0.0653	0	0.0000	0
C	0.0079	0	0.0000	0
R	0.9882	1	0.0000	0
L	0.0381	0	0.0000	0
K	0.9870	1	0.0000	0
K	0.9580	1	0.0000	0
I	0.7540	1	0.0000	0
K	0.9858	1	0.0000	0
C	0.9451	1	0.0000	0
D	0.3493	0	0.0000	0
Q	0.6839	1	0.0000	0
E	0.0054	0	0.0000	0
F	0.0389	0	0.0000	0
P	0.0052	0	0.0000	0
S	0.0017	0	0.0000	0
C	0.0067	0	0.0000	0
K	0.0182	0	0.0000	0
R	0.0138	0	0.0000	0
C	0.0007	0	0.0000	0
A	0.0112	0	0.0000	0
K	0.0215	0	0.0000	0
L	0.0042	0	0.0000	0
E	0.0030	0	0.0000	0
V	0.0038	0	0.0000	0
P	0.0017	0	0.0000	0
C	0.0007	0	0.0000	0
V	0.0046	0	0.0000	0
S	0.0419	0	0.0000	0
L	0.0093	0	0.0000	0
D	0.1731	0	0.0000	0
P	0.4747	1	0.0000	0
A	0.5838	1	0.0000	0
T	0.6393	1	0.0000	0
G	0.8013	1	0.0000	0
K	0.8534	1	0.0000	0
D	0.3100	0	0.0000	0
V	0.6363	1	0.0000	0
P	0.3173	0	0.0000	0
R	0.8782	1	0.0000	0
S	0.2762	0	0.0000	0
Y	0.6969	1	0.0000	0
V	0.0072	0	0.0000	0
F	0.0344	0	0.0000	0
F	0.0049	0	0.0000	0
L	0.0015	0	0.0000	0
E	0.0015	0	0.0000	0
D	0.0009	0	0.0000	0
R	0.0086	0	0.0000	0
L	0.0002	0	0.0000	0
A	0.0007	0	0.0000	0
V	0.0006	0	0.0000	0
M	0.0002	0	0.0000	0
M	0.0025	0	0.0000	0
R	0.0020	0	0.0000	0
V	0.0002	0	0.0000	0
L	0.0002	0	0.0000	0
K	0.0032	0	0.0000	0
E	0.0007	0	0.0000	0
Y	0.0005	0	0.0000	0
G	0.0006	0	0.0000	0
V	0.0011	0	0.0000	0
D	0.0062	0	0.0000	0
P	0.0344	0	0.0000	0
T	0.0180	0	0.0000	0
K	0.0395	0	0.0000	0
I	0.0062	0	0.0000	0
R	0.0167	0	0.0000	0
G	0.0333	0	0.0000	0
N	0.0468	0	0.0000	0
I	0.0470	0	0.0000	0
P	0.0593	0	0.0000	0
A	0.0562	0	0.0000	0
T	0.1098	0	0.0000	0
S	0.0346	0	0.0000	0
D	0.1103	0	0.0000	0
D	0.0062	0	0.0000	0
E	0.0073	0	0.0000	0
P	0.0083	0	0.0000	0
F	0.0140	0	0.0000	0
D	0.0288	0	0.0000	0
L	0.0147	0	0.0000	0
K	0.0169	0	0.0000	0
K	0.0216	0	0.0000	0
Y	0.0821	0	0.0000	0
S	0.0192	0	0.0000	0
S	0.0163	0	0.0000	0
V	0.0063	0	0.0000	0
S	0.0135	0	0.0000	0
S	0.0440	0	0.0000	0
L	0.0235	0	0.0000	0
G	0.0261	0	0.0000	0
E	0.0073	0	0.0000	0
E	0.0059	0	0.0000	0
G	0.0031	0	0.0000	0
I	0.0008	0	0.0000	0
L	0.0021	0	0.0000	0
P	0.0009	0	0.0000	0
H	0.0019	0	0.0000	0
N	0.0014	0	0.0000	0
G	0.0039	0	0.0000	0
L	0.0039	0	0.0000	0
L	0.0035	0	0.0000	0
A	0.0047	0	0.0000	0
D	0.0027	0	0.0000	0
Y	0.0034	0	0.0000	0
L	0.0021	0	0.0000	0
V	0.0035	0	0.0000	0
Q	0.0189	0	0.0000	0
K	0.0245	0	0.0000	0
G	0.0155	0	0.0000	0
N	0.0207	0	0.0000	0
S	0.0281	0	0.0000	0
M	0.0495	0	0.0000	0
A	0.0354	0	0.0000	0
S	0.2612	0	0.0000	0
S	0.0380	0	0.0000	0
A	0.0735	0	0.0000	0
I	0.0187	0	0.0000	0
T	0.0435	0	0.0000	0
S	0.0558	0	0.0000	0
K	0.0880	0	0.0000	0
S	0.0606	0	0.0000	0
M	0.0410	0	0.0000	0
A	0.0317	0	0.0000	0
S	0.0216	0	0.0000	0
P	0.0302	0	0.0000	0
Q	0.1168	0	0.0000	0
T	0.0781	0	0.0000	0
I	0.0554	0	0.0000	0
N	0.0771	0	0.0000	0
V	0.0193	0	0.0000	0
Q	0.0484	0	0.0000	0
R	0.0395	0	0.0000	0
K	0.0185	0	0.0000	0
E	0.0082	0	0.0000	0
F	0.0039	0	0.0000	0
L	0.0064	0	0.0000	0
V	0.0037	0	0.0000	0
N	0.0168	0	0.0000	0
S	0.0534	0	0.0000	0
K	0.0745	0	0.0000	0
K	0.0572	0	0.0000	0
Q	0.0282	0	0.0000	0
D	0.0064	0	0.0000	0
G	0.0039	0	0.0000	0
S	0.0031	0	0.0000	0
A	0.0042	0	0.0000	0
L	0.0023	0	0.0000	0
L	0.0012	0	0.0000	0
P	0.0015	0	0.0000	0
E	0.0020	0	0.0000	0
T	0.0026	0	0.0000	0
G	0.0026	0	0.0000	0
S	0.0038	0	0.0000	0
P	0.0033	0	0.0000	0
M	0.0036	0	0.0000	0
T	0.0022	0	0.0000	0
S	0.0022	0	0.0000	0
D	0.0027	0	0.0000	0
A	0.0017	0	0.0000	0
R	0.0015	0	0.0000	0
A	0.0021	0	0.0000	0
E	0.0011	0	0.0000	0
E	0.0010	0	0.0000	0
L	0.0011	0	0.0000	0
R	0.0036	0	0.0000	0
R	0.0045	0	0.0000	0
C	0.0022	0	0.0000	0
N	0.0019	0	0.0000	0
K	0.0042	0	0.0000	0
E	0.0018	0	0.0000	0
I	0.0025	0	0.0000	0
S	0.0019	0	0.0000	0
A	0.0018	0	0.0000	0
L	0.0008	0	0.0000	0
G	0.0010	0	0.0000	0
T	0.0021	0	0.0000	0
M	0.0018	0	0.0000	0
R	0.0057	0	0.0000	0
E	0.0047	0	0.0000	0
S	0.0112	0	0.0000	0
S	0.0228	0	0.0000	0
F	0.0229	0	0.0000	0
N	0.0264	0	0.0000	0
S	0.1595	0	0.0000	0
F	0.4250	1	0.0000	0
L	0.1374	0	0.0000	0
G	0.5224	1	0.0000	0
D	0.5231	1	0.0000	0
S	0.4524	1	0.0000	0
S	0.4449	1	0.0000	0
G	0.3555	1	0.0000	0
I	0.2722	0	0.0000	0
S	0.1661	0	0.0000	0
F	0.4634	1	0.0000	0
A	0.0040	0	0.0000	0
K	0.0609	0	0.0000	0
L	0.0074	0	0.0000	0
V	0.0012	0	0.0000	0
F	0.0034	0	0.0000	0
T	0.0050	0	0.0000	0
A	0.0016	0	0.0000	0
T	0.0013	0	0.0000	0
N	0.0171	0	0.0000	0
F	0.0064	0	0.0000	0
R	0.0677	0	0.0000	0
Q	0.0664	0	0.0000	0
D	0.0313	0	0.0000	0
S	0.0210	0	0.0000	0
G	0.0124	0	0.0000	0
D	0.0081	0	0.0000	0
D	0.0080	0	0.0000	0
V	0.0208	0	0.0000	0
L	0.0139	0	0.0000	0
D	0.0227	0	0.0000	0
E	0.0069	0	0.0000	0
D	0.0125	0	0.0000	0
I	0.0051	0	0.0000	0
K	0.0265	0	0.0000	0
Q	0.0175	0	0.0000	0
R	0.0094	0	0.0000	0
E	0.0063	0	0.0000	0
Q	0.0051	0	0.0000	0
K	0.0088	0	0.0000	0
Y	0.0266	0	0.0000	0
N	0.0137	0	0.0000	0
G	0.0192	0	0.0000	0
Y	0.0074	0	0.0000	0
A	0.0153	0	0.0000	0
E	0.0075	0	0.0000	0
A	0.0019	0	0.0000	0
E	0.0032	0	0.0000	0
N	0.0046	0	0.0000	0
N	0.0129	0	0.0000	0
P	0.0040	0	0.0000	0
H	0.0064	0	0.0000	0
F	0.0027	0	0.0000	0
D	0.0070	0	0.0000	0
P	0.0065	0	0.0000	0
L	0.0038	0	0.0000	0
E	0.0027	0	0.0000	0
L	0.0061	0	0.0000	0
P	0.0042	0	0.0000	0
P	0.0032	0	0.0000	0
R	0.0559	0	0.0000	0
H	0.0020	0	0.0000	0
A	0.0006	0	0.0000	0
A	0.0006	0	0.0000	0
E	0.0015	0	0.0000	0
V	0.0050	0	0.0000	0
M	0.0003	0	0.0000	0
I	0.0007	0	0.0000	0
S	0.0368	0	0.0000	0
R	0.0017	0	0.0000	0
F	0.0445	0	0.0000	0
F	0.0017	0	0.0000	0
V	0.0053	0	0.0000	0
D	0.0011	0	0.0000	0
T	0.0009	0	0.0000	0
N	0.0018	0	0.0000	0
S	0.0007	0	0.0000	0
Q	0.0008	0	0.0000	0
L	0.0006	0	0.0000	0
P	0.0052	0	0.0000	0
L	0.0040	0	0.0000	0
L	0.0020	0	0.0000	0
H	0.0222	0	0.0000	0
R	0.0235	0	0.0000	0
E	0.0123	0	0.0000	0
L	0.0171	0	0.0000	0
F	0.0126	0	0.0000	0
L	0.0023	0	0.0000	0
K	0.0068	0	0.0000	0
K	0.0074	0	0.0000	0
Y	0.0083	0	0.0000	0
F	0.0022	0	0.0000	0
E	0.0027	0	0.0000	0
P	0.0010	0	0.0000	0
I	0.0019	0	0.0000	0
Y	0.0012	0	0.0000	0
G	0.0017	0	0.0000	0
P	0.0012	0	0.0000	0
W	0.0028	0	0.0000	0
N	0.0008	0	0.0000	0
P	0.0012	0	0.0000	0
N	0.0008	0	0.0000	0
I	0.0005	0	0.0000	0
A	0.0005	0	0.0000	0
L	0.0011	0	0.0000	0
A	0.0011	0	0.0000	0
S	0.0013	0	0.0000	0
D	0.0009	0	0.0000	0
Q	0.0012	0	0.0000	0
T	0.0017	0	0.0000	0
G	0.0014	0	0.0000	0
I	0.0013	0	0.0000	0
N	0.0021	0	0.0000	0
S	0.0012	0	0.0000	0
A	0.0008	0	0.0000	0
F	0.0007	0	0.0000	0
E	0.0026	0	0.0000	0
I	0.0005	0	0.0000	0
P	0.0019	0	0.0000	0
I	0.0136	0	0.0000	0
T	0.0035	0	0.0000	0
S	0.0159	0	0.0000	0
A	0.0085	0	0.0000	0
F	0.0056	0	0.0000	0
S	0.0053	0	0.0000	0
A	0.0012	0	0.0000	0
H	0.0062	0	0.0000	0
T	0.0027	0	0.0000	0
E	0.0074	0	0.0000	0
P	0.0085	0	0.0000	0
K	0.0090	0	0.0000	0
R	0.0392	0	0.0000	0
E	0.0089	0	0.0000	0
N	0.0070	0	0.0000	0
V	0.0086	0	0.0000	0
T	0.0071	0	0.0000	0
E	0.0040	0	0.0000	0
K	0.0025	0	0.0000	0
I	0.0004	0	0.0000	0
D	0.0007	0	0.0000	0
V	0.0012	0	0.0000	0
C	0.0009	0	0.0000	0
S	0.0014	0	0.0000	0
S	0.0036	0	0.0000	0
V	0.0161	0	0.0000	0
D	0.0213	0	0.0000	0
V	0.0108	0	0.0000	0
P	0.0224	0	0.0000	0
W	0.0626	0	0.0000	0
Y	0.0059	0	0.0000	0
D	0.0101	0	0.0000	0
T	0.0067	0	0.0000	0
W	0.0014	0	0.0000	0
E	0.0027	0	0.0000	0
T	0.0023	0	0.0000	0
S	0.0023	0	0.0000	0
Q	0.0188	0	0.0000	0
K	0.0082	0	0.0000	0
V	0.0054	0	0.0000	0
N	0.0051	0	0.0000	0
M	0.0009	0	0.0000	0
R	0.0038	0	0.0000	0
P	0.0060	0	0.0000	0
I	0.0041	0	0.0000	0
V	0.0043	0	0.0000	0
E	0.0100	0	0.0000	0
L	0.0039	0	0.0000	0
P	0.0077	0	0.0000	0
T	0.0042	0	0.0000	0
K	0.0104	0	0.0000	0
F	0.0048	0	0.0000	0
H	0.0035	0	0.0000	0
I	0.0008	0	0.0000	0
P	0.0007	0	0.0000	0
Y	0.0006	0	0.0000	0
F	0.0001	0	0.0000	0
F	0.0011	0	0.0000	0
L	0.0003	0	0.0000	0
N	0.0006	0	0.0000	0
I	0.0002	0	0.0000	0
I	0.0005	0	0.0000	0
F	0.1204	0	0.0000	0
A	0.0074	0	0.0000	0
I	0.0519	0	0.0000	0
G	0.0031	0	0.0000	0
H	0.0073	0	0.0000	0
A	0.0176	0	0.0000	0
T	0.0605	0	0.0000	0
Q	0.0161	0	0.0000	0
V	0.0116	0	0.0000	0
L	0.0253	0	0.0000	0
K	0.0995	0	0.0000	0
S	0.0719	0	0.0000	0
D	0.0186	0	0.0000	0
I	0.0342	0	0.0000	0
T	0.0286	0	0.0000	0
T	0.0123	0	0.0000	0
V	0.0048	0	0.0000	0
A	0.0377	0	0.0000	0
T	0.0627	0	0.0000	0
Y	0.0033	0	0.0000	0
K	0.0066	0	0.0000	0
R	0.0400	0	0.0000	0
R	0.0066	0	0.0000	0
A	0.0004	0	0.0000	0
T	0.0003	0	0.0000	0
K	0.0011	0	0.0000	0
Y	0.0004	0	0.0000	0
I	0.0002	0	0.0000	0
A	0.0004	0	0.0000	0
S	0.0004	0	0.0000	0
L	0.0002	0	0.0000	0
F	0.0005	0	0.0000	0
S	0.0080	0	0.0000	0
S	0.0011	0	0.0000	0
S	0.0010	0	0.0000	0
D	0.0009	0	0.0000	0
R	0.0105	0	0.0000	0
L	0.0003	0	0.0000	0
E	0.0001	0	0.0000	0
A	0.0002	0	0.0000	0
L	0.0001	0	0.0000	0
A	0.0051	0	0.0000	0
G	0.0003	0	0.0000	0
T	0.0003	0	0.0000	0
L	0.0001	0	0.0000	0
L	0.0001	0	0.0000	0
M	0.0010	0	0.0000	0
V	0.0023	0	0.0000	0
I	0.0029	0	0.0000	0
Y	0.0059	0	0.0000	0
S	0.0007	0	0.0000	0
I	0.0012	0	0.0000	0
M	0.0009	0	0.0000	0
R	0.0084	0	0.0000	0
P	0.0032	0	0.0000	0
N	0.0523	0	0.0000	0
V	0.0152	0	0.0000	0
P	0.0157	0	0.0000	0
G	0.0186	0	0.0000	0
V	0.0007	0	0.0000	0
W	0.0019	0	0.0000	0
Y	0.0011	0	0.0000	0
T	0.0004	0	0.0000	0
M	0.0004	0	0.0000	0
G	0.0082	0	0.0000	0
S	0.0031	0	0.0000	0
V	0.0007	0	0.0000	0
L	0.0018	0	0.0000	0
R	0.2006	0	0.0000	0
L	0.0051	0	0.0000	0
T	0.0586	0	0.0000	0
V	0.5910	1	0.0000	0
D	0.0465	0	0.0000	0
L	0.0369	0	0.0000	0
G	0.3230	0	0.0000	0
L	0.0516	0	0.0000	0
H	0.2273	0	0.0000	0
S	0.3294	0	0.0000	0
E	0.1408	0	0.0000	0
K	0.2420	0	0.0000	0
I	0.1358	0	0.0000	0
N	0.1192	0	0.0000	0
K	0.0554	0	0.0000	0
N	0.0343	0	0.0000	0
Y	0.0335	0	0.0000	0
D	0.0384	0	0.0000	0
A	0.0205	0	0.0000	0
F	0.0368	0	0.0000	0
T	0.0032	0	0.0000	0
R	0.0978	0	0.0000	0
E	0.0039	0	0.0000	0
I	0.0010	0	0.0000	0
R	0.1421	0	0.0000	0
R	0.0083	0	0.0000	0
R	0.0058	0	0.0000	0
L	0.0008	0	0.0000	0
F	0.0014	0	0.0000	0
W	0.0027	0	0.0000	0
C	0.0001	0	0.0000	0
V	0.0003	0	0.0000	0
Y	0.0067	0	0.0000	0
S	0.0005	0	0.0000	0
L	0.0032	0	0.0000	0
D	0.0065	0	0.0000	0
R	0.0812	0	0.0000	0
Q	0.0082	0	0.0000	0
I	0.0018	0	0.0000	0
C	0.0013	0	0.0000	0
S	0.0005	0	0.0000	0
Y	0.0003	0	0.0000	0
F	0.0003	0	0.0000	0
G	0.0006	0	0.0000	0
R	0.0043	0	0.0000	0
P	0.0005	0	0.0000	0
F	0.0002	0	0.0000	0
G	0.0002	0	0.0000	0
I	0.0002	0	0.0000	0
P	0.0006	0	0.0000	0
E	0.0005	0	0.0000	0
E	0.0005	0	0.0000	0
S	0.0005	0	0.0000	0
I	0.0002	0	0.0000	0
T	0.0002	0	0.0000	0
T	0.0001	0	0.0000	0
R	0.0002	0	0.0000	0
Y	0.0003	0	0.0000	0
P	0.0002	0	0.0000	0
S	0.0003	0	0.0000	0
L	0.0002	0	0.0000	0
L	0.0002	0	0.0000	0
D	0.0002	0	0.0000	0
D	0.0005	0	0.0000	0
S	0.0010	0	0.0000	0
F	0.0009	0	0.0000	0
I	0.0004	0	0.0000	0
T	0.0003	0	0.0000	0
L	0.0004	0	0.0000	0
T	0.0004	0	0.0000	0
N	0.0003	0	0.0000	0
R	0.0007	0	0.0000	0
E	0.0009	0	0.0000	0
I	0.0006	0	0.0000	0
D	0.0016	0	0.0000	0
D	0.0016	0	0.0000	0
Y	0.0016	0	0.0000	0
S	0.0010	0	0.0000	0
D	0.0007	0	0.0000	0
L	0.0014	0	0.0000	0
P	0.0009	0	0.0000	0
S	0.0013	0	0.0000	0
P	0.0012	0	0.0000	0
N	0.0016	0	0.0000	0
P	0.0015	0	0.0000	0
S	0.0047	0	0.0000	0
S	0.0021	0	0.0000	0
K	0.0020	0	0.0000	0
V	0.0011	0	0.0000	0
I	0.0002	0	0.0000	0
A	0.0005	0	0.0000	0
L	0.0006	0	0.0000	0
A	0.0004	0	0.0000	0
M	0.0010	0	0.0000	0
Y	0.0005	0	0.0000	0
K	0.0321	0	0.0000	0
I	0.0004	0	0.0000	0
R	0.0005	0	0.0000	0
R	0.0006	0	0.0000	0
I	0.0001	0	0.0000	0
Q	0.0008	0	0.0000	0
A	0.0012	0	0.0000	0
S	0.0005	0	0.0000	0
I	0.0001	0	0.0000	0
V	0.0003	0	0.0000	0
R	0.0010	0	0.0000	0
I	0.0001	0	0.0000	0
L	0.0001	0	0.0000	0
Y	0.0026	0	0.0000	0
A	0.0011	0	0.0000	0
P	0.0032	0	0.0000	0
G	0.0132	0	0.0000	0
A	0.0108	0	0.0000	0
E	0.0135	0	0.0000	0
L	0.0186	0	0.0000	0
P	0.0073	0	0.0000	0
R	0.0378	0	0.0000	0
R	0.0083	0	0.0000	0
F	0.0041	0	0.0000	0
M	0.0009	0	0.0000	0
D	0.0028	0	0.0000	0
L	0.0005	0	0.0000	0
E	0.0010	0	0.0000	0
S	0.0012	0	0.0000	0
W	0.0007	0	0.0000	0
R	0.0004	0	0.0000	0
I	0.0013	0	0.0000	0
E	0.0047	0	0.0000	0
T	0.0002	0	0.0000	0
Y	0.0004	0	0.0000	0
N	0.0142	0	0.0000	0
E	0.0039	0	0.0000	0
L	0.0012	0	0.0000	0
E	0.0035	0	0.0000	0
R	0.0014	0	0.0000	0
W	0.0007	0	0.0000	0
F	0.0002	0	0.0000	0
Q	0.0002	0	0.0000	0
V	0.0002	0	0.0000	0
D	0.0002	0	0.0000	0
V	0.0004	0	0.0000	0
P	0.0013	0	0.0000	0
K	0.0023	0	0.0000	0
N	0.0033	0	0.0000	0
F	0.0080	0	0.0000	0
E	0.0103	0	0.0000	0
M	0.0097	0	0.0000	0
M	0.0056	0	0.0000	0
N	0.0020	0	0.0000	0
C	0.0016	0	0.0000	0
K	0.0078	0	0.0000	0
F	0.0035	0	0.0000	0
N	0.0108	0	0.0000	0
S	0.0019	0	0.0000	0
I	0.0004	0	0.0000	0
W	0.0012	0	0.0000	0
F	0.0001	0	0.0000	0
D	0.0029	0	0.0000	0
L	0.0005	0	0.0000	0
N	0.0010	0	0.0000	0
Y	0.0037	0	0.0000	0
H	0.0011	0	0.0000	0
Y	0.0008	0	0.0000	0
S	0.0031	0	0.0000	0
K	0.0197	0	0.0000	0
S	0.0040	0	0.0000	0
I	0.0031	0	0.0000	0
L	0.0009	0	0.0000	0
Y	0.0112	0	0.0000	0
G	0.0073	0	0.0000	0
L	0.0023	0	0.0000	0
S	0.0057	0	0.0000	0
P	0.0017	0	0.0000	0
K	0.0129	0	0.0000	0
F	0.0041	0	0.0000	0
P	0.0032	0	0.0000	0
T	0.0026	0	0.0000	0
L	0.0006	0	0.0000	0
N	0.0063	0	0.0000	0
D	0.0143	0	0.0000	0
T	0.0120	0	0.0000	0
A	0.0050	0	0.0000	0
F	0.0025	0	0.0000	0
K	0.0081	0	0.0000	0
I	0.0001	0	0.0000	0
V	0.0001	0	0.0000	0
L	0.0004	0	0.0000	0
D	0.0025	0	0.0000	0
S	0.0003	0	0.0000	0
T	0.0004	0	0.0000	0
K	0.0011	0	0.0000	0
G	0.0008	0	0.0000	0
T	0.0005	0	0.0000	0
I	0.0010	0	0.0000	0
D	0.0168	0	0.0000	0
V	0.0007	0	0.0000	0
F	0.0007	0	0.0000	0
Y	0.0076	0	0.0000	0
N	0.0039	0	0.0000	0
L	0.0005	0	0.0000	0
C	0.0020	0	0.0000	0
V	0.0258	0	0.0000	0
N	0.0164	0	0.0000	0
K	0.0237	0	0.0000	0
K	0.0109	0	0.0000	0
I	0.0021	0	0.0000	0
G	0.0057	0	0.0000	0
Y	0.0075	0	0.0000	0
T	0.0011	0	0.0000	0
W	0.0115	0	0.0000	0
V	0.0006	0	0.0000	0
A	0.0006	0	0.0000	0
V	0.0004	0	0.0000	0
H	0.0012	0	0.0000	0
N	0.0015	0	0.0000	0
M	0.0002	0	0.0000	0
F	0.0010	0	0.0000	0
M	0.0019	0	0.0000	0
T	0.0002	0	0.0000	0
G	0.0002	0	0.0000	0
M	0.0007	0	0.0000	0
T	0.0001	0	0.0000	0
Y	0.0003	0	0.0000	0
L	0.0003	0	0.0000	0
Y	0.0003	0	0.0000	0
V	0.0002	0	0.0000	0
N	0.0002	0	0.0000	0
F	0.0003	0	0.0000	0
Y	0.0004	0	0.0000	0
S	0.0006	0	0.0000	0
K	0.0080	0	0.0000	0
N	0.0089	0	0.0000	0
N	0.0013	0	0.0000	0
I	0.0018	0	0.0000	0
N	0.0046	0	0.0000	0
D	0.0029	0	0.0000	0
C	0.0019	0	0.0000	0
Q	0.0194	0	0.0000	0
E	0.0404	0	0.0000	0
K	0.0163	0	0.0000	0
V	0.0003	0	0.0000	0
S	0.0008	0	0.0000	0
E	0.0020	0	0.0000	0
Y	0.0004	0	0.0000	0
T	0.0002	0	0.0000	0
E	0.0007	0	0.0000	0
K	0.0060	0	0.0000	0
V	0.0005	0	0.0000	0
L	0.0006	0	0.0000	0
I	0.0092	0	0.0000	0
V	0.0003	0	0.0000	0
L	0.0007	0	0.0000	0
K	0.1755	0	0.0000	0
N	0.0012	0	0.0000	0
L	0.0003	0	0.0000	0
I	0.0008	0	0.0000	0
G	0.0010	0	0.0000	0
F	0.0028	0	0.0000	0
C	0.0042	0	0.0000	0
E	0.0350	0	0.0000	0
S	0.3034	0	0.0000	0
A	0.0028	0	0.0000	0
K	0.0399	0	0.0000	0
T	0.0587	0	0.0000	0
C	0.0010	0	0.0000	0
Y	0.0144	0	0.0000	0
T	0.0092	0	0.0000	0
S	0.0007	0	0.0000	0
Y	0.0003	0	0.0000	0
K	0.0102	0	0.0000	0
I	0.0014	0	0.0000	0
L	0.0005	0	0.0000	0
S	0.0099	0	0.0000	0
S	0.0232	0	0.0000	0
V	0.0010	0	0.0000	0
V	0.0004	0	0.0000	0
I	0.0007	0	0.0000	0
K	0.0107	0	0.0000	0
L	0.0015	0	0.0000	0
K	0.0071	0	0.0000	0
F	0.0075	0	0.0000	0
M	0.0073	0	0.0000	0
Q	0.0156	0	0.0000	0
I	0.1766	0	0.0000	0
N	0.2596	0	0.0000	0
D	0.2494	0	0.0000	0
A	0.1670	0	0.0000	0
K	0.2899	0	0.0000	0
G	0.4495	1	0.0000	0
I	0.1936	0	0.0000	0
F	0.1423	0	0.0000	0
S	0.1790	0	0.0000	0
D	0.2362	0	0.0000	0
S	0.1504	0	0.0000	0
N	0.1221	0	0.0000	0
P	0.1080	0	0.0000	0
L	0.2444	0	0.0000	0
T	0.2509	0	0.0000	0
S	0.2403	0	0.0000	0
Q	0.3213	0	0.0000	0
A	0.1384	0	0.0000	0
N	0.2426	0	0.0000	0
R	0.2299	0	0.0000	0
M	0.1317	0	0.0000	0
S	0.2840	0	0.0000	0
S	0.1272	0	0.0000	0
Y	0.2649	0	0.0000	0
D	0.0221	0	0.0000	0
K	0.0707	0	0.0000	0
K	0.0284	0	0.0000	0
T	0.0060	0	0.0000	0
N	0.0057	0	0.0000	0
V	0.0028	0	0.0000	0
L	0.0008	0	0.0000	0
G	0.0029	0	0.0000	0
F	0.0029	0	0.0000	0
D	0.0006	0	0.0000	0
D	0.0008	0	0.0000	0
G	0.0008	0	0.0000	0
T	0.0004	0	0.0000	0
F	0.0004	0	0.0000	0
D	0.0006	0	0.0000	0
N	0.0005	0	0.0000	0
K	0.0006	0	0.0000	0
V	0.0003	0	0.0000	0
F	0.0004	0	0.0000	0
N	0.0007	0	0.0000	0
R	0.0014	0	0.0000	0
T	0.0007	0	0.0000	0
N	0.0012	0	0.0000	0
F	0.0004	0	0.0000	0
E	0.0006	0	0.0000	0
E	0.0006	0	0.0000	0
K	0.0009	0	0.0000	0
A	0.0005	0	0.0000	0
P	0.0007	0	0.0000	0
F	0.0003	0	0.0000	0
D	0.0005	0	0.0000	0
I	0.0003	0	0.0000	0
P	0.0009	0	0.0000	0
L	0.0004	0	0.0000	0
D	0.0002	0	0.0000	0
E	0.0005	0	0.0000	0
F	0.0003	0	0.0000	0
F	0.0002	0	0.0000	0
T	0.0002	0	0.0000	0
E	0.0004	0	0.0000	0
L	0.0003	0	0.0000	0
E	0.0011	0	0.0000	0
K	0.0018	0	0.0000	0
H	0.0021	0	0.0000	0
S	0.0006	0	0.0000	0
N	0.0022	0	0.0000	0
V	0.0004	0	0.0000	0
S	0.0009	0	0.0000	0
Q	0.0012	0	0.0000	0
F	0.0003	0	0.0000	0
N	0.0002	0	0.0000	0
T	0.0002	0	0.0000	0
L	0.0001	0	0.0000	0
D	0.0002	0	0.0000	0
V	0.0002	0	0.0000	0
S	0.0003	0	0.0000	0
E	0.0002	0	0.0000	0
G	0.0003	0	0.0000	0
N	0.0007	0	0.0000	0
Q	0.0011	0	0.0000	0
V	0.0005	0	0.0000	0
I	0.0006	0	0.0000	0
N	0.0016	0	0.0000	0
E	0.0016	0	0.0000	0
S	0.0008	0	0.0000	0
A	0.0016	0	0.0000	0
S	0.0041	0	0.0000	0
T	0.0037	0	0.0000	0
N	0.0224	0	0.0000	0
T	0.0202	0	0.0000	0
S	0.0055	0	0.0000	0
S	0.0107	0	0.0000	0
A	0.0355	0	0.0000	0
L	0.0207	0	0.0000	0
N	0.0486	0	0.0000	0
C	0.0530	0	0.0000	0
Q	0.2371	0	0.0000	0
S	0.0650	0	0.0000	0
Y	0.0320	0	0.0000	0
T	0.0446	0	0.0000	0
N	0.0911	0	0.0000	0
N	0.0367	0	0.0000	0
Q	0.0077	0	0.0000	0
D	0.0201	0	0.0000	0
I	0.0011	0	0.0000	0
M	0.0002	0	0.0000	0
D	0.0010	0	0.0000	0
I	0.0001	0	0.0000	0
L	0.0003	0	0.0000	0
F	0.0002	0	0.0000	0
Q	0.0004	0	0.0000	0
V	0.0001	0	0.0000	0
T	0.0006	0	0.0000	0
S	0.0004	0	0.0000	0
G	0.0003	0	0.0000	0
S	0.0005	0	0.0000	0
V	0.0003	0	0.0000	0
W	0.0010	0	0.0000	0
D	0.0006	0	0.0000	0
E	0.0009	0	0.0000	0
F	0.0002	0	0.0000	0
F	0.0001	0	0.0000	0
V	0.0003	0	0.0000	0
R	0.0087	0	0.0000	0
S	0.0094	0	0.0000	0
G	0.0080	0	0.0000	0
N	0.0462	0	0.0000	0
G	0.0057	0	0.0000	0
N	0.0160	0	0.0000	0
E	0.0217	0	0.0000	0
G	0.0055	0	0.0000	0
E	0.0204	0	0.0000	0
S	0.0115	0	0.0000	0
S	0.0033	0	0.0000	0
Y	0.0010	0	0.0000	0
D	0.0012	0	0.0000	0
I	0.0005	0	0.0000	0
S	0.0015	0	0.0000	0
K	0.0099	0	0.0000	0
G	0.0349	0	0.0000	0
K	0.0563	0	0.0000	0
N	0.0455	0	0.0000	0
S	0.0774	0	0.0000	0
E	0.0099	0	0.0000	0
S	0.0058	0	0.0000	0
G	0.0032	0	0.0000	0
G	0.0029	0	0.0000	0
I	0.0046	0	0.0000	0
F	0.0279	0	0.0000	0
</pre></body></html>