<html><head></head><body><pre style="word-wrap: break-word; white-space: pre-wrap;">&gt;P0A7D1
Amino Acid	probability_DNA	binary_DNA	probability_RNA	binary_RNA
M	0.0148	0	0.0000	0
T	0.0018	0	0.0000	0
I	0.0004	0	0.0000	0
K	0.0030	0	0.0000	0
L	0.0002	0	0.0000	0
I	0.0009	0	0.0000	0
V	0.0015	0	0.0000	0
G	0.0068	0	0.0000	0
L	0.1509	0	0.0010	0
A	0.3103	0	0.0015	0
N	0.7019	1	0.0004	0
P	0.0311	0	0.0000	0
G	0.1225	0	0.0000	0
A	0.0884	0	0.0000	0
E	0.1212	0	0.0000	0
Y	0.1509	0	0.0000	0
A	0.0112	0	0.0000	0
A	0.0309	0	0.0000	0
T	0.0863	0	0.0000	0
R	0.2222	0	0.0000	0
H	0.5807	1	0.0000	0
N	0.2910	0	0.0000	0
A	0.0078	0	0.0000	0
G	0.0279	0	0.0000	0
A	0.0051	0	0.0000	0
W	0.0004	0	0.0000	0
F	0.0001	0	0.0000	0
V	0.0001	0	0.0000	0
D	0.0004	0	0.0000	0
L	0.0001	0	0.0000	0
L	0.0000	0	0.0000	0
A	0.0000	0	0.0000	0
E	0.0001	0	0.0000	0
R	0.0003	0	0.0000	0
L	0.0001	0	0.0000	0
R	0.0002	0	0.0000	0
A	0.0001	0	0.0000	0
P	0.0004	0	0.0000	0
L	0.0005	0	0.0000	0
R	0.0043	0	0.0000	0
E	0.0162	0	0.0000	0
E	0.0180	0	0.0000	0
A	0.1320	0	0.0000	0
K	0.1846	0	0.0000	0
F	0.0064	0	0.0000	0
F	0.0045	0	0.0000	0
G	0.0004	0	0.0000	0
Y	0.0007	0	0.0000	0
T	0.0005	0	0.0000	0
S	0.0002	0	0.0000	0
R	0.0003	0	0.0000	0
V	0.0001	0	0.0000	0
T	0.0004	0	0.0000	0
L	0.0002	0	0.0000	0
G	0.0004	0	0.0000	0
G	0.0004	0	0.0000	0
E	0.0006	0	0.0000	0
D	0.0010	0	0.0000	0
V	0.0002	0	0.0000	0
R	0.0002	0	0.0000	0
L	0.0002	0	0.0000	0
L	0.0005	0	0.0000	0
V	0.0358	0	0.0000	0
P	0.0367	0	0.0000	0
T	0.4501	1	0.0000	0
T	0.3962	1	0.0000	0
F	0.5951	1	0.0000	0
M	0.3249	0	0.0000	0
N	0.8456	1	0.0000	0
L	0.0215	0	0.0000	0
S	0.2595	0	0.0000	0
G	0.0152	0	0.0000	0
K	0.0185	0	0.0000	0
A	0.0009	0	0.0000	0
V	0.0017	0	0.0000	0
A	0.0054	0	0.0000	0
A	0.0012	0	0.0000	0
M	0.0003	0	0.0000	0
A	0.0004	0	0.0000	0
S	0.0109	0	0.0000	0
F	0.0031	0	0.0000	0
F	0.0989	0	0.0000	0
R	0.0151	0	0.0000	0
I	0.0010	0	0.0000	0
N	0.0006	0	0.0000	0
P	0.0006	0	0.0000	0
D	0.0005	0	0.0000	0
E	0.0012	0	0.0000	0
I	0.0001	0	0.0000	0
L	0.0000	0	0.0000	0
V	0.0001	0	0.0000	0
A	0.0001	0	0.0000	0
H	0.0031	0	0.0000	0
D	0.0145	0	0.0000	0
E	0.0147	0	0.0000	0
L	0.0032	0	0.0000	0
D	0.0090	0	0.0000	0
L	0.0017	0	0.0000	0
P	0.0024	0	0.0000	0
P	0.0008	0	0.0000	0
G	0.0011	0	0.0000	0
V	0.0033	0	0.0000	0
A	0.0008	0	0.0000	0
K	0.3228	0	0.0001	0
F	0.0070	0	0.0000	0
K	0.8922	1	0.0001	0
L	0.1072	0	0.0000	0
G	0.5165	1	0.0001	0
G	0.7498	1	0.0000	0
G	0.8187	1	0.0000	0
H	0.7333	1	0.0000	0
G	0.9418	1	0.0000	0
G	0.8310	1	0.0000	0
H	0.7741	1	0.0000	0
N	0.9709	1	0.0000	0
G	0.7635	1	0.0000	0
L	0.0806	0	0.0000	0
K	0.5531	1	0.0000	0
D	0.0946	0	0.0000	0
I	0.0003	0	0.0000	0
I	0.0006	0	0.0000	0
S	0.0014	0	0.0000	0
K	0.0002	0	0.0000	0
L	0.0000	0	0.0000	0
G	0.0001	0	0.0000	0
N	0.0003	0	0.0000	0
N	0.0004	0	0.0000	0
P	0.0002	0	0.0000	0
N	0.0005	0	0.0000	0
F	0.0004	0	0.0000	0
H	0.0002	0	0.0000	0
R	0.0330	0	0.0000	0
L	0.0004	0	0.0000	0
R	0.1129	0	0.0000	0
I	0.0035	0	0.0000	0
G	0.0714	0	0.0000	0
I	0.4144	1	0.0000	0
G	0.4008	1	0.0000	0
H	0.7293	1	0.0001	0
P	0.2276	0	0.0000	0
G	0.2810	0	0.0000	0
D	0.1792	0	0.0000	0
K	0.1012	0	0.0000	0
N	0.0073	0	0.0000	0
K	0.0017	0	0.0000	0
V	0.0014	0	0.0000	0
V	0.0082	0	0.0000	0
G	0.0032	0	0.0000	0
F	0.0011	0	0.0000	0
V	0.0002	0	0.0000	0
L	0.0020	0	0.0000	0
G	0.0035	0	0.0000	0
K	0.0017	0	0.0000	0
P	0.0002	0	0.0000	0
P	0.0004	0	0.0000	0
V	0.0007	0	0.0000	0
S	0.0003	0	0.0000	0
E	0.0002	0	0.0000	0
Q	0.0013	0	0.0000	0
K	0.0001	0	0.0000	0
L	0.0001	0	0.0000	0
I	0.0001	0	0.0000	0
D	0.0001	0	0.0000	0
E	0.0001	0	0.0000	0
A	0.0000	0	0.0000	0
I	0.0000	0	0.0000	0
D	0.0001	0	0.0000	0
E	0.0001	0	0.0000	0
A	0.0000	0	0.0000	0
A	0.0000	0	0.0000	0
R	0.0001	0	0.0000	0
C	0.0000	0	0.0000	0
T	0.0000	0	0.0000	0
E	0.0001	0	0.0000	0
M	0.0000	0	0.0000	0
W	0.0000	0	0.0000	0
F	0.0001	0	0.0000	0
T	0.0002	0	0.0000	0
D	0.0002	0	0.0000	0
G	0.0007	0	0.0000	0
L	0.0043	0	0.0000	0
T	0.0267	0	0.0000	0
K	0.1162	0	0.0001	0
A	0.0052	0	0.0000	0
T	0.0874	0	0.0000	0
N	0.0900	0	0.0000	0
R	0.0236	0	0.0000	0
L	0.0052	0	0.0000	0
H	0.1809	0	0.0001	0
A	0.0545	0	0.0000	0
F	0.0728	0	0.0000	0
K	0.2473	0	0.0000	0
A	0.1018	0	0.0000	0
Q	0.0741	0	0.0000	0
</pre></body></html>