<html><head></head><body><pre style="word-wrap: break-word; white-space: pre-wrap;">&gt;P02413
Amino Acid	probability_DNA	binary_DNA	probability_RNA	binary_RNA
M	0.0000	0	0.2675	1
R	0.0000	0	0.2532	1
L	0.0000	0	0.0181	0
N	0.0000	0	0.0616	0
T	0.0000	0	0.0654	0
L	0.0000	0	0.0029	0
S	0.0000	0	0.0999	0
P	0.0000	0	0.0321	0
A	0.0000	0	0.2798	1
E	0.0000	0	0.3527	1
G	0.0000	0	0.4647	1
S	0.0000	0	0.6753	1
K	0.0000	0	0.8489	1
K	0.0000	0	0.8778	1
A	0.0000	0	0.3370	1
G	0.0000	0	0.7181	1
K	0.0000	0	0.8985	1
R	0.0000	0	0.9877	1
L	0.0000	0	0.9312	1
G	0.0000	0	0.6246	1
R	0.0000	0	0.9761	1
G	0.0000	0	0.7048	1
I	0.0000	0	0.8544	1
G	0.0000	0	0.7362	1
S	0.0000	0	0.9825	1
G	0.0000	0	0.9665	1
L	0.0000	0	0.9069	1
G	0.0000	0	0.9132	1
K	0.0000	0	0.9734	1
T	0.0000	0	0.9776	1
G	0.0000	0	0.9362	1
G	0.0000	0	0.9274	1
R	0.0000	0	0.9561	1
G	0.0000	0	0.8743	1
H	0.0000	0	0.7877	1
K	0.0000	0	0.9687	1
G	0.0000	0	0.7111	1
Q	0.0000	0	0.8703	1
K	0.0000	0	0.9600	1
S	0.0000	0	0.2738	1
R	0.0000	0	0.9375	1
S	0.0000	0	0.3084	1
G	0.0000	0	0.5767	1
G	0.0000	0	0.5497	1
G	0.0000	0	0.5095	1
V	0.0000	0	0.0684	0
R	0.0000	0	0.6830	1
R	0.0000	0	0.4546	1
G	0.0000	0	0.6630	1
F	0.0000	0	0.1442	0
E	0.0000	0	0.2262	1
G	0.0000	0	0.2186	1
G	0.0000	0	0.0225	0
Q	0.0000	0	0.1154	0
M	0.0000	0	0.3655	1
P	0.0000	0	0.4397	1
L	0.0000	0	0.1321	0
Y	0.0000	0	0.4964	1
R	0.0000	0	0.5454	1
R	0.0000	0	0.9634	1
L	0.0000	0	0.1946	1
P	0.0000	0	0.5356	1
K	0.0000	0	0.9755	1
F	0.0000	0	0.2918	1
G	0.0000	0	0.7857	1
F	0.0000	0	0.9184	1
T	0.0000	0	0.8652	1
S	0.0000	0	0.8329	1
R	0.0000	0	0.7675	1
K	0.0000	0	0.5283	1
A	0.0000	0	0.6936	1
A	0.0000	0	0.5238	1
I	0.0000	0	0.1335	0
T	0.0000	0	0.0696	0
A	0.0000	0	0.0048	0
E	0.0000	0	0.0057	0
I	0.0000	0	0.0013	0
R	0.0000	0	0.4175	1
L	0.0000	0	0.0192	0
S	0.0000	0	0.1681	1
D	0.0000	0	0.2807	1
L	0.0000	0	0.0015	0
A	0.0000	0	0.0065	0
K	0.0000	0	0.0048	0
V	0.0000	0	0.0006	0
E	0.0000	0	0.0003	0
G	0.0000	0	0.0003	0
G	0.0000	0	0.0003	0
V	0.0000	0	0.0006	0
V	0.0000	0	0.0015	0
D	0.0000	0	0.0151	0
L	0.0000	0	0.0018	0
N	0.0000	0	0.0018	0
T	0.0000	0	0.0021	0
L	0.0000	0	0.0008	0
K	0.0000	0	0.0157	0
A	0.0000	0	0.0055	0
A	0.0000	0	0.0974	0
N	0.0000	0	0.1047	0
I	0.0000	0	0.0041	0
I	0.0000	0	0.0175	0
G	0.0000	0	0.2116	1
I	0.0000	0	0.1567	1
Q	0.0000	0	0.1818	1
I	0.0000	0	0.1520	1
E	0.0000	0	0.0209	0
F	0.0000	0	0.0333	0
A	0.0000	0	0.0035	0
K	0.0000	0	0.0418	0
V	0.0000	0	0.0115	0
I	0.0000	0	0.0150	0
L	0.0000	0	0.1661	1
A	0.0000	0	0.2259	1
G	0.0000	0	0.1766	1
E	0.0000	0	0.3301	1
V	0.0000	0	0.0114	0
T	0.0000	0	0.3300	1
T	0.0000	0	0.0504	0
P	0.0000	0	0.2014	1
V	0.0000	0	0.0018	0
T	0.0000	0	0.1318	0
V	0.0000	0	0.0008	0
R	0.0000	0	0.0089	0
G	0.0000	0	0.0009	0
L	0.0000	0	0.0044	0
R	0.0000	0	0.0812	0
V	0.0000	0	0.0140	0
T	0.0000	0	0.9049	1
K	0.0000	0	0.4677	1
G	0.0000	0	0.2653	1
A	0.0000	0	0.0060	0
R	0.0000	0	0.0138	0
A	0.0000	0	0.0135	0
A	0.0000	0	0.1274	0
I	0.0000	0	0.0030	0
E	0.0000	0	0.0185	0
A	0.0000	0	0.1131	0
A	0.0000	0	0.0117	0
G	0.0000	0	0.0753	0
G	0.0000	0	0.0057	0
K	0.0000	0	0.0058	0
I	0.0000	0	0.0025	0
E	0.0000	0	0.1275	0
E	0.0000	0	0.1849	1
</pre></body></html>