<html><head></head><body><pre style="word-wrap: break-word; white-space: pre-wrap;">&gt;Q32WH4
Amino Acid	probability_DNA	binary_DNA	probability_RNA	binary_RNA
M	0.1048	0	0.0000	0
L	0.3851	1	0.0000	0
I	0.1991	0	0.0000	0
R	0.0105	0	0.0000	0
R	0.1267	0	0.0000	0
L	0.0076	0	0.0000	0
K	0.6126	1	0.0000	0
D	0.0053	0	0.0000	0
A	0.0013	0	0.0000	0
R	0.5557	1	0.0000	0
L	0.0094	0	0.0000	0
R	0.0092	0	0.0000	0
A	0.0057	0	0.0000	0
G	0.0204	0	0.0000	0
I	0.0643	0	0.0000	0
S	0.8854	1	0.0000	0
Q	0.9679	1	0.0000	0
E	0.4920	1	0.0000	0
K	0.0184	0	0.0000	0
L	0.0008	0	0.0000	0
G	0.0004	0	0.0000	0
V	0.0005	0	0.0000	0
L	0.0008	0	0.0000	0
A	0.0005	0	0.0000	0
G	0.0124	0	0.0000	0
I	0.1294	0	0.0000	0
D	0.8479	1	0.0000	0
E	0.9280	1	0.0000	0
A	0.9289	1	0.0000	0
S	0.9499	1	0.0000	0
A	0.0654	0	0.0000	0
S	0.8772	1	0.0000	0
A	0.3874	1	0.0000	0
R	0.7372	1	0.0000	0
M	0.0171	0	0.0000	0
N	0.6011	1	0.0001	0
Q	0.7792	1	0.0000	0
Y	0.0720	0	0.0000	0
E	0.1346	0	0.0000	0
K	0.7663	1	0.0001	0
G	0.0427	0	0.0000	0
K	0.4391	1	0.0001	0
H	0.8786	1	0.0001	0
A	0.6954	1	0.0005	0
P	0.2936	0	0.0001	0
D	0.6755	1	0.0007	0
F	0.2684	0	0.0000	0
E	0.1185	0	0.0000	0
M	0.3485	0	0.0000	0
A	0.0012	0	0.0000	0
N	0.0015	0	0.0000	0
R	0.0011	0	0.0000	0
L	0.0002	0	0.0000	0
A	0.0001	0	0.0000	0
K	0.0001	0	0.0000	0
V	0.0001	0	0.0000	0
L	0.0001	0	0.0000	0
K	0.0004	0	0.0000	0
I	0.0003	0	0.0000	0
P	0.0006	0	0.0000	0
V	0.0006	0	0.0000	0
S	0.0010	0	0.0000	0
Y	0.0013	0	0.0000	0
L	0.0004	0	0.0000	0
Y	0.0052	0	0.0000	0
T	0.0012	0	0.0000	0
P	0.0042	0	0.0000	0
E	0.0020	0	0.0000	0
D	0.0042	0	0.0000	0
D	0.0167	0	0.0000	0
L	0.0021	0	0.0000	0
A	0.0010	0	0.0000	0
Q	0.0034	0	0.0000	0
I	0.0006	0	0.0000	0
I	0.0004	0	0.0000	0
L	0.0003	0	0.0000	0
T	0.0003	0	0.0000	0
W	0.0005	0	0.0000	0
N	0.0027	0	0.0000	0
E	0.0016	0	0.0000	0
L	0.0004	0	0.0000	0
N	0.0019	0	0.0000	0
E	0.0019	0	0.0000	0
Q	0.0014	0	0.0000	0
E	0.0006	0	0.0000	0
R	0.0016	0	0.0000	0
K	0.0019	0	0.0000	0
R	0.0015	0	0.0000	0
I	0.0002	0	0.0000	0
N	0.0006	0	0.0000	0
F	0.0009	0	0.0000	0
Y	0.0005	0	0.0000	0
I	0.0002	0	0.0000	0
R	0.0005	0	0.0000	0
K	0.0019	0	0.0000	0
K	0.0122	0	0.0000	0
A	0.0824	0	0.0000	0
K	0.4694	1	0.0000	0
</pre></body></html>