<html><head></head><body><pre style="word-wrap: break-word; white-space: pre-wrap;">&gt;P0DJ20
Amino Acid	probability_DNA	binary_DNA	probability_RNA	binary_RNA
M	0.1275	0	0.0248	0
S	0.0088	0	0.0024	0
Q	0.0073	0	0.0027	0
L	0.0002	0	0.0000	0
V	0.0004	0	0.0001	0
W	0.0001	0	0.0000	0
E	0.0001	0	0.0000	0
I	0.0001	0	0.0000	0
V	0.0000	0	0.0000	0
K	0.0013	0	0.0013	0
N	0.0033	0	0.0023	0
N	0.0051	0	0.0040	0
N	0.0088	0	0.0089	0
A	0.0015	0	0.0013	0
F	0.0019	0	0.0015	0
L	0.0003	0	0.0001	0
V	0.0007	0	0.0003	0
K	0.2593	0	0.1412	0
N	0.4091	1	0.3086	1
N	0.0403	0	0.0311	0
G	0.0218	0	0.0203	0
V	0.0035	0	0.0044	0
A	0.0541	0	0.0786	0
F	0.0256	0	0.0242	0
T	0.2073	0	0.2150	1
T	0.2599	0	0.2611	1
D	0.0993	0	0.0985	0
P	0.0194	0	0.0145	0
F	0.0030	0	0.0021	0
S	0.0288	0	0.0238	0
V	0.0098	0	0.0052	0
T	0.1695	0	0.1181	0
G	0.1460	0	0.1184	0
R	0.2572	0	0.2018	1
N	0.3240	0	0.3093	1
T	0.1492	0	0.1100	0
Q	0.0589	0	0.0176	0
V	0.3792	1	0.1062	0
G	0.3838	1	0.1226	0
L	0.0046	0	0.0008	0
G	0.0076	0	0.0005	0
F	0.0007	0	0.0000	0
T	0.0002	0	0.0000	0
H	0.3694	1	0.0566	0
R	0.1869	0	0.0129	0
H	0.0229	0	0.0006	0
G	0.0165	0	0.0006	0
V	0.0009	0	0.0000	0
A	0.0015	0	0.0001	0
L	0.0017	0	0.0001	0
K	0.1720	0	0.0160	0
G	0.0418	0	0.0010	0
G	0.2048	0	0.0041	0
A	0.0639	0	0.0006	0
K	0.1954	0	0.0016	0
Q	0.4333	1	0.0035	0
A	0.0309	0	0.0002	0
I	0.0038	0	0.0001	0
A	0.0083	0	0.0002	0
T	0.0062	0	0.0001	0
S	0.0603	0	0.0009	0
L	0.0105	0	0.0001	0
R	0.1544	0	0.0009	0
K	0.5205	1	0.0024	0
N	0.3255	0	0.0015	0
Q	0.1520	0	0.0003	0
S	0.2284	0	0.0003	0
H	0.2490	0	0.0004	0
K	0.4022	1	0.0008	0
V	0.0901	0	0.0001	0
K	0.3585	1	0.0006	0
K	0.4184	1	0.0004	0
T	0.3945	1	0.0008	0
G	0.4427	1	0.0011	0
T	0.3703	1	0.0013	0
I	0.0189	0	0.0000	0
E	0.0496	0	0.0001	0
A	0.0734	0	0.0002	0
E	0.0175	0	0.0000	0
T	0.2595	0	0.0019	0
L	0.0509	0	0.0002	0
T	0.3577	1	0.0183	0
V	0.0388	0	0.0004	0
K	0.6545	1	0.0931	0
G	0.6987	1	0.0926	0
G	0.3766	1	0.0403	0
V	0.0125	0	0.0008	0
Q	0.7358	1	0.2616	1
R	0.7147	1	0.3421	1
V	0.0029	0	0.0006	0
A	0.0191	0	0.0094	0
K	0.5165	1	0.4630	1
V	0.0362	0	0.0089	0
I	0.0002	0	0.0000	0
R	0.0072	0	0.0038	0
G	0.0233	0	0.0088	0
R	0.1078	0	0.0298	0
F	0.0037	0	0.0008	0
Q	0.3699	1	0.2950	1
S	0.6393	1	0.5165	1
K	0.4068	1	0.4083	1
G	0.0314	0	0.0457	0
L	0.0019	0	0.0031	0
K	0.3373	0	0.5065	1
Q	0.0627	0	0.1134	0
F	0.0024	0	0.0032	0
A	0.0048	0	0.0159	0
L	0.0009	0	0.0026	0
K	0.3181	0	0.4133	1
K	0.2626	0	0.6027	1
L	0.0003	0	0.0004	0
V	0.0005	0	0.0048	0
N	0.0031	0	0.1052	0
F	0.0000	0	0.0002	0
H	0.0016	0	0.0183	0
R	0.0546	0	0.4058	1
A	0.0045	0	0.0254	0
N	0.0006	0	0.0066	0
V	0.0014	0	0.0371	0
R	0.0003	0	0.0038	0
A	0.0011	0	0.0257	0
Q	0.0024	0	0.0552	0
A	0.0010	0	0.0100	0
N	0.0157	0	0.0577	0
L	0.0055	0	0.0152	0
K	0.0350	0	0.0372	0
A	0.0012	0	0.0004	0
E	0.0014	0	0.0007	0
S	0.0109	0	0.0060	0
K	0.3255	0	0.0733	0
A	0.0173	0	0.0067	0
K	0.0073	0	0.0071	0
K	0.1326	0	0.0435	0
N	0.1813	0	0.0119	0
</pre></body></html>