<html><head></head><body><pre style="word-wrap: break-word; white-space: pre-wrap;">&gt;Q61473
Amino Acid	probability_DNA	binary_DNA	probability_RNA	binary_RNA
M	0.0387	0	0.5618	1
S	0.0224	0	0.5769	1
S	0.0159	0	0.2663	1
P	0.0105	0	0.1138	0
D	0.0058	0	0.0791	0
A	0.0003	0	0.0025	0
G	0.0018	0	0.0114	0
Y	0.0027	0	0.0175	0
A	0.0003	0	0.0012	0
S	0.0009	0	0.0089	0
D	0.0002	0	0.0021	0
D	0.0004	0	0.0032	0
Q	0.0008	0	0.0026	0
S	0.0030	0	0.0069	0
Q	0.0015	0	0.0038	0
P	0.0048	0	0.0183	0
R	0.0102	0	0.0422	0
S	0.0035	0	0.0095	0
A	0.0035	0	0.0092	0
Q	0.0006	0	0.0016	0
P	0.0001	0	0.0006	0
A	0.0001	0	0.0004	0
V	0.0000	0	0.0003	0
M	0.0000	0	0.0004	0
A	0.0000	0	0.0003	0
G	0.0000	0	0.0007	0
L	0.0001	0	0.0017	0
G	0.0001	0	0.0024	0
P	0.0002	0	0.0055	0
C	0.0000	0	0.0007	0
P	0.0000	0	0.0002	0
W	0.0001	0	0.0006	0
A	0.0001	0	0.0009	0
E	0.0002	0	0.0016	0
S	0.0009	0	0.0066	0
L	0.0017	0	0.0123	0
S	0.0426	0	0.1477	0
P	0.0156	0	0.0465	0
L	0.0026	0	0.0066	0
G	0.0013	0	0.0016	0
D	0.0017	0	0.0020	0
V	0.0016	0	0.0008	0
K	0.0013	0	0.0006	0
V	0.0015	0	0.0003	0
K	0.0011	0	0.0003	0
G	0.0034	0	0.0005	0
E	0.0009	0	0.0001	0
V	0.0012	0	0.0001	0
V	0.0033	0	0.0004	0
A	0.0088	0	0.0008	0
S	0.0640	0	0.0059	0
S	0.0995	0	0.0038	0
G	0.1198	0	0.0032	0
A	0.1679	0	0.0027	0
P	0.3710	1	0.0050	0
A	0.4033	1	0.0033	0
G	0.4226	1	0.0028	0
T	0.4538	1	0.0017	0
S	0.4531	1	0.0013	0
G	0.3570	1	0.0008	0
R	0.5604	1	0.0004	0
A	0.5371	1	0.0001	0
K	0.5973	1	0.0002	0
A	0.2098	0	0.0001	0
E	0.0995	0	0.0001	0
S	0.0419	0	0.0000	0
R	0.2828	0	0.0001	0
I	0.0156	0	0.0000	0
R	0.4609	1	0.0001	0
R	0.8145	1	0.0001	0
P	0.1088	0	0.0000	0
M	0.0599	0	0.0001	0
N	0.6683	1	0.0171	0
A	0.1057	0	0.0005	0
F	0.8076	1	0.0038	0
M	0.7892	1	0.0024	0
V	0.1749	0	0.0002	0
W	0.6923	1	0.0028	0
A	0.0187	0	0.0000	0
K	0.5264	1	0.0007	0
D	0.1490	0	0.0004	0
E	0.0096	0	0.0000	0
R	0.9331	1	0.0045	0
K	0.0237	0	0.0000	0
R	0.0034	0	0.0000	0
L	0.0001	0	0.0000	0
A	0.0025	0	0.0000	0
Q	0.0003	0	0.0000	0
Q	0.0007	0	0.0000	0
N	0.0030	0	0.0000	0
P	0.0019	0	0.0000	0
D	0.0058	0	0.0000	0
L	0.0474	0	0.0000	0
H	0.5357	1	0.0008	0
N	0.6919	1	0.0001	0
A	0.3313	0	0.0001	0
E	0.0152	0	0.0000	0
L	0.0005	0	0.0000	0
S	0.4620	1	0.0006	0
K	0.4161	1	0.0002	0
M	0.0010	0	0.0000	0
L	0.0003	0	0.0000	0
G	0.0478	0	0.0000	0
K	0.0005	0	0.0000	0
S	0.0005	0	0.0000	0
W	0.0231	0	0.0000	0
K	0.0082	0	0.0000	0
A	0.0008	0	0.0000	0
L	0.0003	0	0.0000	0
T	0.0035	0	0.0000	0
L	0.0010	0	0.0000	0
A	0.0002	0	0.0000	0
E	0.0004	0	0.0000	0
K	0.1213	0	0.0000	0
R	0.0014	0	0.0000	0
P	0.0046	0	0.0000	0
F	0.3018	0	0.0006	0
V	0.0003	0	0.0000	0
E	0.0001	0	0.0000	0
E	0.0004	0	0.0000	0
A	0.0001	0	0.0000	0
E	0.0001	0	0.0000	0
R	0.0001	0	0.0000	0
L	0.0001	0	0.0000	0
R	0.0142	0	0.0000	0
V	0.0003	0	0.0000	0
Q	0.0011	0	0.0000	0
H	0.0683	0	0.0003	0
M	0.0005	0	0.0000	0
Q	0.0006	0	0.0000	0
D	0.0009	0	0.0000	0
H	0.0063	0	0.0001	0
P	0.0006	0	0.0000	0
N	0.0003	0	0.0000	0
Y	0.0034	0	0.0000	0
K	0.0016	0	0.0000	0
Y	0.0025	0	0.0000	0
R	0.0392	0	0.0000	0
P	0.0147	0	0.0000	0
R	0.2871	0	0.0001	0
R	0.2023	0	0.0001	0
R	0.4679	1	0.0001	0
K	0.5539	1	0.0000	0
Q	0.3078	0	0.0000	0
V	0.2654	0	0.0000	0
K	0.3966	1	0.0000	0
R	0.2695	0	0.0000	0
M	0.2775	0	0.0000	0
K	0.4422	1	0.0000	0
R	0.4075	1	0.0000	0
V	0.2242	0	0.0000	0
E	0.1052	0	0.0000	0
G	0.0492	0	0.0000	0
G	0.0179	0	0.0000	0
F	0.0207	0	0.0000	0
L	0.0082	0	0.0000	0
H	0.0098	0	0.0000	0
A	0.0100	0	0.0000	0
L	0.0110	0	0.0000	0
V	0.0044	0	0.0000	0
E	0.0174	0	0.0000	0
P	0.0155	0	0.0000	0
Q	0.0111	0	0.0000	0
A	0.0061	0	0.0000	0
G	0.0042	0	0.0000	0
A	0.0035	0	0.0000	0
L	0.0043	0	0.0000	0
G	0.0185	0	0.0001	0
P	0.0263	0	0.0000	0
E	0.0540	0	0.0001	0
G	0.0438	0	0.0000	0
G	0.0260	0	0.0000	0
R	0.2483	0	0.0004	0
V	0.0358	0	0.0000	0
A	0.0386	0	0.0000	0
M	0.0275	0	0.0000	0
D	0.0493	0	0.0001	0
G	0.0388	0	0.0001	0
L	0.0058	0	0.0000	0
G	0.0178	0	0.0001	0
L	0.0052	0	0.0000	0
P	0.0041	0	0.0000	0
F	0.0045	0	0.0000	0
P	0.0083	0	0.0000	0
E	0.0044	0	0.0000	0
P	0.0017	0	0.0000	0
G	0.0017	0	0.0000	0
Y	0.0023	0	0.0000	0
P	0.0009	0	0.0000	0
A	0.0004	0	0.0000	0
G	0.0003	0	0.0000	0
P	0.0003	0	0.0000	0
P	0.0004	0	0.0000	0
L	0.0004	0	0.0000	0
M	0.0002	0	0.0000	0
S	0.0003	0	0.0000	0
P	0.0002	0	0.0000	0
H	0.0004	0	0.0000	0
M	0.0002	0	0.0000	0
G	0.0011	0	0.0000	0
P	0.0070	0	0.0000	0
H	0.0047	0	0.0000	0
Y	0.0054	0	0.0000	0
R	0.0078	0	0.0000	0
D	0.0012	0	0.0000	0
C	0.0003	0	0.0000	0
Q	0.0007	0	0.0000	0
G	0.0003	0	0.0000	0
L	0.0002	0	0.0000	0
G	0.0002	0	0.0000	0
A	0.0001	0	0.0000	0
P	0.0001	0	0.0000	0
A	0.0002	0	0.0000	0
L	0.0002	0	0.0000	0
D	0.0005	0	0.0000	0
G	0.0007	0	0.0000	0
Y	0.0006	0	0.0000	0
P	0.0002	0	0.0000	0
L	0.0001	0	0.0000	0
P	0.0004	0	0.0000	0
T	0.0010	0	0.0000	0
P	0.0012	0	0.0000	0
D	0.0004	0	0.0000	0
T	0.0004	0	0.0000	0
S	0.0004	0	0.0000	0
P	0.0002	0	0.0000	0
L	0.0002	0	0.0000	0
D	0.0002	0	0.0000	0
G	0.0001	0	0.0000	0
V	0.0001	0	0.0000	0
E	0.0001	0	0.0000	0
Q	0.0001	0	0.0000	0
D	0.0001	0	0.0000	0
P	0.0001	0	0.0000	0
A	0.0001	0	0.0000	0
F	0.0001	0	0.0000	0
F	0.0001	0	0.0000	0
A	0.0001	0	0.0000	0
A	0.0002	0	0.0000	0
P	0.0003	0	0.0000	0
L	0.0001	0	0.0000	0
P	0.0001	0	0.0000	0
G	0.0001	0	0.0000	0
D	0.0002	0	0.0000	0
C	0.0001	0	0.0000	0
P	0.0001	0	0.0000	0
A	0.0001	0	0.0000	0
A	0.0001	0	0.0000	0
G	0.0002	0	0.0000	0
T	0.0002	0	0.0000	0
Y	0.0004	0	0.0000	0
T	0.0003	0	0.0000	0
Y	0.0010	0	0.0000	0
A	0.0003	0	0.0000	0
P	0.0003	0	0.0000	0
V	0.0001	0	0.0000	0
S	0.0001	0	0.0000	0
D	0.0002	0	0.0000	0
Y	0.0002	0	0.0000	0
A	0.0001	0	0.0000	0
V	0.0001	0	0.0000	0
S	0.0002	0	0.0000	0
V	0.0001	0	0.0000	0
E	0.0001	0	0.0000	0
P	0.0001	0	0.0000	0
P	0.0002	0	0.0000	0
A	0.0000	0	0.0000	0
G	0.0001	0	0.0000	0
P	0.0001	0	0.0000	0
M	0.0001	0	0.0000	0
R	0.0002	0	0.0000	0
V	0.0001	0	0.0000	0
G	0.0002	0	0.0000	0
P	0.0003	0	0.0000	0
D	0.0002	0	0.0000	0
P	0.0001	0	0.0000	0
S	0.0002	0	0.0000	0
G	0.0001	0	0.0000	0
P	0.0001	0	0.0000	0
A	0.0001	0	0.0000	0
M	0.0002	0	0.0000	0
P	0.0002	0	0.0000	0
G	0.0002	0	0.0000	0
I	0.0002	0	0.0000	0
L	0.0002	0	0.0000	0
A	0.0014	0	0.0000	0
P	0.0037	0	0.0001	0
P	0.0024	0	0.0000	0
S	0.0055	0	0.0001	0
A	0.0059	0	0.0000	0
L	0.0026	0	0.0000	0
H	0.0171	0	0.0000	0
L	0.0009	0	0.0000	0
Y	0.0057	0	0.0000	0
Y	0.0055	0	0.0000	0
G	0.0005	0	0.0000	0
A	0.0002	0	0.0000	0
M	0.0002	0	0.0000	0
G	0.0002	0	0.0000	0
S	0.0002	0	0.0000	0
P	0.0002	0	0.0000	0
A	0.0002	0	0.0000	0
A	0.0002	0	0.0000	0
S	0.0003	0	0.0000	0
A	0.0004	0	0.0000	0
G	0.0003	0	0.0000	0
R	0.0003	0	0.0000	0
G	0.0004	0	0.0000	0
F	0.0002	0	0.0000	0
H	0.0003	0	0.0000	0
A	0.0001	0	0.0000	0
Q	0.0001	0	0.0000	0
P	0.0001	0	0.0000	0
Q	0.0000	0	0.0000	0
Q	0.0000	0	0.0000	0
P	0.0000	0	0.0000	0
L	0.0000	0	0.0000	0
Q	0.0000	0	0.0000	0
P	0.0000	0	0.0000	0
Q	0.0000	0	0.0000	0
A	0.0000	0	0.0000	0
P	0.0000	0	0.0000	0
P	0.0001	0	0.0000	0
P	0.0001	0	0.0000	0
P	0.0001	0	0.0000	0
P	0.0001	0	0.0000	0
Q	0.0001	0	0.0000	0
Q	0.0002	0	0.0000	0
Q	0.0003	0	0.0000	0
H	0.0003	0	0.0000	0
P	0.0002	0	0.0000	0
A	0.0003	0	0.0000	0
H	0.0001	0	0.0000	0
G	0.0004	0	0.0000	0
P	0.0008	0	0.0000	0
G	0.0007	0	0.0000	0
Q	0.0054	0	0.0000	0
P	0.0004	0	0.0000	0
S	0.0003	0	0.0000	0
P	0.0001	0	0.0000	0
P	0.0001	0	0.0000	0
P	0.0001	0	0.0000	0
E	0.0001	0	0.0000	0
A	0.0000	0	0.0000	0
L	0.0001	0	0.0000	0
P	0.0001	0	0.0000	0
C	0.0000	0	0.0000	0
R	0.0000	0	0.0000	0
D	0.0000	0	0.0000	0
G	0.0000	0	0.0000	0
T	0.0000	0	0.0000	0
E	0.0000	0	0.0000	0
S	0.0000	0	0.0000	0
N	0.0000	0	0.0000	0
Q	0.0000	0	0.0000	0
P	0.0001	0	0.0000	0
T	0.0001	0	0.0000	0
E	0.0001	0	0.0000	0
L	0.0001	0	0.0000	0
L	0.0024	0	0.0000	0
G	0.0006	0	0.0000	0
E	0.0006	0	0.0000	0
V	0.0004	0	0.0000	0
D	0.0114	0	0.0000	0
R	0.1219	0	0.0003	0
T	0.0142	0	0.0000	0
E	0.0621	0	0.0001	0
F	0.0622	0	0.0002	0
E	0.0535	0	0.0004	0
Q	0.0469	0	0.0002	0
Y	0.0190	0	0.0002	0
L	0.0005	0	0.0000	0
P	0.0047	0	0.0000	0
F	0.0007	0	0.0000	0
V	0.0005	0	0.0000	0
Y	0.0006	0	0.0000	0
K	0.0062	0	0.0000	0
P	0.0016	0	0.0000	0
E	0.0006	0	0.0000	0
M	0.0006	0	0.0000	0
G	0.0005	0	0.0000	0
L	0.0002	0	0.0000	0
P	0.0003	0	0.0000	0
Y	0.0006	0	0.0000	0
Q	0.0005	0	0.0000	0
G	0.0002	0	0.0000	0
H	0.0001	0	0.0000	0
D	0.0001	0	0.0000	0
C	0.0001	0	0.0000	0
G	0.0001	0	0.0000	0
V	0.0001	0	0.0000	0
N	0.0001	0	0.0000	0
L	0.0001	0	0.0000	0
S	0.0000	0	0.0000	0
D	0.0000	0	0.0000	0
S	0.0001	0	0.0000	0
H	0.0002	0	0.0000	0
G	0.0001	0	0.0000	0
A	0.0000	0	0.0000	0
I	0.0000	0	0.0000	0
S	0.0001	0	0.0000	0
S	0.0002	0	0.0000	0
V	0.0000	0	0.0000	0
V	0.0000	0	0.0000	0
S	0.0001	0	0.0000	0
D	0.0001	0	0.0000	0
A	0.0001	0	0.0000	0
S	0.0007	0	0.0000	0
S	0.0022	0	0.0000	0
A	0.0002	0	0.0000	0
V	0.0001	0	0.0000	0
Y	0.0047	0	0.0001	0
Y	0.0007	0	0.0000	0
C	0.0003	0	0.0000	0
N	0.0194	0	0.0001	0
Y	0.0510	0	0.0004	0
P	0.0175	0	0.0001	0
D	0.0448	0	0.0004	0
I	0.0234	0	0.0003	0
</pre></body></html>