<html><head></head><body><pre style="word-wrap: break-word; white-space: pre-wrap;">&gt;Q9RW44
Amino Acid	probability_DNA	binary_DNA	probability_RNA	binary_RNA
M	0.0608	0	0.0401	0
Q	0.0397	0	0.0167	0
K	0.0062	0	0.0008	0
D	0.0018	0	0.0004	0
L	0.0030	0	0.0017	0
H	0.3184	0	0.1566	1
P	0.0012	0	0.0002	0
K	0.0003	0	0.0000	0
A	0.0002	0	0.0000	0
V	0.0003	0	0.0000	0
P	0.0001	0	0.0000	0
C	0.0000	0	0.0000	0
K	0.0001	0	0.0000	0
I	0.0000	0	0.0000	0
I	0.0002	0	0.0001	0
Y	0.0000	0	0.0000	0
Q	0.0006	0	0.0008	0
G	0.0001	0	0.0001	0
Q	0.0004	0	0.0004	0
V	0.0014	0	0.0011	0
V	0.0008	0	0.0006	0
M	0.0005	0	0.0004	0
E	0.0017	0	0.0012	0
T	0.0005	0	0.0004	0
M	0.0163	0	0.0113	0
S	0.0375	0	0.0179	0
T	0.0306	0	0.0097	0
R	0.0935	0	0.0482	0
P	0.0046	0	0.0012	0
E	0.0026	0	0.0013	0
I	0.0006	0	0.0003	0
H	0.0838	0	0.0458	0
V	0.0026	0	0.0005	0
D	0.2844	0	0.0590	0
V	0.0363	0	0.0051	0
W	0.0198	0	0.0058	0
S	0.3064	0	0.1533	1
G	0.2289	0	0.1717	1
V	0.0841	0	0.1280	0
H	0.3409	0	0.2937	1
P	0.2290	0	0.1029	0
F	0.0150	0	0.0099	0
W	0.0923	0	0.1642	1
T	0.2050	0	0.4006	1
G	0.1626	0	0.1308	0
E	0.2858	0	0.1597	1
E	0.3101	0	0.0947	0
R	0.5728	1	0.1119	0
F	0.0157	0	0.0011	0
L	0.0042	0	0.0007	0
D	0.0147	0	0.0042	0
T	0.2616	0	0.0990	0
E	0.1997	0	0.1013	0
G	0.1360	0	0.0580	0
R	0.6258	1	0.1628	1
V	0.0068	0	0.0006	0
D	0.0075	0	0.0028	0
K	0.4687	1	0.1264	0
F	0.0021	0	0.0006	0
N	0.0021	0	0.0017	0
K	0.0009	0	0.0006	0
R	0.0380	0	0.0286	0
F	0.0008	0	0.0002	0
G	0.0002	0	0.0001	0
D	0.0004	0	0.0001	0
S	0.0002	0	0.0000	0
Y	0.0002	0	0.0000	0
R	0.0005	0	0.0000	0
R	0.0005	0	0.0000	0
G	0.0007	0	0.0000	0
S	0.0019	0	0.0000	0
K	0.0446	0	0.0005	0
K	0.2257	0	0.0003	0
</pre></body></html>