<html><head></head><body><pre style="word-wrap: break-word; white-space: pre-wrap;">&gt;Q9XI90
Amino Acid	probability_DNA	binary_DNA	probability_RNA	binary_RNA
M	0.4313	1	0.0001	0
S	0.2437	0	0.0001	0
E	0.0510	0	0.0000	0
K	0.0671	0	0.0000	0
E	0.0060	0	0.0000	0
E	0.0017	0	0.0000	0
A	0.0008	0	0.0000	0
P	0.0007	0	0.0000	0
S	0.0043	0	0.0000	0
T	0.0013	0	0.0000	0
S	0.0010	0	0.0000	0
K	0.0095	0	0.0000	0
S	0.0142	0	0.0000	0
T	0.0115	0	0.0000	0
G	0.0118	0	0.0000	0
A	0.0027	0	0.0000	0
P	0.0090	0	0.0000	0
S	0.0438	0	0.0001	0
R	0.0640	0	0.0001	0
P	0.0095	0	0.0000	0
T	0.0942	0	0.0003	0
L	0.0082	0	0.0001	0
S	0.2688	0	0.0090	0
L	0.0179	0	0.0000	0
P	0.0076	0	0.0000	0
P	0.0037	0	0.0000	0
R	0.0528	0	0.0001	0
P	0.0028	0	0.0000	0
F	0.0017	0	0.0000	0
S	0.0041	0	0.0000	0
E	0.0019	0	0.0000	0
M	0.0015	0	0.0000	0
F	0.0004	0	0.0000	0
F	0.0012	0	0.0000	0
N	0.0037	0	0.0000	0
G	0.0008	0	0.0000	0
G	0.0016	0	0.0000	0
V	0.0004	0	0.0000	0
G	0.0007	0	0.0000	0
F	0.0005	0	0.0000	0
S	0.0017	0	0.0000	0
P	0.0020	0	0.0000	0
G	0.0016	0	0.0000	0
P	0.0004	0	0.0000	0
M	0.0005	0	0.0000	0
T	0.0014	0	0.0000	0
L	0.0003	0	0.0000	0
V	0.0003	0	0.0000	0
S	0.0009	0	0.0000	0
N	0.0004	0	0.0000	0
M	0.0006	0	0.0000	0
F	0.0003	0	0.0000	0
P	0.0004	0	0.0000	0
D	0.0001	0	0.0000	0
S	0.0001	0	0.0000	0
D	0.0001	0	0.0000	0
E	0.0001	0	0.0000	0
F	0.0002	0	0.0000	0
R	0.0010	0	0.0000	0
S	0.0007	0	0.0000	0
F	0.0006	0	0.0000	0
S	0.0070	0	0.0000	0
Q	0.0184	0	0.0001	0
L	0.0004	0	0.0000	0
L	0.0001	0	0.0000	0
A	0.0010	0	0.0000	0
G	0.0005	0	0.0000	0
A	0.0007	0	0.0000	0
M	0.0009	0	0.0000	0
S	0.0056	0	0.0000	0
S	0.0044	0	0.0000	0
P	0.0032	0	0.0000	0
A	0.0129	0	0.0000	0
T	0.0136	0	0.0000	0
A	0.0393	0	0.0001	0
A	0.0177	0	0.0000	0
A	0.0182	0	0.0000	0
A	0.0128	0	0.0000	0
A	0.0051	0	0.0000	0
A	0.0046	0	0.0000	0
A	0.0009	0	0.0000	0
A	0.0007	0	0.0000	0
T	0.0014	0	0.0000	0
A	0.0011	0	0.0000	0
S	0.0031	0	0.0000	0
D	0.0026	0	0.0000	0
Y	0.0046	0	0.0000	0
Q	0.0035	0	0.0000	0
R	0.0081	0	0.0000	0
L	0.0010	0	0.0000	0
G	0.0058	0	0.0000	0
E	0.0070	0	0.0000	0
G	0.0235	0	0.0000	0
T	0.0249	0	0.0000	0
N	0.0263	0	0.0000	0
S	0.0214	0	0.0000	0
S	0.0106	0	0.0000	0
S	0.0132	0	0.0000	0
G	0.0013	0	0.0000	0
D	0.0017	0	0.0000	0
V	0.0011	0	0.0000	0
D	0.0005	0	0.0000	0
P	0.0005	0	0.0000	0
R	0.0043	0	0.0000	0
F	0.0025	0	0.0000	0
K	0.0179	0	0.0000	0
Q	0.0107	0	0.0000	0
N	0.0006	0	0.0000	0
R	0.0009	0	0.0000	0
P	0.0005	0	0.0000	0
T	0.0005	0	0.0000	0
G	0.0004	0	0.0000	0
L	0.0001	0	0.0000	0
M	0.0003	0	0.0000	0
I	0.0002	0	0.0000	0
S	0.0003	0	0.0000	0
Q	0.0006	0	0.0000	0
S	0.0004	0	0.0000	0
Q	0.0003	0	0.0000	0
S	0.0004	0	0.0000	0
P	0.0003	0	0.0000	0
S	0.0001	0	0.0000	0
M	0.0002	0	0.0000	0
F	0.0002	0	0.0000	0
T	0.0002	0	0.0000	0
V	0.0003	0	0.0000	0
P	0.0006	0	0.0000	0
P	0.0007	0	0.0000	0
G	0.0013	0	0.0000	0
L	0.0007	0	0.0000	0
S	0.0051	0	0.0000	0
P	0.0022	0	0.0000	0
A	0.0011	0	0.0000	0
M	0.0004	0	0.0000	0
L	0.0001	0	0.0000	0
L	0.0001	0	0.0000	0
D	0.0004	0	0.0000	0
S	0.0010	0	0.0000	0
P	0.0004	0	0.0000	0
S	0.0004	0	0.0000	0
F	0.0001	0	0.0000	0
L	0.0001	0	0.0000	0
G	0.0002	0	0.0000	0
L	0.0002	0	0.0000	0
F	0.0004	0	0.0000	0
S	0.0015	0	0.0000	0
P	0.0025	0	0.0000	0
V	0.0120	0	0.0000	0
Q	0.0301	0	0.0000	0
G	0.0451	0	0.0000	0
S	0.0160	0	0.0000	0
Y	0.0058	0	0.0000	0
G	0.0033	0	0.0000	0
M	0.0025	0	0.0000	0
T	0.0185	0	0.0000	0
H	0.0571	0	0.0000	0
Q	0.0609	0	0.0000	0
Q	0.0050	0	0.0000	0
A	0.0037	0	0.0000	0
L	0.0005	0	0.0000	0
A	0.0007	0	0.0000	0
Q	0.0016	0	0.0000	0
V	0.0004	0	0.0000	0
T	0.0006	0	0.0000	0
A	0.0003	0	0.0000	0
Q	0.0004	0	0.0000	0
A	0.0004	0	0.0000	0
V	0.0003	0	0.0000	0
Q	0.0006	0	0.0000	0
A	0.0006	0	0.0000	0
N	0.0007	0	0.0000	0
A	0.0007	0	0.0000	0
N	0.0020	0	0.0000	0
M	0.0006	0	0.0000	0
Q	0.0005	0	0.0000	0
P	0.0004	0	0.0000	0
Q	0.0004	0	0.0000	0
T	0.0004	0	0.0000	0
E	0.0002	0	0.0000	0
Y	0.0002	0	0.0000	0
P	0.0001	0	0.0000	0
P	0.0001	0	0.0000	0
P	0.0005	0	0.0000	0
S	0.0005	0	0.0000	0
Q	0.0005	0	0.0000	0
V	0.0017	0	0.0000	0
Q	0.0036	0	0.0000	0
S	0.0100	0	0.0000	0
F	0.0049	0	0.0000	0
S	0.0084	0	0.0000	0
S	0.0223	0	0.0000	0
G	0.0027	0	0.0000	0
Q	0.0033	0	0.0000	0
A	0.0019	0	0.0000	0
Q	0.0030	0	0.0000	0
I	0.0015	0	0.0000	0
P	0.0020	0	0.0000	0
T	0.0054	0	0.0000	0
S	0.0032	0	0.0000	0
A	0.0026	0	0.0000	0
P	0.0046	0	0.0000	0
L	0.0026	0	0.0000	0
P	0.0070	0	0.0000	0
A	0.0075	0	0.0000	0
Q	0.0047	0	0.0000	0
R	0.0145	0	0.0000	0
E	0.0031	0	0.0000	0
T	0.0034	0	0.0000	0
S	0.0019	0	0.0000	0
D	0.0005	0	0.0000	0
V	0.0006	0	0.0000	0
T	0.0025	0	0.0000	0
I	0.0013	0	0.0000	0
I	0.0013	0	0.0000	0
E	0.0038	0	0.0000	0
H	0.0027	0	0.0000	0
R	0.0072	0	0.0000	0
S	0.0019	0	0.0000	0
Q	0.0014	0	0.0000	0
Q	0.0005	0	0.0000	0
P	0.0009	0	0.0000	0
L	0.0019	0	0.0000	0
N	0.0003	0	0.0000	0
V	0.0003	0	0.0000	0
D	0.0004	0	0.0000	0
K	0.0008	0	0.0000	0
P	0.0003	0	0.0000	0
A	0.0004	0	0.0000	0
D	0.0023	0	0.0000	0
D	0.0026	0	0.0000	0
G	0.0099	0	0.0000	0
Y	0.0062	0	0.0000	0
N	0.0078	0	0.0000	0
W	0.0189	0	0.0000	0
R	0.6334	1	0.0000	0
K	0.6913	1	0.0000	0
Y	0.3686	1	0.0000	0
G	0.4127	1	0.0000	0
Q	0.0804	0	0.0000	0
K	0.6991	1	0.0000	0
Q	0.1551	0	0.0000	0
V	0.0129	0	0.0000	0
K	0.2492	0	0.0000	0
G	0.0926	0	0.0000	0
S	0.0320	0	0.0000	0
E	0.1722	0	0.0000	0
F	0.6840	1	0.0000	0
P	0.2932	0	0.0000	0
R	0.9589	1	0.0000	0
S	0.3516	1	0.0000	0
Y	0.9344	1	0.0000	0
Y	0.1850	0	0.0000	0
K	0.9152	1	0.0000	0
C	0.0082	0	0.0000	0
T	0.0223	0	0.0000	0
N	0.0079	0	0.0000	0
P	0.0019	0	0.0000	0
G	0.0003	0	0.0000	0
C	0.0001	0	0.0000	0
P	0.0005	0	0.0000	0
V	0.0002	0	0.0000	0
K	0.0017	0	0.0000	0
K	0.0027	0	0.0000	0
K	0.0052	0	0.0000	0
V	0.0022	0	0.0000	0
E	0.3797	1	0.0000	0
R	0.4476	1	0.0000	0
S	0.0676	0	0.0000	0
L	0.0293	0	0.0000	0
D	0.0118	0	0.0000	0
G	0.0010	0	0.0000	0
Q	0.0024	0	0.0000	0
V	0.0008	0	0.0000	0
T	0.0004	0	0.0000	0
E	0.0005	0	0.0000	0
I	0.0002	0	0.0000	0
I	0.0003	0	0.0000	0
Y	0.0023	0	0.0000	0
K	0.0030	0	0.0000	0
G	0.0026	0	0.0000	0
Q	0.0342	0	0.0000	0
H	0.3903	1	0.0000	0
N	0.6111	1	0.0000	0
H	0.5820	1	0.0000	0
E	0.0883	0	0.0000	0
P	0.0274	0	0.0000	0
P	0.0135	0	0.0000	0
Q	0.0148	0	0.0000	0
N	0.0393	0	0.0000	0
T	0.0754	0	0.0000	0
K	0.1120	0	0.0000	0
R	0.2983	0	0.0000	0
G	0.0694	0	0.0000	0
N	0.0341	0	0.0000	0
K	0.0149	0	0.0000	0
D	0.0080	0	0.0000	0
N	0.0048	0	0.0000	0
T	0.0071	0	0.0000	0
A	0.0049	0	0.0000	0
N	0.0051	0	0.0000	0
I	0.0030	0	0.0000	0
N	0.0032	0	0.0000	0
G	0.0018	0	0.0000	0
S	0.0026	0	0.0000	0
S	0.0016	0	0.0000	0
I	0.0014	0	0.0000	0
N	0.0036	0	0.0000	0
N	0.0041	0	0.0000	0
N	0.0028	0	0.0000	0
R	0.0029	0	0.0000	0
G	0.0013	0	0.0000	0
S	0.0020	0	0.0000	0
S	0.0018	0	0.0000	0
E	0.0018	0	0.0000	0
L	0.0013	0	0.0000	0
G	0.0031	0	0.0000	0
A	0.0017	0	0.0000	0
S	0.0013	0	0.0000	0
Q	0.0015	0	0.0000	0
F	0.0022	0	0.0000	0
Q	0.0039	0	0.0000	0
T	0.0064	0	0.0000	0
N	0.0067	0	0.0000	0
S	0.0109	0	0.0000	0
S	0.0272	0	0.0000	0
N	0.0249	0	0.0000	0
K	0.0228	0	0.0000	0
T	0.0080	0	0.0000	0
K	0.0066	0	0.0000	0
R	0.0082	0	0.0000	0
E	0.0040	0	0.0000	0
Q	0.0050	0	0.0000	0
H	0.0027	0	0.0000	0
E	0.0014	0	0.0000	0
A	0.0008	0	0.0000	0
V	0.0006	0	0.0000	0
S	0.0011	0	0.0000	0
Q	0.0011	0	0.0000	0
A	0.0010	0	0.0000	0
T	0.0010	0	0.0000	0
T	0.0013	0	0.0000	0
T	0.0014	0	0.0000	0
E	0.0042	0	0.0000	0
H	0.0068	0	0.0000	0
L	0.0065	0	0.0000	0
S	0.0208	0	0.0000	0
E	0.0174	0	0.0000	0
A	0.0112	0	0.0000	0
S	0.0035	0	0.0000	0
D	0.0026	0	0.0000	0
G	0.0010	0	0.0000	0
E	0.0005	0	0.0000	0
E	0.0006	0	0.0000	0
V	0.0004	0	0.0000	0
G	0.0007	0	0.0000	0
N	0.0007	0	0.0000	0
G	0.0005	0	0.0000	0
E	0.0003	0	0.0000	0
T	0.0003	0	0.0000	0
D	0.0003	0	0.0000	0
V	0.0003	0	0.0000	0
R	0.0002	0	0.0000	0
E	0.0002	0	0.0000	0
K	0.0003	0	0.0000	0
D	0.0003	0	0.0000	0
E	0.0004	0	0.0000	0
N	0.0005	0	0.0000	0
E	0.0010	0	0.0000	0
P	0.0052	0	0.0000	0
D	0.0140	0	0.0000	0
P	0.1375	0	0.0000	0
K	0.4882	1	0.0000	0
R	0.1895	0	0.0000	0
R	0.7965	1	0.0000	0
S	0.6265	1	0.0000	0
T	0.3347	0	0.0000	0
E	0.0322	0	0.0000	0
V	0.0594	0	0.0000	0
R	0.0221	0	0.0000	0
I	0.0164	0	0.0000	0
S	0.0075	0	0.0000	0
E	0.0026	0	0.0000	0
P	0.0039	0	0.0000	0
A	0.0066	0	0.0000	0
P	0.0048	0	0.0000	0
A	0.0137	0	0.0000	0
A	0.0809	0	0.0000	0
S	0.0372	0	0.0000	0
H	0.0278	0	0.0000	0
R	0.1643	0	0.0000	0
T	0.0628	0	0.0000	0
V	0.0452	0	0.0000	0
T	0.0670	0	0.0000	0
E	0.0040	0	0.0000	0
P	0.0028	0	0.0000	0
R	0.1309	0	0.0000	0
I	0.0010	0	0.0000	0
I	0.0007	0	0.0000	0
V	0.0060	0	0.0000	0
Q	0.0162	0	0.0000	0
T	0.0177	0	0.0000	0
T	0.3217	0	0.0000	0
S	0.2767	0	0.0000	0
E	0.0332	0	0.0000	0
V	0.0035	0	0.0000	0
D	0.0011	0	0.0000	0
L	0.0023	0	0.0000	0
L	0.0074	0	0.0000	0
D	0.0052	0	0.0000	0
D	0.0030	0	0.0000	0
G	0.0031	0	0.0000	0
Y	0.0064	0	0.0000	0
R	0.0186	0	0.0000	0
W	0.0229	0	0.0000	0
R	0.7129	1	0.0000	0
K	0.1837	0	0.0000	0
Y	0.2663	0	0.0000	0
G	0.1003	0	0.0000	0
Q	0.0216	0	0.0000	0
K	0.2444	0	0.0000	0
V	0.0175	0	0.0000	0
V	0.0035	0	0.0000	0
K	0.0601	0	0.0000	0
G	0.0125	0	0.0000	0
N	0.0215	0	0.0000	0
P	0.0326	0	0.0000	0
Y	0.4036	1	0.0000	0
P	0.0189	0	0.0000	0
R	0.7793	1	0.0000	0
S	0.0283	0	0.0000	0
Y	0.8358	1	0.0000	0
Y	0.0535	0	0.0000	0
K	0.7277	1	0.0000	0
C	0.0028	0	0.0000	0
T	0.0258	0	0.0000	0
T	0.0085	0	0.0000	0
P	0.0005	0	0.0000	0
G	0.0003	0	0.0000	0
C	0.0001	0	0.0000	0
G	0.0006	0	0.0000	0
V	0.0003	0	0.0000	0
R	0.0144	0	0.0000	0
K	0.0094	0	0.0000	0
H	0.2874	0	0.0000	0
V	0.0040	0	0.0000	0
E	0.5019	1	0.0000	0
R	0.6453	1	0.0000	0
A	0.0658	0	0.0000	0
A	0.0086	0	0.0000	0
T	0.0016	0	0.0000	0
D	0.0006	0	0.0000	0
P	0.0011	0	0.0000	0
K	0.0018	0	0.0000	0
A	0.0004	0	0.0000	0
V	0.0004	0	0.0000	0
V	0.0007	0	0.0000	0
T	0.0069	0	0.0000	0
T	0.0105	0	0.0000	0
Y	0.0660	0	0.0000	0
E	0.0742	0	0.0000	0
G	0.1154	0	0.0000	0
K	0.8714	1	0.0000	0
H	0.8941	1	0.0000	0
N	0.9309	1	0.0000	0
H	0.7252	1	0.0000	0
D	0.1243	0	0.0000	0
L	0.0348	0	0.0000	0
P	0.0026	0	0.0000	0
A	0.0081	0	0.0000	0
A	0.0028	0	0.0000	0
K	0.0073	0	0.0000	0
S	0.0010	0	0.0000	0
S	0.0010	0	0.0000	0
S	0.0006	0	0.0000	0
H	0.0016	0	0.0000	0
A	0.0008	0	0.0000	0
A	0.0003	0	0.0000	0
A	0.0002	0	0.0000	0
A	0.0004	0	0.0000	0
A	0.0004	0	0.0000	0
Q	0.0004	0	0.0000	0
L	0.0002	0	0.0000	0
R	0.0023	0	0.0000	0
P	0.0010	0	0.0000	0
D	0.0014	0	0.0000	0
N	0.0019	0	0.0000	0
R	0.0028	0	0.0000	0
P	0.0011	0	0.0000	0
G	0.0025	0	0.0000	0
G	0.0019	0	0.0000	0
L	0.0026	0	0.0000	0
A	0.0055	0	0.0000	0
N	0.0026	0	0.0000	0
L	0.0012	0	0.0000	0
N	0.0011	0	0.0000	0
Q	0.0031	0	0.0000	0
Q	0.0023	0	0.0000	0
Q	0.0040	0	0.0000	0
Q	0.0105	0	0.0000	0
Q	0.0143	0	0.0000	0
Q	0.0052	0	0.0000	0
P	0.0032	0	0.0000	0
V	0.0020	0	0.0000	0
A	0.0008	0	0.0000	0
R	0.0032	0	0.0000	0
L	0.0003	0	0.0000	0
R	0.0026	0	0.0000	0
L	0.0005	0	0.0000	0
K	0.0144	0	0.0000	0
E	0.0013	0	0.0000	0
E	0.0011	0	0.0000	0
Q	0.0016	0	0.0000	0
T	0.0016	0	0.0000	0
T	0.0033	0	0.0000	0
</pre></body></html>