<html><head></head><body><pre style="word-wrap: break-word; white-space: pre-wrap;">&gt;Q76RF1
Amino Acid	probability_DNA	binary_DNA	probability_RNA	binary_RNA
M	0.1064	0	0.0000	0
A	0.0064	0	0.0000	0
T	0.0067	0	0.0000	0
Y	0.0200	0	0.0000	0
E	0.0011	0	0.0000	0
V	0.0002	0	0.0000	0
L	0.0001	0	0.0000	0
C	0.0003	0	0.0000	0
E	0.0001	0	0.0000	0
V	0.0000	0	0.0000	0
A	0.0001	0	0.0000	0
R	0.0001	0	0.0000	0
K	0.0002	0	0.0000	0
L	0.0001	0	0.0000	0
G	0.0003	0	0.0000	0
T	0.0020	0	0.0000	0
D	0.0035	0	0.0000	0
D	0.0033	0	0.0000	0
R	0.0038	0	0.0000	0
E	0.0014	0	0.0000	0
V	0.0007	0	0.0000	0
V	0.0004	0	0.0000	0
L	0.0216	0	0.0000	0
F	0.0008	0	0.0000	0
L	0.0001	0	0.0000	0
L	0.0002	0	0.0000	0
N	0.0029	0	0.0000	0
V	0.0024	0	0.0000	0
F	0.0009	0	0.0000	0
I	0.0017	0	0.0000	0
P	0.0086	0	0.0000	0
Q	0.0228	0	0.0000	0
P	0.0080	0	0.0000	0
T	0.0390	0	0.0000	0
L	0.0061	0	0.0000	0
A	0.0025	0	0.0000	0
Q	0.0024	0	0.0000	0
L	0.0003	0	0.0000	0
I	0.0007	0	0.0000	0
G	0.0002	0	0.0000	0
A	0.0001	0	0.0000	0
L	0.0001	0	0.0000	0
R	0.0011	0	0.0000	0
A	0.0004	0	0.0000	0
L	0.0006	0	0.0000	0
K	0.0008	0	0.0000	0
E	0.0014	0	0.0000	0
E	0.0401	0	0.0000	0
G	0.0179	0	0.0000	0
R	0.0154	0	0.0000	0
L	0.0032	0	0.0000	0
T	0.0013	0	0.0000	0
F	0.0024	0	0.0000	0
P	0.0010	0	0.0000	0
L	0.0003	0	0.0000	0
L	0.0003	0	0.0000	0
A	0.0005	0	0.0000	0
E	0.0413	0	0.0000	0
C	0.0012	0	0.0000	0
L	0.0016	0	0.0000	0
F	0.0147	0	0.0000	0
R	0.0236	0	0.0000	0
A	0.0016	0	0.0000	0
G	0.2445	0	0.0000	0
R	0.3694	1	0.0000	0
R	0.0128	0	0.0000	0
D	0.0016	0	0.0000	0
L	0.0004	0	0.0000	0
L	0.0003	0	0.0000	0
R	0.0045	0	0.0000	0
D	0.0017	0	0.0000	0
L	0.0002	0	0.0000	0
L	0.0003	0	0.0000	0
H	0.0009	0	0.0000	0
L	0.0182	0	0.0000	0
D	0.0717	0	0.0000	0
P	0.1284	0	0.0000	0
R	0.0047	0	0.0000	0
F	0.0010	0	0.0000	0
L	0.0007	0	0.0000	0
E	0.0015	0	0.0000	0
R	0.0044	0	0.0000	0
H	0.0022	0	0.0000	0
L	0.0005	0	0.0000	0
A	0.0069	0	0.0000	0
G	0.0328	0	0.0000	0
T	0.3453	0	0.0000	0
M	0.3676	1	0.0000	0
S	0.3471	0	0.0000	0
Y	0.6440	1	0.0000	0
F	0.1395	0	0.0000	0
S	0.2781	0	0.0000	0
P	0.0446	0	0.0000	0
Y	0.0167	0	0.0000	0
Q	0.0302	0	0.0000	0
L	0.0016	0	0.0000	0
T	0.0007	0	0.0000	0
V	0.0007	0	0.0000	0
L	0.0019	0	0.0000	0
H	0.0004	0	0.0000	0
V	0.0003	0	0.0000	0
D	0.0019	0	0.0000	0
G	0.0019	0	0.0000	0
E	0.0011	0	0.0000	0
L	0.0003	0	0.0000	0
C	0.0006	0	0.0000	0
A	0.0009	0	0.0000	0
R	0.0008	0	0.0000	0
D	0.0003	0	0.0000	0
I	0.0005	0	0.0000	0
R	0.0127	0	0.0000	0
S	0.0078	0	0.0000	0
L	0.0005	0	0.0000	0
I	0.0116	0	0.0000	0
F	0.0054	0	0.0000	0
L	0.0011	0	0.0000	0
S	0.0002	0	0.0000	0
K	0.0029	0	0.0000	0
D	0.0035	0	0.0000	0
T	0.0045	0	0.0000	0
I	0.1852	0	0.0000	0
G	0.0235	0	0.0000	0
S	0.1497	0	0.0000	0
R	0.1332	0	0.0000	0
S	0.2092	0	0.0000	0
T	0.0538	0	0.0000	0
P	0.0095	0	0.0000	0
Q	0.0193	0	0.0000	0
T	0.0072	0	0.0000	0
F	0.0274	0	0.0000	0
L	0.0025	0	0.0000	0
H	0.0377	0	0.0000	0
W	0.0017	0	0.0000	0
V	0.0007	0	0.0000	0
Y	0.0015	0	0.0000	0
C	0.0011	0	0.0000	0
M	0.0008	0	0.0000	0
E	0.0058	0	0.0000	0
N	0.0038	0	0.0000	0
L	0.0010	0	0.0000	0
D	0.0006	0	0.0000	0
L	0.0006	0	0.0000	0
L	0.0003	0	0.0000	0
G	0.0008	0	0.0000	0
P	0.0027	0	0.0000	0
T	0.0646	0	0.0000	0
D	0.1275	0	0.0000	0
V	0.0048	0	0.0000	0
D	0.0027	0	0.0000	0
A	0.0009	0	0.0000	0
L	0.0004	0	0.0000	0
M	0.0004	0	0.0000	0
S	0.0002	0	0.0000	0
M	0.0001	0	0.0000	0
L	0.0001	0	0.0000	0
R	0.0044	0	0.0000	0
S	0.0038	0	0.0000	0
L	0.0003	0	0.0000	0
S	0.0023	0	0.0000	0
R	0.0088	0	0.0000	0
V	0.0014	0	0.0000	0
D	0.0022	0	0.0000	0
L	0.0004	0	0.0000	0
Q	0.0009	0	0.0000	0
R	0.0045	0	0.0000	0
Q	0.0028	0	0.0000	0
V	0.0002	0	0.0000	0
Q	0.0006	0	0.0000	0
T	0.0003	0	0.0000	0
L	0.0006	0	0.0000	0
M	0.0003	0	0.0000	0
G	0.0004	0	0.0000	0
L	0.0006	0	0.0000	0
H	0.0024	0	0.0000	0
L	0.0032	0	0.0000	0
S	0.0396	0	0.0000	0
G	0.1449	0	0.0000	0
P	0.3078	0	0.0000	0
S	0.3593	1	0.0000	0
H	0.5063	1	0.0000	0
S	0.3937	1	0.0000	0
Q	0.5308	1	0.0000	0
H	0.5536	1	0.0000	0
Y	0.4953	1	0.0000	0
R	0.4158	1	0.0000	0
H	0.1557	0	0.0000	0
T	0.1114	0	0.0000	0
P	0.0597	0	0.0000	0
</pre></body></html>